70_EGNOS_Project/core/files/PositionComparisonInputFiles/bute0190/y2019_d019_136ems_ionex_Europe_1x1_IGPMap_All_with_fixedIntervals_3600.19i
     1.0            IONOSPHERE MAPS     GPS                 IONEX VERSION / TYPE
GINA 1.0            GINA Project        08-04-2019 17:56:55 PGM / RUN BY / DATE 
TEC values in 10e-1 [TEC] 9999, if no value available       COMMENT             
Infrastructure: Robert Bosch Kft., Budapest                 DESCRIPTION         
Creator: Balazs Lupsic                                      DESCRIPTION         
Contact adress: balazs.lupsic@hu.bosch.com                  DESCRIPTION         
Contact adress: balazs.lupsic@gmail.com                     DESCRIPTION         
  2019     1    18    23    59    59                        EPOCH OF FIRST MAP  
  2019     1    19    23     0     0                        EPOCH OF LAST MAP   
  3600                                                      INTERVAL            
    24                                                      # OF MAPS IN FILE   
   TBD                                                      MAPPING FUNCTION    
     0.0                                                    ELEVATION CUTOFF    
TEC is obtained from EGNOS                                  OBSERVABLES USED    
  6371.4                                                    BASE RADIUS         
     2                                                      MAP DIMENSION       
   350.0 350.0   0.0                                        HGT1 / HGT2 / DHGT  
    90.0  10.0  -1.0                                        LAT1 / LAT2 / DLAT  
   -60.0  60.0   1.0                                        LON1 / LON2 / DLON  
    -1                                                      EXPONENT            
                                                            END OF HEADER       
[from data line 2928]
     2                                                      START OF TEC MAP    
  2019     1    19     2     0     0                        EPOCH OF CURRENT MAP
    90.0 -60.0  60.0   1.0 350.0                            LAT/LON1/LON2/DLON/H
 9999 9999 9999 9999 9999 9999 9999 9999 9999 9999 9999 9999 9999 9999 9999 9999
 9999 9999 9999 9999 9999 9999 9999 9999 9999 9999 9999 9999 9999 9999 9999 9999
 9999 9999 9999 9999 9999 9999 9999 9999 9999 9999 9999 9999 9999 9999 9999 9999
 9999 9999 9999 9999 9999 9999 9999 9999 9999 9999 9999 9999 9999 9999 9999 9999
 9999 9999 9999 9999 9999 9999 9999 9999 9999 9999 9999 9999 9999 9999 9999 9999
 9999 9999 9999 9999 9999 9999 9999 9999 9999 9999 9999 9999 9999 9999 9999 9999
 9999 9999 9999 9999 9999 9999 9999 9999 9999 9999 9999 9999 9999 9999 9999 9999
 9999 9999 9999 9999 9999 9999 9999 9999 9999                                   
    89.0 -60.0  60.0   1.0 350.0                            LAT/LON1/LON2/DLON/H
 9999 9999 9999 9999 9999 9999 9999 9999 9999 9999 9999 9999 9999 9999 9999 9999
 9999 9999 9999 9999 9999 9999 9999 9999 9999 9999 9999 9999 9999 9999 9999 9999
 9999 9999 9999 9999 9999 9999 9999 9999 9999 9999 9999 9999 9999 9999 9999 9999
 9999 9999 9999 9999 9999 9999 9999 9999 9999 9999 9999 9999 9999 9999 9999 9999
 9999 9999 9999 9999 9999 9999 9999 9999 9999 9999 9999 9999 9999 9999 9999 9999
 9999 9999 9999 9999 9999 9999 9999 9999 9999 9999 9999 9999 9999 9999 9999 9999
 9999 9999 9999 9999 9999 9999 9999 9999 9999 9999 9999 9999 9999 9999 9999 9999
 9999 9999 9999 9999 9999 9999 9999 9999 9999                                   
    88.0 -60.0  60.0   1.0 350.0                            LAT/LON1/LON2/DLON/H
 9999 9999 9999 9999 9999 9999 9999 9999 9999 9999 9999 9999 9999 9999 9999 9999
 9999 9999 9999 9999 9999 9999 9999 9999 9999 9999 9999 9999 9999 9999 9999 9999
 9999 9999 9999 9999 9999 9999 9999 9999 9999 9999 9999 9999 9999 9999 9999 9999
 9999 9999 9999 9999 9999 9999 9999 9999 9999 9999 9999 9999 9999 9999 9999 9999
 9999 9999 9999 9999 9999 9999 9999 9999 9999 9999 9999 9999 9999 9999 9999 9999
 9999 9999 9999 9999 9999 9999 9999 9999 9999 9999 9999 9999 9999 9999 9999 9999
 9999 9999 9999 9999 9999 9999 9999 9999 9999 9999 9999 9999 9999 9999 9999 9999
 9999 9999 9999 9999 9999 9999 9999 9999 9999                                   
    87.0 -60.0  60.0   1.0 350.0                            LAT/LON1/LON2/DLON/H
 9999 9999 9999 9999 9999 9999 9999 9999 9999 9999 9999 9999 9999 9999 9999 9999
 9999 9999 9999 9999 9999 9999 9999 9999 9999 9999 9999 9999 9999 9999 9999 9999
 9999 9999 9999 9999 9999 9999 9999 9999 9999 9999 9999 9999 9999 9999 9999 9999
 9999 9999 9999 9999 9999 9999 9999 9999 9999 9999 9999 9999 9999 9999 9999 9999
 9999 9999 9999 9999 9999 9999 9999 9999 9999 9999 9999 9999 9999 9999 9999 9999
 9999 9999 9999 9999 9999 9999 9999 9999 9999 9999 9999 9999 9999 9999 9999 9999
 9999 9999 9999 9999 9999 9999 9999 9999 9999 9999 9999 9999 9999 9999 9999 9999
 9999 9999 9999 9999 9999 9999 9999 9999 9999                                   
    86.0 -60.0  60.0   1.0 350.0                            LAT/LON1/LON2/DLON/H
 9999 9999 9999 9999 9999 9999 9999 9999 9999 9999 9999 9999 9999 9999 9999 9999
 9999 9999 9999 9999 9999 9999 9999 9999 9999 9999 9999 9999 9999 9999 9999 9999
 9999 9999 9999 9999 9999 9999 9999 9999 9999 9999 9999 9999 9999 9999 9999 9999
 9999 9999 9999 9999 9999 9999 9999 9999 9999 9999 9999 9999 9999 9999 9999 9999
 9999 9999 9999 9999 9999 9999 9999 9999 9999 9999 9999 9999 9999 9999 9999 9999
 9999 9999 9999 9999 9999 9999 9999 9999 9999 9999 9999 9999 9999 9999 9999 9999
 9999 9999 9999 9999 9999 9999 9999 9999 9999 9999 9999 9999 9999 9999 9999 9999
 9999 9999 9999 9999 9999 9999 9999 9999 9999                                   
    85.0 -60.0  60.0   1.0 350.0                            LAT/LON1/LON2/DLON/H
   54   54   53   53   53   53   52   52   52   52   51   51   51   51   50   50
   50   50   49   49   49   48   48   48   48   47   47   47   47   46   46   46
   45   45   44   44   43   43   42   42   41   41   40   40   39   38   38   37
   37   36   36   35   35   34   34   33   33   32   32   31   31   31   30   30
   30   30   29   29   29   28   28   28   28   27   27   27   27   26   26   26
   26   25   25   25   25   24   24   24   24   23   23   23   23   23   23   23
   23   23   23   23   23   23   23   23   23   23   23   23   23   23   23   23
   23   23   23   23   23   23   23   23   23                                   
    84.0 -60.0  60.0   1.0 350.0                            LAT/LON1/LON2/DLON/H
 9999   51   51   50   50   50   50   49   49   49   48   48   48   48   48   47
   47   47   47   46   46   46   46   45   45   45   45   45   44   44   44   43
   43   42   42   42   41   41   40   40   39   39   38   38   37   37   36   36
   36   35   35   34   34   33   33   32   32   31   31   30   30   30   30   29
   29   29   29   28   28   28   28   27   27   27   27   27   26   26   26   26
   25   25   25   25   24   24   24   24   24   23   23   23   23   23   23   23
   23   23   23   23   23   23   23   23   23   23   23   23   23   23   23   23
   23   23   23   23   23   23   23   23   23                                   
    83.0 -60.0  60.0   1.0 350.0                            LAT/LON1/LON2/DLON/H
 9999 9999   48   47   47   47   47   46   46   46   46   45   45   45   45   45
   44   44   44   44   44   43   43   43   43   43   42   42   42   42   42   41
   41   40   40   40   39   39   38   38   37   37   37   36   36   35   35   35
   34   34   33   33   33   32   32   31   31   30   30   30   29   29   29   29
   28   28   28   28   28   27   27   27   27   27   26   26   26   26   26   25
   25   25   25   25   24   24   24   24   24   23   23   23   23   23   23   23
   23   23   23   23   23   23   23   23   23   23   23   23   23   23   23   23
   23   23   23   23   23   23   23   23   23                                   
    82.0 -60.0  60.0   1.0 350.0                            LAT/LON1/LON2/DLON/H
 9999 9999 9999   45   44   44   44   44   43   43   43   43   42   42   42   42
   42   42   41   41   41   41   41   41   40   40   40   40   40   39   39   39
   39   38   38   37   37   37   36   36   36   35   35   35   34   34   34   33
   33   32   32   32   31   31   31   30   30   30   29   29   28   28   28   28
   28   28   27   27   27   27   27   27   26   26   26   26   26   25   25   25
   25   25   25   24   24   24   24   24   23   23   23   23   23   23   23   23
   23   23   23   23   23   23   23   23   23   23   23   23   23   23   23   23
   23   23   23   23   23   23   23   23   23                                   
    81.0 -60.0  60.0   1.0 350.0                            LAT/LON1/LON2/DLON/H
 9999 9999 9999 9999   42   41   41   41   41   40   40   40   40   40   39   39
   39   39   39   39   38   38   38   38   38   38   38   37   37   37   37   37
   36   36   36   35   35   35   34   34   34   34   33   33   33   32   32   32
   31   31   31   30   30   30   30   29   29   29   28   28   28   28   27   27
   27   27   27   27   26   26   26   26   26   26   26   25   25   25   25   25
   25   24   24   24   24   24   24   24   23   23   23   23   23   23   23   23
   23   23   23   23   23   23   23   23   23   23   23   23   23   23   23   23
   23   23   23   23   23   23   23   23   23                                   
    80.0 -60.0  60.0   1.0 350.0                            LAT/LON1/LON2/DLON/H
 9999 9999 9999 9999 9999   38   38   38   38   37   37   37   37   37   37   37
   36   36   36   36   36   36   36   36   35   35   35   35   35   35   35   34
   34   34   34   33   33   33   33   32   32   32   32   31   31   31   31   30
   30   30   30   29   29   29   28   28   28   28   27   27   27   27   27   27
   26   26   26   26   26   26   26   26   25   25   25   25   25   25   25   25
   24   24   24   24   24   24   24   23   23   23   23   23   23   23   23   23
   23   23   23   23   23   23   23   23   23   23   23   23   23   23   23   23
   23   23   23   23   23   23   23   23   23                                   
    79.0 -60.0  60.0   1.0 350.0                            LAT/LON1/LON2/DLON/H
 9999 9999 9999 9999 9999 9999   35   35   35   35   34   34   34   34   34   34
   34   34   34   33   33   33   33   33   33   33   33   33   33   32   32   32
   32   32   32   31   31   31   31   30   30   30   30   30   29   29   29   29
   29   28   28   28   28   28   27   27   27   27   27   26   26   26   26   26
   26   26   26   25   25   25   25   25   25   25   25   25   25   24   24   24
   24   24   24   24   24   24   24   23   23   23   23   23   23   23   23   23
   23   23   23   23   23   23   23   23   23   23   23   23   23   23   23   23
   23   23   23   23   23   23   23   23   23                                   
    78.0 -60.0  60.0   1.0 350.0                            LAT/LON1/LON2/DLON/H
 9999 9999 9999 9999 9999 9999 9999   32   32   32   32   31   31   31   31   31
   31   31   31   31   31   31   31   31   30   30   30   30   30   30   30   30
   30   30   29   29   29   29   29   29   28   28   28   28   28   28   28   27
   27   27   27   27   27   26   26   26   26   26   26   26   25   25   25   25
   25   25   25   25   25   25   25   25   24   24   24   24   24   24   24   24
   24   24   24   24   24   23   23   23   23   23   23   23   23   23   23   23
   23   23   23   23   23   23   23   23   23   23   23   23   23   23   23   23
   23   23   23   23   23   23   23   23   23                                   
    77.0 -60.0  60.0   1.0 350.0                            LAT/LON1/LON2/DLON/H
 9999 9999 9999 9999 9999 9999 9999 9999   29   29   29   29   29   29   29   28
   28   28   28   28   28   28   28   28   28   28   28   28   28   28   28   28
   28   27   27   27   27   27   27   27   27   27   26   26   26   26   26   26
   26   26   26   26   25   25   25   25   25   25   25   25   25   25   25   24
   24   24   24   24   24   24   24   24   24   24   24   24   24   24   24   24
   24   24   24   23   23   23   23   23   23   23   23   23   23   23   23   23
   23   23   23   23   23   23   23   23   23   23   23   23   23   23   23   23
   23   23   23   23   23   23   23   23   23                                   
    76.0 -60.0  60.0   1.0 350.0                            LAT/LON1/LON2/DLON/H
 9999 9999 9999 9999 9999 9999 9999 9999 9999   26   26   26   26   26   26   26
   26   26   26   26   26   26   26   26   26   26   26   25   25   25   25   25
   25   25   25   25   25   25   25   25   25   25   25   25   25   25   25   25
   24   24   24   24   24   24   24   24   24   24   24   24   24   24   24   24
   24   24   24   24   24   24   24   24   24   24   24   23   23   23   23   23
   23   23   23   23   23   23   23   23   23   23   23   23   23   23   23   23
   23   23   23   23   23   23   23   23   23   23   23   23   23   23   23   23
   23   23   23   23   23   23   23   23   23                                   
    75.0 -60.0  60.0   1.0 350.0                            LAT/LON1/LON2/DLON/H
 9999 9999 9999 9999 9999 9999 9999 9999 9999 9999   23   23   23   23   23   23
   23   23   23   23   23   23   23   23   23   23   23   23   23   23   23   23
   23   23   23   23   23   23   23   23   23   23   23   23   23   23   23   23
   23   23   23   23   23   23   23   23   23   23   23   23   23   23   23   23
   23   23   23   23   23   23   23   23   23   23   23   23   23   23   23   23
   23   23   23   23   23   23   23   23   23   23   23   23   23   23   23   23
   23   23   23   23   23   23   23   23   23   23   23   23   23   23   23   23
   23   23   23   23   23   23   23   23   23                                   
    74.0 -60.0  60.0   1.0 350.0                            LAT/LON1/LON2/DLON/H
 9999 9999 9999 9999 9999 9999 9999 9999 9999 9999 9999   23   23   23   23   23
   23   23   23   23   23   23   23   23   23   23   23   23   23   23   23   23
   23   23   23   23   23   23   23   23   23   23   23   23   23   23   23   23
   23   23   23   23   23   23   23   23   23   23   23   23   23   23   23   23
   23   23   23   23   23   23   23   23   23   23   23   23   23   23   23   23
   23   23   23   23   23   23   23   23   23   23   23   23   23   23   23   23
   23   23   23   23   23   23   23   23   23   23   23   23   23   23   23   23
   23   23   23   23   23   23   23   23   23                                   
    73.0 -60.0  60.0   1.0 350.0                            LAT/LON1/LON2/DLON/H
 9999 9999 9999 9999 9999 9999 9999 9999 9999 9999 9999   23   23   23   23   23
   23   23   23   23   23   23   23   23   23   23   23   23   23   23   23   23
   23   23   23   23   23   23   23   23   23   23   23   23   23   23   23   23
   23   23   23   23   23   23   23   23   23   23   23   23   23   23   23   23
   23   23   23   23   23   23   23   23   23   23   23   23   23   23   23   23
   23   23   23   23   23   23   23   23   23   23   23   23   23   23   23   23
   23   23   23   23   23   23   23   23   23   23   23   23   23   23   23   23
   23   23   23   23   23   23   23   23   23                                   
    72.0 -60.0  60.0   1.0 350.0                            LAT/LON1/LON2/DLON/H
 9999 9999 9999 9999 9999 9999 9999 9999 9999 9999 9999   23   23   23   23   23
   23   23   23   23   23   23   23   23   23   23   23   23   23   23   23   23
   23   23   23   23   23   23   23   23   23   23   23   23   23   23   23   23
   23   23   23   23   23   23   23   23   23   23   23   23   23   23   23   23
   23   23   23   23   23   23   23   23   23   23   23   23   23   23   23   23
   23   23   23   23   23   23   23   23   23   23   23   23   23   23   23   23
   23   23   23   23   23   23   23   23   23   23   23   23   23   23   23   23
   23   23   23   23   23   23   23   23   23                                   
    71.0 -60.0  60.0   1.0 350.0                            LAT/LON1/LON2/DLON/H
 9999 9999 9999 9999 9999 9999 9999 9999 9999 9999 9999   23   23   23   23   23
   23   23   23   23   23   23   23   23   23   23   23   23   23   23   23   23
   23   23   23   23   23   23   23   23   23   23   23   23   23   23   23   23
   23   23   23   23   23   23   23   23   23   23   23   23   23   23   23   23
   23   23   23   23   23   23   23   23   23   23   23   23   23   23   23   23
   23   23   23   23   23   23   23   23   23   23   23   23   23   23   23   23
   23   23   23   23   23   23   23   23   23   23   23   23   23   23   23   23
   23   23   23   23   23   23   23   23   23                                   
    70.0 -60.0  60.0   1.0 350.0                            LAT/LON1/LON2/DLON/H
 9999 9999 9999 9999 9999 9999 9999 9999 9999 9999   23   23   23   23   23   23
   23   23   23   23   23   23   23   23   23   23   23   23   23   23   23   23
   23   23   23   23   23   23   23   23   23   23   23   23   23   23   23   23
   23   23   23   23   23   23   23   23   23   23   23   23   23   23   23   23
   23   23   23   23   23   23   23   23   23   23   23   23   23   23   23   23
   23   23   23   23   23   23   23   23   23   23   23   23   23   23   23   23
   23   23   23   23   23   23   23   23   23   23   23   23   23   23   23   23
   23   23   23   23   23   23   23   23   23                                   
    69.0 -60.0  60.0   1.0 350.0                            LAT/LON1/LON2/DLON/H
 9999 9999 9999 9999 9999 9999 9999 9999 9999 9999 9999   23   23   23   23   23
   23   23   23   23   23   23   24   24   24   25   25   25   26   26   26   26
   26   26   26   26   26   26   26   26   26   26   26   26   26   25   25   25
   25   25   25   24   24   24   24   24   24   24   23   23   23   23   23   23
   23   23   23   23   23   23   23   23   23   23   23   23   23   23   23   23
