70_EGNOS_Project/core/files/PositionComparisonInputFiles/bute0190/y2019_d019_136ems_ionex_Europe_2_5x2_5_IGPMap_All_with_fixedIntervals_1800sec.19i
     1.0            IONOSPHERE MAPS     GPS                 IONEX VERSION / TYPE
GINA 1.0            GINA Project        08-04-2019 17:46:48 PGM / RUN BY / DATE 
TEC values in 10e-1 [TEC] 9999, if no value available       COMMENT             
Infrastructure: Robert Bosch Kft., Budapest                 DESCRIPTION         
Creator: Balazs Lupsic                                      DESCRIPTION         
Contact adress: balazs.lupsic@hu.bosch.com                  DESCRIPTION         
Contact adress: balazs.lupsic@gmail.com                     DESCRIPTION         
  2019     1    18    23    59    59                        EPOCH OF FIRST MAP  
  2019     1    19    23     0     0                        EPOCH OF LAST MAP   
  1800                                                      INTERVAL            
    47                                                      # OF MAPS IN FILE   
   TBD                                                      MAPPING FUNCTION    
     0.0                                                    ELEVATION CUTOFF    
TEC is obtained from EGNOS                                  OBSERVABLES USED    
  6371.4                                                    BASE RADIUS         
     2                                                      MAP DIMENSION       
   350.0 350.0   0.0                                        HGT1 / HGT2 / DHGT  
    90.0  10.0  -2.5                                        LAT1 / LAT2 / DLAT  
   -60.0  60.0   2.5                                        LON1 / LON2 / DLON  
    -1                                                      EXPONENT            
                                                            END OF HEADER       
[from data line 12432]
    37                                                      START OF TEC MAP    
  2019     1    19    18    30     0                        EPOCH OF CURRENT MAP
    90.0 -60.0  60.0   2.5 350.0                            LAT/LON1/LON2/DLON/H
 9999 9999 9999 9999 9999 9999 9999 9999 9999 9999 9999 9999 9999 9999 9999 9999
 9999 9999 9999 9999 9999 9999 9999 9999 9999 9999 9999 9999 9999 9999 9999 9999
 9999 9999 9999 9999 9999 9999 9999 9999 9999 9999 9999 9999 9999 9999 9999 9999
 9999                                                                           
    87.5 -60.0  60.0   2.5 350.0                            LAT/LON1/LON2/DLON/H
 9999 9999 9999 9999 9999 9999 9999 9999 9999 9999 9999 9999 9999 9999 9999 9999
 9999 9999 9999 9999 9999 9999 9999 9999 9999 9999 9999 9999 9999 9999 9999 9999
 9999 9999 9999 9999 9999 9999 9999 9999 9999 9999 9999 9999 9999 9999 9999 9999
 9999                                                                           
    85.0 -60.0  60.0   2.5 350.0                            LAT/LON1/LON2/DLON/H
   23   23   23   23   23   23   23   23   23   23   23   23   23   23   23   23
   23   23   23   23   23   23   23   23   23   23   23   23   23   23   23   23
   23   23   23   23   23   23   23   23   23   23   23   23   23   23   23   23
   23                                                                           
    82.5 -60.0  60.0   2.5 350.0                            LAT/LON1/LON2/DLON/H
 9999   39   36   32   29   28   27   26   25   25   25   25   25   25   25   25
   25   25   24   24   23   23   23   23   23   23   23   23   23   23   23   23
   23   23   23   23   23   23   23   23   23   24   24   25   25   26   26   26
   27                                                                           
    80.0 -60.0  60.0   2.5 350.0                            LAT/LON1/LON2/DLON/H
 9999   55   48   41   35   33   31   29   27   27   27   27   27   27   27   27
   27   26   25   24   23   23   23   23   23   23   23   23   23   23   23   23
   23   23   23   23   23   23   23   23   23   24   25   26   27   28   29   30
   31                                                                           
    77.5 -60.0  60.0   2.5 350.0                            LAT/LON1/LON2/DLON/H
 9999   71   61   51   40   38   35   32   29   29   29   29   29   29   29   29
   29   27   26   25   23   23   23   23   23   23   23   23   23   23   23   23
   23   23   23   23   23   23   23   23   23   25   26   27   29   30   32   33
   35                                                                           
    75.0 -60.0  60.0   2.5 350.0                            LAT/LON1/LON2/DLON/H
  100   87   73   60   46   42   38   35   31   31   31   31   31   31   31   31
   31   29   27   25   23   23   23   23   23   23   23   23   23   23   23   23
   23   23   23   23   23   23   23   23   23   25   27   29   31   33   35   37
   38                                                                           
    72.5 -60.0  60.0   2.5 350.0                            LAT/LON1/LON2/DLON/H
 9999   60   58   56   54   51   48   45   42   42   42   42   42   41   40   39
   38   37   35   33   31   29   27   25   23   23   23   23   23   23   23   23
   23   23   23   23   23   24   25   26   27   29   31   33   35   37   38   40
   42                                                                           
    70.0 -60.0  60.0   2.5 350.0                            LAT/LON1/LON2/DLON/H
   23   33   42   52   62   60   58   56   54   54   54   54   54   52   50   48
   46   44   42   40   38   35   31   27   23   23   23   23   23   23   23   23
   23   23   23   23   23   25   27   29   31   33   35   37   38   40   42   44
   46                                                                           
    67.5 -60.0  60.0   2.5 350.0                            LAT/LON1/LON2/DLON/H
 9999   35   54   64   73   69   65   62   58   57   56   55   54   52   50   48
   46   44   42   40   38   35   31   27   23   23   23   23   23   23   23   23
   23   23   23   23   23   24   25   26   27   28   29   30   31   34   37   39
 9999                                                                           
    65.0 -60.0  60.0   2.5 350.0                            LAT/LON1/LON2/DLON/H
 9999   38   44   51   85   79   73   67   62   60   58   56   54   52   50   48
   46   44   42   40   38   35   31   27   23   23   23   23   23   23   23   23
   23   23   23   23   23   23   23   23   23   23   23   23   23   27   31   35
   38                                                                           
    62.5 -60.0  60.0   2.5 350.0                            LAT/LON1/LON2/DLON/H
 9999   40   62   69   69   77   64   65   58   54   52   50   46   46   44   42
   42   42   40   38   38   35   31   27   23   23   23   23   23   23   23   23
   23   23   23   23   23   23   23   23   23   23   23   23   23   27   31   35
 9999                                                                           
    60.0 -60.0  60.0   2.5 350.0                            LAT/LON1/LON2/DLON/H
   38   42   54   54   54   62   69   62   54   50   46   42   38   38   38   38
   38   38   38   38   38   35   31   27   23   23   23   23   23   23   23   23
   23   23   23   23   23   23   23   23   23   23   23   23   23   27   31   35
   38                                                                           
    57.5 -60.0  60.0   2.5 350.0                            LAT/LON1/LON2/DLON/H
 9999   38   46   46   46   54   62   62   62   58   54   44   35   37   38   38
   38   37   35   35   35   33   31   27   23   23   23   23   23   23   23   23
   23   23   23   23   23   23   23   25   27   29   31   33   35   37 9999 9999
 9999                                                                           
    55.0 -60.0  60.0   2.5 350.0                            LAT/LON1/LON2/DLON/H
 9999 9999   38   38   38   46   54   62   69   65   62   46   31   35   38   38
   38   35   31   31   31   31   31   27   23   23   23   23   23   23   23   23
   23   23   23   23   23   23   23   27   31   35   38   42   46   46   46 9999
 9999                                                                           
    52.5 -60.0  60.0   2.5 350.0                            LAT/LON1/LON2/DLON/H
 9999 9999 9999   46   46   50   54   62   69   65   62   52   42   40   38   37
   35   31   27   27   27   27   27   27   27   25   23   23   23   25   27   25
   23   23   23   25   27   27   27   31   35   33   31   42   54   56 9999 9999
 9999                                                                           
    50.0 -60.0  60.0   2.5 350.0                            LAT/LON1/LON2/DLON/H
 9999 9999 9999 9999   54   54   54   62   69   65   62   58   54   46   38   35
   31   27   23   23   23   23   23   27   31   27   23   23   23   27   31   27
   23   23   23   27   31   31   31   35   38   31   23   42   62   65   69 9999
 9999                                                                           
    47.5 -60.0  60.0   2.5 350.0                            LAT/LON1/LON2/DLON/H
 9999 9999 9999 9999 9999   65   58   58   58   56   54   52   50   44   38   35
   31   27   23   23   23   25   27   29   31   27   23   23   23   27   31   31
   31   29   27   29   31   31   31   33   35   33   31   46 9999 9999 9999 9999
 9999                                                                           
    45.0 -60.0  60.0   2.5 350.0                            LAT/LON1/LON2/DLON/H
 9999 9999 9999 9999   92   77   62   54   46   46   46   46   46   42   38   35
   31   27   23   23   23   27   31   31   31   27   23   23   23   27   31   35
   38   35   31   31   31   31   31   31   31   35   38   50   62 9999 9999 9999
 9999                                                                           
    42.5 -60.0  60.0   2.5 350.0                            LAT/LON1/LON2/DLON/H
 9999 9999 9999 9999 9999   81   69   64   58   58   58   56   54   50   46   42
   38   37   35   33   31   33   35   35   35   33   31   33   35   37   38   40
   42   40   38   38   38   37   35   35   35   37   38   56 9999 9999 9999 9999
 9999                                                                           
    40.0 -60.0  60.0   2.5 350.0                            LAT/LON1/LON2/DLON/H
 9999 9999 9999 9999   92   85   77   73   69   69   69   65   62   58   54   50
   46   46   46   42   38   38   38   38   38   38   38   42   46   46   46   46
   46   46   46   46   46   42   38   38   38   38   38   62   85 9999 9999 9999
 9999                                                                           
    37.5 -60.0  60.0   2.5 350.0                            LAT/LON1/LON2/DLON/H
 9999 9999 9999 9999 9999   83   81   83   85   81   77   73   69   64   58   54
   50   48   46   46   46   46   46   48   50   50   50   54   58   56   54   54
   54   54   54   56   58   52   46   44   42   37   31   75 9999 9999 9999 9999
 9999                                                                           
    35.0 -60.0  60.0   2.5 350.0                            LAT/LON1/LON2/DLON/H
 9999 9999 9999 9999   77   81   85   92  100   92   85   81   77   69   62   58
   54   50   46   50   54   54   54   58   62   62   62   65   69   65   62   62
   62   62   62   65   69   62   54   50   46   35   23   89  154 9999 9999 9999
 9999                                                                           
    32.5 -60.0  60.0   2.5 350.0                            LAT/LON1/LON2/DLON/H
 9999 9999 9999 9999 9999 9999 9999   79   89   96   89   87   85   79   73   69
   65   62   58   62   65   64   62   64   65   65   65   69   73   71   69   67
   65   64   62   64   65   58   50   50   50   44   38   75 9999 9999 9999 9999
 9999                                                                           
    30.0 -60.0  60.0   2.5 350.0                            LAT/LON1/LON2/DLON/H
 9999 9999 9999 9999 9999 9999 9999 9999   73   73   92   92   92   89   85   81
   77   73   69   73   77   73   69   69   69   69   69   73   77   77   77   73
   69   65   62   62   62   54   46   50   54   54   54   62   69 9999 9999 9999
 9999                                                                           
    27.5 -60.0  60.0   2.5 350.0                            LAT/LON1/LON2/DLON/H
 9999 9999 9999 9999 9999 9999 9999 9999 9999   67   67  100  123  119  115  112
  108  104  100   98   96   87   77   73   69   67   65   67   69   73   77   71
   65   62   58   56   54   52   50   46   42   52 9999 9999 9999 9999 9999 9999
 9999                                                                           
    25.0 -60.0  60.0   2.5 350.0                            LAT/LON1/LON2/DLON/H
 9999 9999 9999 9999 9999 9999 9999 9999 9999 9999   62  108  154  150  146  142
  139  135  131  123  115  100   85   77   69   65   62   62   62   69   77   69
   62   58   54   50   46   50   54   42   31   50   69 9999 9999 9999 9999 9999
 9999                                                                           
    22.5 -60.0  60.0   2.5 350.0                            LAT/LON1/LON2/DLON/H
 9999 9999 9999 9999 9999 9999 9999 9999 9999 9999 9999  135  181  179  177  171
  166  162  158  142  127  110   92   87   81   81   81   92  104   85   65   64
   62   62   62   64   65   75   85   71   58   67 9999 9999 9999 9999 9999 9999
 9999                                                                           
    20.0 -60.0  60.0   2.5 350.0                            LAT/LON1/LON2/DLON/H
 9999 9999 9999 9999 9999 9999 9999 9999 9999 9999 9999 9999  208  208  208  200
  192  189  185  162  139  119  100   96   92   96  100  123  146  100   54   58
   62   65   69   77   85  100  115  100   85   85   85 9999 9999 9999 9999 9999
 9999                                                                           
    17.5 -60.0  60.0   2.5 350.0                            LAT/LON1/LON2/DLON/H
 9999 9999 9999 9999 9999 9999 9999 9999 9999 9999 9999 9999 9999  219  219  214
  208  204  200  183  166  146  127 9999 9999 9999 9999 9999  204  227  181  140
  100   94   89   96  104  114  123  123 9999 9999 9999 9999 9999 9999 9999 9999
 9999                                                                           
    15.0 -60.0  60.0   2.5 350.0                            LAT/LON1/LON2/DLON/H
 9999 9999 9999 9999 9999 9999 9999 9999 9999 9999 9999 9999 9999 9999  231  227
  223  219  216  204  192  173  154 9999 9999 9999 9999 9999 9999 9999  308  223
  139  123  108  115  123  127  131  146  162 9999 9999 9999 9999 9999 9999 9999
 9999                                                                           
    12.5 -60.0  60.0   2.5 350.0                            LAT/LON1/LON2/DLON/H
 9999 9999 9999 9999 9999 9999 9999 9999 9999 9999 9999 9999 9999 9999 9999  208
  204  202  200  194  189 9999 9999 9999 9999 9999 9999 9999 9999 9999 9999 9999
 9999 9999 9999 9999 9999 9999 9999 9999 9999 9999 9999 9999 9999 9999 9999 9999
 9999                                                                           
    10.0 -60.0  60.0   2.5 350.0                            LAT/LON1/LON2/DLON/H
 9999 9999 9999 9999 9999 9999 9999 9999 9999 9999 9999 9999 9999 9999  192  189
  185  185  185  185  185 9999 9999 9999 9999 9999 9999 9999 9999 9999 9999 9999
 9999 9999 9999 9999 9999 9999 9999 9999 9999 9999 9999 9999 9999 9999 9999 9999
 9999                                                                           
    37                                                      END OF TEC MAP      
    37                                                      START OF RMS MAP    
  2019     1    19    18    30     0                        EPOCH OF CURRENT MAP
    90.0 -60.0  60.0   2.5 350.0                            LAT/LON1/LON2/DLON/H
 9999 9999 9999 9999 9999 9999 9999 9999 9999 9999 9999 9999 9999 9999 9999 9999
 9999 9999 9999 9999 9999 9999 9999 9999 9999 9999 9999 9999 9999 9999 9999 9999
 9999 9999 9999 9999 9999 9999 9999 9999 9999 9999 9999 9999 9999 9999 9999 9999
 9999                                                                           
    87.5 -60.0  60.0   2.5 350.0                            LAT/LON1/LON2/DLON/H
 9999 9999 9999 9999 9999 9999 9999 9999 9999 9999 9999 9999 9999 9999 9999 9999
 9999 9999 9999 9999 9999 9999 9999 9999 9999 9999 9999 9999 9999 9999 9999 9999
 9999 9999 9999 9999 9999 9999 9999 9999 9999 9999 9999 9999 9999 9999 9999 9999
 9999                                                                           
    85.0 -60.0  60.0   2.5 350.0                            LAT/LON1/LON2/DLON/H
  842  842  842  842  842  842  842  842  842  842  842  842  112  112  112  112
  112  112  112  112  112  112  112  112  112  112  112  112  112  112  112  112
  112  112  112  112   84   84   84   84   84   84   84   84   84   84   84   84
  281                                                                           
    82.5 -60.0  60.0   2.5 350.0                            LAT/LON1/LON2/DLON/H
 9999  842  842  842  842  819  794  769  743  645  530  382  103  103  102  102
  101  101  101  100  100  100  100  100  100  100  100  100  100  100  100  100
  100   95   89   83   76   76   76   76   76   78   80   82   84  158  207  247
  281                                                                           
    80.0 -60.0  60.0   2.5 350.0                            LAT/LON1/LON2/DLON/H
 9999  842  842  842  842  794  743  688  628  546  449  324   93   92   91   90
   89   88   87   86   86   86   86   86   86   86   86   86   86   86   86   86
   86   81   77   72   68   68   68   68   68   72   76   80   84  158  207  247
  281                                                                           
    77.5 -60.0  60.0   2.5 350.0                            LAT/LON1/LON2/DLON/H
 9999  842  842  842  842  769  688  596  486  423  349  253   81   79   78   76
