70_EGNOS_Project/core/files/PositionComparisonInputFiles/bute0190/y2019_d019_136ems_ionex_Europe_2_5x2_5_IGPMap_All_with_fixedIntervals_1800sec.19i
     1.0            IONOSPHERE MAPS     GPS                 IONEX VERSION / TYPE
GINA 1.0            GINA Project        08-04-2019 17:46:48 PGM / RUN BY / DATE 
TEC values in 10e-1 [TEC] 9999, if no value available       COMMENT             
Infrastructure: Robert Bosch Kft., Budapest                 DESCRIPTION         
Creator: Balazs Lupsic                                      DESCRIPTION         
Contact adress: balazs.lupsic@hu.bosch.com                  DESCRIPTION         
Contact adress: balazs.lupsic@gmail.com                     DESCRIPTION         
  2019     1    18    23    59    59                        EPOCH OF FIRST MAP  
  2019     1    19    23     0     0                        EPOCH OF LAST MAP   
  1800                                                      INTERVAL            
    47                                                      # OF MAPS IN FILE   
   TBD                                                      MAPPING FUNCTION    
     0.0                                                    ELEVATION CUTOFF    
TEC is obtained from EGNOS                                  OBSERVABLES USED    
  6371.4                                                    BASE RADIUS         
     2                                                      MAP DIMENSION       
   350.0 350.0   0.0                                        HGT1 / HGT2 / DHGT  
    90.0  10.0  -2.5                                        LAT1 / LAT2 / DLAT  
   -60.0  60.0   2.5                                        LON1 / LON2 / DLON  
    -1                                                      EXPONENT            
                                                            END OF HEADER       
[from data line 2352]
     7                                                      START OF TEC MAP    
  2019     1    19     3    30     0                        EPOCH OF CURRENT MAP
    90.0 -60.0  60.0   2.5 350.0                            LAT/LON1/LON2/DLON/H
 9999 9999 9999 9999 9999 9999 9999 9999 9999 9999 9999 9999 9999 9999 9999 9999
 9999 9999 9999 9999 9999 9999 9999 9999 9999 9999 9999 9999 9999 9999 9999 9999
 9999 9999 9999 9999 9999 9999 9999 9999 9999 9999 9999 9999 9999 9999 9999 9999
 9999                                                                           
    87.5 -60.0  60.0   2.5 350.0                            LAT/LON1/LON2/DLON/H
 9999 9999 9999 9999 9999 9999 9999 9999 9999 9999 9999 9999 9999 9999 9999 9999
 9999 9999 9999 9999 9999 9999 9999 9999 9999 9999 9999 9999 9999 9999 9999 9999
 9999 9999 9999 9999 9999 9999 9999 9999 9999 9999 9999 9999 9999 9999 9999 9999
 9999                                                                           
    85.0 -60.0  60.0   2.5 350.0                            LAT/LON1/LON2/DLON/H
   46   44   42   40   38   37   35   33   31   29   27   25   23   23   23   23
   23   23   23   23   23   23   23   23   23   23   23   23   23   23   23   23
   23   23   23   23   23   23   23   23   23   23   23   23   23   23   23   23
   23                                                                           
    82.5 -60.0  60.0   2.5 350.0                            LAT/LON1/LON2/DLON/H
 9999   39   38   36   35   33   32   30   29   27   26   25   23   23   23   23
   23   23   23   23   23   23   23   23   23   23   23   23   23   23   23   23
   23   23   23   23   23   23   23   23   23   23   23   23   23   23   23   23
   23                                                                           
    80.0 -60.0  60.0   2.5 350.0                            LAT/LON1/LON2/DLON/H
 9999   34   33   32   31   30   29   28   27   26   25   24   23   23   23   23
   23   23   23   23   23   23   23   23   23   23   23   23   23   23   23   23
   23   23   23   23   23   23   23   23   23   23   23   23   23   23   23   23
   23                                                                           
    77.5 -60.0  60.0   2.5 350.0                            LAT/LON1/LON2/DLON/H
 9999   28   28   27   27   26   26   26   25   25   24   24   23   23   23   23
   23   23   23   23   23   23   23   23   23   23   23   23   23   23   23   23
   23   23   23   23   23   23   23   23   23   23   23   23   23   23   23   23
   23                                                                           
    75.0 -60.0  60.0   2.5 350.0                            LAT/LON1/LON2/DLON/H
   23   23   23   23   23   23   23   23   23   23   23   23   23   23   23   23
   23   23   23   23   23   23   23   23   23   23   23   23   23   23   23   23
   23   23   23   23   23   23   23   23   23   23   23   23   23   23   23   23
   23                                                                           
    72.5 -60.0  60.0   2.5 350.0                            LAT/LON1/LON2/DLON/H
 9999   23   27   27   27   28   29   30   31   33   35   37   38   38   37   36
   35   34   33   32   31   29   27   25   23   23   23   23   23   23   23   23
   23   23   23   23   23   23   23   23   23   23   23   23   23   23   23   23
   23                                                                           
    70.0 -60.0  60.0   2.5 350.0                            LAT/LON1/LON2/DLON/H
 9999 9999   23   23   31   33   35   37   38   42   46   50   54   52   50   48
   46   44   42   40   38   35   31   27   23   23   23   23   23   23   23   23
   23   23   23   23   23   23   23   23   23   23   23   23   23   23   23   23
   23                                                                           
    67.5 -60.0  60.0   2.5 350.0                            LAT/LON1/LON2/DLON/H
 9999 9999 9999   23   23   32   37   41   46   47   48   49   50   49   48   47
   46   44   42   40   38   35   31   27   23   23   23   23   23   23   23   23
   23   23   23   23   23   23   23   23   23   23   23   23   23   23   23   23
 9999                                                                           
    65.0 -60.0  60.0   2.5 350.0                            LAT/LON1/LON2/DLON/H
 9999 9999 9999 9999   23   31   38   46   54   52   50   48   46   46   46   46
   46   44   42   40   38   35   31   27   23   23   23   23   23   23   23   23
   23   23   23   23   23   23   23   23   23   23   23   23   23   23   23   23
   23                                                                           
    62.5 -60.0  60.0   2.5 350.0                            LAT/LON1/LON2/DLON/H
 9999 9999 9999 9999 9999   23   37   38   50   54   50   50   50   46   46   46
   42   42   38   38   35   35   29   27   23   23   23   23   23   23   23   23
   23   23   23   23   23   23   23   23   23   23   29   23   35   23 9999 9999
 9999                                                                           
    60.0 -60.0  60.0   2.5 350.0                            LAT/LON1/LON2/DLON/H
 9999 9999 9999 9999   23   23   23   35   46   50   54   54   54   50   46   42
   38   38   38   35   31   31   31   27   23   23   23   23   23   23   23   23
   23   23   23   23   23   23   23   23   23   23   23   35   46   35   23 9999
 9999                                                                           
    57.5 -60.0  60.0   2.5 350.0                            LAT/LON1/LON2/DLON/H
 9999 9999 9999   27   27   27   27   31   35   37   38   48   58   54   50   46
   42   38   35   33   31   31   31   27   23   23   23   23   23   23   23   23
   23   23   23   23   23   23   23   23   23   23   23   31 9999 9999 9999 9999
 9999                                                                           
    55.0 -60.0  60.0   2.5 350.0                            LAT/LON1/LON2/DLON/H
 9999 9999   31   31   31   31   31   27   23   23   23   42   62   58   54   50
   46   38   31   31   31   31   31   27   23   23   23   23   23   23   23   23
   23   23   23   23   23   23   23   23   23   23   23   27   31 9999 9999 9999
 9999                                                                           
    52.5 -60.0  60.0   2.5 350.0                            LAT/LON1/LON2/DLON/H
 9999 9999 9999   31   31   33   35   31   27   27   27   35   42   44   46   44
   42   37   31   31   31   31   31   29   27   27   27   25   23   23   23   23
   23   23   23   23   23   23   23   23   23   23 9999 9999 9999 9999 9999 9999
 9999                                                                           
    50.0 -60.0  60.0   2.5 350.0                            LAT/LON1/LON2/DLON/H
 9999 9999 9999 9999   31   35   38   35   31   31   31   27   23   31   38   38
   38   35   31   31   31   31   31   31   31   31   31   27   23   23   23   23
   23   23   23   23   23   23   23   23   23   23   23 9999 9999 9999 9999 9999
 9999                                                                           
    47.5 -60.0  60.0   2.5 350.0                            LAT/LON1/LON2/DLON/H
 9999 9999 9999 9999 9999   37   38   37   35   37   38   35   31   33   35   37
   38   37   35   35   35   35   35   35   35   35   35   31   27   27   27   27
   27   25   23   23   23   23   23   25   27   25 9999 9999 9999 9999 9999 9999
 9999                                                                           
    45.0 -60.0  60.0   2.5 350.0                            LAT/LON1/LON2/DLON/H
 9999 9999 9999 9999   38   38   38   38   38   42   46   42   38   35   31   35
   38   38   38   38   38   38   38   38   38   38   38   35   31   31   31   31
   31   27   23   23   23   23   23   27   31   27   23 9999 9999 9999 9999 9999
 9999                                                                           
    42.5 -60.0  60.0   2.5 350.0                            LAT/LON1/LON2/DLON/H
 9999 9999 9999 9999 9999   38   38   38   38   42   46   46   46   42   38   40
   42   40   38   38   38   40   42   44   46   44   42   40   38   37   35   35
   35   31   27   25   23   23   23   27   31   27 9999 9999 9999 9999 9999 9999
 9999                                                                           
    40.0 -60.0  60.0   2.5 350.0                            LAT/LON1/LON2/DLON/H
 9999 9999 9999 9999   38   38   38   38   38   42   46   50   54   50   46   46
   46   42   38   38   38   42   46   50   54   50   46   46   46   42   38   38
   38   35   31   27   23   23   23   27   31   27   23 9999 9999 9999 9999 9999
 9999                                                                           
    37.5 -60.0  60.0   2.5 350.0                            LAT/LON1/LON2/DLON/H
 9999 9999 9999 9999 9999 9999   46   46   46   50   54   54   54   50   46   44
   42   40   38   38   38   42   46   52   58   56   54   52   50   48   46   44
   42   40   38   35   31   31   31   31   31   29 9999 9999 9999 9999 9999 9999
 9999                                                                           
    35.0 -60.0  60.0   2.5 350.0                            LAT/LON1/LON2/DLON/H
 9999 9999 9999 9999 9999 9999 9999 9999   54   58   62   58   54   50   46   42
   38   38   38   38   38   42   46   54   62   62   62   58   54   54   54   50
   46   46   46   42   38   38   38   35   31   31   31 9999 9999 9999 9999 9999
 9999                                                                           
    32.5 -60.0  60.0   2.5 350.0                            LAT/LON1/LON2/DLON/H
 9999 9999 9999 9999 9999 9999 9999 9999 9999   50   54   52   50   48   46   44
   42   42   42   42   42   42   42   48   54   56   58   56   54   52   50   48
   46   46   46   44   42   37   31   29   27   31 9999 9999 9999 9999 9999 9999
 9999                                                                           
    30.0 -60.0  60.0   2.5 350.0                            LAT/LON1/LON2/DLON/H
 9999 9999 9999 9999 9999 9999 9999 9999 9999 9999   46   46   46   46   46   46
   46   46   46   46   46   42   38   42   46   50   54   54   54   50   46   46
   46   46   46   46   46   35   23   23   23   31   38 9999 9999 9999 9999 9999
 9999                                                                           
    27.5 -60.0  60.0   2.5 350.0                            LAT/LON1/LON2/DLON/H
 9999 9999 9999 9999 9999 9999 9999 9999 9999 9999 9999   50   50   50   50   52
   54   52   50   48   46   42   38   38   38   42   46   46   46   46   46   46
   46   46   46   44   42   33   23   23   23   29 9999 9999 9999 9999 9999 9999
 9999                                                                           
    25.0 -60.0  60.0   2.5 350.0                            LAT/LON1/LON2/DLON/H
 9999 9999 9999 9999 9999 9999 9999 9999 9999 9999   54   54   54   54   54   58
   62   58   54   50   46   42   38   35   31   35   38   38   38   42   46   46
   46   46   46   42   38   31   23   23   23   27   31 9999 9999 9999 9999 9999
 9999                                                                           
    22.5 -60.0  60.0   2.5 350.0                            LAT/LON1/LON2/DLON/H
 9999 9999 9999 9999 9999 9999 9999 9999 9999 9999 9999   65   65   64   62   64
   65   62   58   54   50   44   38   33   27   44   62   60   58   56   54   48
   42   44   46   46   46   40   35   35 9999 9999 9999 9999 9999 9999 9999 9999
 9999                                                                           
    20.0 -60.0  60.0   2.5 350.0                            LAT/LON1/LON2/DLON/H
 9999 9999 9999 9999 9999 9999 9999 9999 9999 9999 9999 9999   77   73   69   69
   69   65   62   58   54   46   38   31   23   54   85   81   77   69   62   50
   38   42   46   50   54   50   46   46   46 9999 9999 9999 9999 9999 9999 9999
 9999                                                                           
    17.5 -60.0  60.0   2.5 350.0                            LAT/LON1/LON2/DLON/H
 9999 9999 9999 9999 9999 9999 9999 9999 9999 9999 9999 9999 9999   77   73   69
   65   62   58   58   58   60   62 9999 9999 9999 9999 9999 9999 9999   62   54
   42   38   35   46   58   50 9999 9999 9999 9999 9999 9999 9999 9999 9999 9999
 9999                                                                           
    15.0 -60.0  60.0   2.5 350.0                            LAT/LON1/LON2/DLON/H
 9999 9999 9999 9999 9999 9999 9999 9999 9999 9999 9999 9999 9999 9999   77   69
   62   58   54   58   62   73   85 9999 9999 9999 9999 9999 9999 9999 9999 9999
   46   35   23   42   62   50   38 9999 9999 9999 9999 9999 9999 9999 9999 9999
 9999                                                                           
    12.5 -60.0  60.0   2.5 350.0                            LAT/LON1/LON2/DLON/H
 9999 9999 9999 9999 9999 9999 9999 9999 9999 9999 9999 9999 9999 9999 9999   81
   73   56   38   42   46 9999 9999 9999 9999 9999 9999 9999 9999 9999 9999 9999
 9999 9999 9999 9999 9999 9999 9999 9999 9999 9999 9999 9999 9999 9999 9999 9999
 9999                                                                           
    10.0 -60.0  60.0   2.5 350.0                            LAT/LON1/LON2/DLON/H
 9999 9999 9999 9999 9999 9999 9999 9999 9999 9999 9999 9999 9999 9999 9999 9999
   85   54   23   27   31 9999 9999 9999 9999 9999 9999 9999 9999 9999 9999 9999
 9999 9999 9999 9999 9999 9999 9999 9999 9999 9999 9999 9999 9999 9999 9999 9999
 9999                                                                           
     7                                                      END OF TEC MAP      
     7                                                      START OF RMS MAP    
  2019     1    19     3    30     0                        EPOCH OF CURRENT MAP
    90.0 -60.0  60.0   2.5 350.0                            LAT/LON1/LON2/DLON/H
 9999 9999 9999 9999 9999 9999 9999 9999 9999 9999 9999 9999 9999 9999 9999 9999
 9999 9999 9999 9999 9999 9999 9999 9999 9999 9999 9999 9999 9999 9999 9999 9999
 9999 9999 9999 9999 9999 9999 9999 9999 9999 9999 9999 9999 9999 9999 9999 9999
 9999                                                                           
    87.5 -60.0  60.0   2.5 350.0                            LAT/LON1/LON2/DLON/H
 9999 9999 9999 9999 9999 9999 9999 9999 9999 9999 9999 9999 9999 9999 9999 9999
 9999 9999 9999 9999 9999 9999 9999 9999 9999 9999 9999 9999 9999 9999 9999 9999
 9999 9999 9999 9999 9999 9999 9999 9999 9999 9999 9999 9999 9999 9999 9999 9999
 9999                                                                           
    85.0 -60.0  60.0   2.5 350.0                            LAT/LON1/LON2/DLON/H
  842  842  842  842  842  842  842  842  842  842  842  842  281  281  281  281
  281  281  281  281  281  281  281  281  281  281  281  281  281  281  281  281
  281  281  281  281  281  281  281  281  281  281  281  281  281  281  281  281
  281                                                                           
    82.5 -60.0  60.0   2.5 350.0                            LAT/LON1/LON2/DLON/H
 9999  842  842  842  842  842  842  842  842  740  620  472  245  245  245  245
  244  244  244  244  244  244  244  244  244  244  244  244  244  244  244  244
  244  244  244  244  244  244  244  244  244  245  245  245  245  254  263  272
  281                                                                           
    80.0 -60.0  60.0   2.5 350.0                            LAT/LON1/LON2/DLON/H
 9999  842  842  842  842  842  842  842  842  737  613  457  204  204  203  202
  202  202  201  201  201  201  201  201  201  201  201  201  201  201  201  201
  201  201  201  201  201  201  201  202  202  202  202  202  202  225  245  263
  281                                                                           
    77.5 -60.0  60.0   2.5 350.0                            LAT/LON1/LON2/DLON/H
 9999  842  842  842  842  842  842  842  842  733  605  441  152  151  150  148
