70_EGNOS_Project/core/files/PositionComparisonInputFiles/bute0190/y2019_d019_136ems_ionex_Europe_2_5x2_5_IGPMap_All_with_fixedIntervals_1800sec.19i
     1.0            IONOSPHERE MAPS     GPS                 IONEX VERSION / TYPE
GINA 1.0            GINA Project        08-04-2019 17:46:48 PGM / RUN BY / DATE 
TEC values in 10e-1 [TEC] 9999, if no value available       COMMENT             
Infrastructure: Robert Bosch Kft., Budapest                 DESCRIPTION         
Creator: Balazs Lupsic                                      DESCRIPTION         
Contact adress: balazs.lupsic@hu.bosch.com                  DESCRIPTION         
Contact adress: balazs.lupsic@gmail.com                     DESCRIPTION         
  2019     1    18    23    59    59                        EPOCH OF FIRST MAP  
  2019     1    19    23     0     0                        EPOCH OF LAST MAP   
  1800                                                      INTERVAL            
    47                                                      # OF MAPS IN FILE   
   TBD                                                      MAPPING FUNCTION    
     0.0                                                    ELEVATION CUTOFF    
TEC is obtained from EGNOS                                  OBSERVABLES USED    
  6371.4                                                    BASE RADIUS         
     2                                                      MAP DIMENSION       
   350.0 350.0   0.0                                        HGT1 / HGT2 / DHGT  
    90.0  10.0  -2.5                                        LAT1 / LAT2 / DLAT  
   -60.0  60.0   2.5                                        LON1 / LON2 / DLON  
    -1                                                      EXPONENT            
                                                            END OF HEADER       
[from data line 6720]
    20                                                      START OF TEC MAP    
  2019     1    19    10     0     0                        EPOCH OF CURRENT MAP
    90.0 -60.0  60.0   2.5 350.0                            LAT/LON1/LON2/DLON/H
 9999 9999 9999 9999 9999 9999 9999 9999 9999 9999 9999 9999 9999 9999 9999 9999
 9999 9999 9999 9999 9999 9999 9999 9999 9999 9999 9999 9999 9999 9999 9999 9999
 9999 9999 9999 9999 9999 9999 9999 9999 9999 9999 9999 9999 9999 9999 9999 9999
 9999                                                                           
    87.5 -60.0  60.0   2.5 350.0                            LAT/LON1/LON2/DLON/H
 9999 9999 9999 9999 9999 9999 9999 9999 9999 9999 9999 9999 9999 9999 9999 9999
 9999 9999 9999 9999 9999 9999 9999 9999 9999 9999 9999 9999 9999 9999 9999 9999
 9999 9999 9999 9999 9999 9999 9999 9999 9999 9999 9999 9999 9999 9999 9999 9999
 9999                                                                           
    85.0 -60.0  60.0   2.5 350.0                            LAT/LON1/LON2/DLON/H
   23   23   23   23   23   23   23   23   23   23   23   23   23   23   23   23
   23   23   23   23   23   23   23   23   23   23   23   23   23   23   23   23
   23   23   23   23   23   23   23   23   23   23   23   23   23   23   23   23
   23                                                                           
    82.5 -60.0  60.0   2.5 350.0                            LAT/LON1/LON2/DLON/H
 9999   23   23   23   23   23   23   23   23   23   23   23   23   23   23   23
   23   23   23   23   23   23   23   23   23   23   23   23   23   23   23   23
   23   23   23   23   23   23   23   23   23   23   23   23   23   23   23   23
   23                                                                           
    80.0 -60.0  60.0   2.5 350.0                            LAT/LON1/LON2/DLON/H
 9999   23   23   23   23   23   23   23   23   23   23   23   23   23   23   23
   23   23   23   23   23   23   23   23   23   23   23   23   23   23   23   23
   23   23   23   23   23   23   23   23   23   23   23   23   23   23   23   23
   23                                                                           
    77.5 -60.0  60.0   2.5 350.0                            LAT/LON1/LON2/DLON/H
 9999   23   23   23   23   23   23   23   23   23   23   23   23   23   23   23
   23   23   23   23   23   23   23   23   23   23   23   23   23   23   23   23
   23   23   23   23   23   23   23   23   23   23   23   23   23   23   23   23
   23                                                                           
    75.0 -60.0  60.0   2.5 350.0                            LAT/LON1/LON2/DLON/H
   23   23   23   23   23   23   23   23   23   23   23   23   23   23   23   23
   23   23   23   23   23   23   23   23   23   23   23   23   23   23   23   23
   23   23   23   23   23   23   23   23   23   23   23   23   23   23   23   23
   23                                                                           
    72.5 -60.0  60.0   2.5 350.0                            LAT/LON1/LON2/DLON/H
 9999   24   25   26   27   26   25   24   23   23   23   23   23   24   25   26
   27   27   27   27   27   26   25   24   23   23   23   23   23   23   23   23
   23   23   23   23   23   23   23   23   23   24   25   26   27   26   25   24
   23                                                                           
    70.0 -60.0  60.0   2.5 350.0                            LAT/LON1/LON2/DLON/H
   23   25   27   29   31   29   27   25   23   23   23   23   23   25   27   29
   31   31   31   31   31   29   27   25   23   23   23   23   23   23   23   23
   23   23   23   23   23   23   23   23   23   25   27   29   31   29   27   25
   23                                                                           
    67.5 -60.0  60.0   2.5 350.0                            LAT/LON1/LON2/DLON/H
 9999   29   31   33   35   34   33   32   31   31   31   31   31   32   33   34
   35   36   37   38   38   36   33   30   27   26   25   24   23   24   25   26
   27   27   27   27   27   28   29   30   31   34   37   39   42   44   46   48
 9999                                                                           
    65.0 -60.0  60.0   2.5 350.0                            LAT/LON1/LON2/DLON/H
 9999 9999   35   37   38   38   38   38   38   38   38   38   38   38   38   38
   38   40   42   44   46   42   38   35   31   29   27   25   23   25   27   29
   31   31   31   31   31   33   35   37   38   42   46   50   54   60   65   71
   77                                                                           
    62.5 -60.0  60.0   2.5 350.0                            LAT/LON1/LON2/DLON/H
 9999 9999 9999   35   42   38   40   38   38   38   40   38   42   46   42   46
   42   42   42   46   42   42   37   35   31   31   29   27   27   27   31   31
   35   35   35   35   35   35   37   38   38   50   52   58   65   85 9999 9999
 9999                                                                           
    60.0 -60.0  60.0   2.5 350.0                            LAT/LON1/LON2/DLON/H
 9999 9999   31   38   46   42   38   38   38   38   38   42   46   50   54   50
   46   46   46   42   38   38   38   35   31   31   31   31   31   31   31   35
   38   38   38   38   38   38   38   38   38   50   62   69   77   96  115 9999
 9999                                                                           
    57.5 -60.0  60.0   2.5 350.0                            LAT/LON1/LON2/DLON/H
 9999 9999 9999   35   38   37   35   33   31   38   46   40   35   38   42   42
   42   40   38   38   38   38   38   38   38   38   38   38   38   38   38   40
   42   42   42   42   42   42   42   42   42   48   54   64 9999 9999 9999 9999
 9999                                                                           
    55.0 -60.0  60.0   2.5 350.0                            LAT/LON1/LON2/DLON/H
 9999 9999   31   31   31   31   31   27   23   38   54   38   23   27   31   35
   38   35   31   35   38   38   38   42   46   46   46   46   46   46   46   46
   46   46   46   46   46   46   46   46   46   46   46   58   69 9999 9999 9999
 9999                                                                           
    52.5 -60.0  60.0   2.5 350.0                            LAT/LON1/LON2/DLON/H
 9999 9999 9999   35   35   35   35   29   23   31   38   33   27   27   27   31
   35   33   31   33   35   37   38   40   42   44   46   48   50   50   50   50
   50   52   54   54   54   54   54   54   54   60   65   62 9999 9999 9999 9999
 9999                                                                           
    50.0 -60.0  60.0   2.5 350.0                            LAT/LON1/LON2/DLON/H
 9999 9999 9999 9999   38   38   38   31   23   23   23   27   31   27   23   27
   31   31   31   31   31   35   38   38   38   42   46   50   54   54   54   54
   54   58   62   62   62   62   62   62   62   73   85   65   46 9999 9999 9999
 9999                                                                           
    47.5 -60.0  60.0   2.5 350.0                            LAT/LON1/LON2/DLON/H
 9999 9999 9999 9999 9999   37   35   31   27   27   27   29   31   29   27   29
   31   31   31   33   35   37   38   40   42   46   50   52   54   56   58   58
   58   60   62   62   62   60   58   58   58   62   65   62 9999 9999 9999 9999
 9999                                                                           
    45.0 -60.0  60.0   2.5 350.0                            LAT/LON1/LON2/DLON/H
 9999 9999 9999 9999   38   35   31   31   31   31   31   31   31   31   31   31
   31   31   31   35   38   38   38   42   46   50   54   54   54   58   62   62
   62   62   62   62   62   58   54   54   54   50   46   58   69 9999 9999 9999
 9999                                                                           
    42.5 -60.0  60.0   2.5 350.0                            LAT/LON1/LON2/DLON/H
 9999 9999 9999 9999 9999   40   38   40   42   44   46   46   46   44   42   42
   42   40   38   40   42   42   42   46   50   54   58   60   62   64   65   65
   65   65   65   65   65   62   58   60   62   65 9999 9999 9999 9999 9999 9999
 9999                                                                           
    40.0 -60.0  60.0   2.5 350.0                            LAT/LON1/LON2/DLON/H
 9999 9999 9999 9999   46   46   46   50   54   58   62   62   62   58   54   54
   54   50   46   46   46   46   46   50   54   58   62   65   69   69   69   69
   69   69   69   69   69   65   62   65   69   81   92 9999 9999 9999 9999 9999
 9999                                                                           
    37.5 -60.0  60.0   2.5 350.0                            LAT/LON1/LON2/DLON/H
 9999 9999 9999 9999 9999 9999   50   50   54   64   73   71   69   65   62   62
   62   60   58   58   58   60   62   64   65   69   73   75   77   77   77   77
   77   79   81   81   81   79   77   77   77   87 9999 9999 9999 9999 9999 9999
 9999                                                                           
    35.0 -60.0  60.0   2.5 350.0                            LAT/LON1/LON2/DLON/H
 9999 9999 9999 9999 9999 9999 9999 9999   54   69   85   81   77   73   69   69
   69   69   69   69   69   73   77   77   77   81   85   85   85   85   85   85
   85   89   92   92   92   92   92   89   85   92  100 9999 9999 9999 9999 9999
 9999                                                                           
    32.5 -60.0  60.0   2.5 350.0                            LAT/LON1/LON2/DLON/H
 9999 9999 9999 9999 9999 9999 9999 9999 9999   62   77   79   81   77   73   73
   73   73   73   73   73   81   89   90   92   94   96   96   96   94   92   92
   92   92   92   89   85   89   92   90   89  104 9999 9999 9999 9999 9999 9999
 9999                                                                           
    30.0 -60.0  60.0   2.5 350.0                            LAT/LON1/LON2/DLON/H
 9999 9999 9999 9999 9999 9999 9999 9999 9999 9999   69   77   85   81   77   77
   77   77   77   77   77   89  100  104  108  108  108  108  108  104  100  100
  100   96   92   85   77   85   92   92   92  115  139 9999 9999 9999 9999 9999
 9999                                                                           
    27.5 -60.0  60.0   2.5 350.0                            LAT/LON1/LON2/DLON/H
 9999 9999 9999 9999 9999 9999 9999 9999 9999 9999 9999   77   89   89   89   89
   89   89   89   89   89  104  119  114  108  108  108  114  119  112  104  104
  104  100   96   90   85   92  100  108  115  133 9999 9999 9999 9999 9999 9999
 9999                                                                           
    25.0 -60.0  60.0   2.5 350.0                            LAT/LON1/LON2/DLON/H
 9999 9999 9999 9999 9999 9999 9999 9999 9999 9999   62   77   92   96  100  100
  100  100  100  100  100  119  139  123  108  108  108  119  131  119  108  108
  108  104  100   96   92  100  108  123  139  150  162 9999 9999 9999 9999 9999
 9999                                                                           
    22.5 -60.0  60.0   2.5 350.0                            LAT/LON1/LON2/DLON/H
 9999 9999 9999 9999 9999 9999 9999 9999 9999 9999 9999   77   92  102  112  114
  115  117  119  115  112  123  135  119  104  115  127  133  139  133  127  140
  154  152  150  148  146  148  150  164 9999 9999 9999 9999 9999 9999 9999 9999
 9999                                                                           
    20.0 -60.0  60.0   2.5 350.0                            LAT/LON1/LON2/DLON/H
 9999 9999 9999 9999 9999 9999 9999 9999 9999 9999 9999 9999   92  108  123  127
  131  135  139  131  123  127  131  115  100  123  146  146  146  146  146  173
  200  200  200  200  200  196  192  204  216 9999 9999 9999 9999 9999 9999 9999
 9999                                                                           
    17.5 -60.0  60.0   2.5 350.0                            LAT/LON1/LON2/DLON/H
 9999 9999 9999 9999 9999 9999 9999 9999 9999 9999 9999 9999 9999  115  131  139
  146  158  169  164  158  135  112 9999 9999 9999 9999 9999 9999 9999  162  162
  189  200  212  214  216  208  200  208 9999 9999 9999 9999 9999 9999 9999 9999
 9999                                                                           
    15.0 -60.0  60.0   2.5 350.0                            LAT/LON1/LON2/DLON/H
 9999 9999 9999 9999 9999 9999 9999 9999 9999 9999 9999 9999 9999 9999  139  150
  162  181  200  196  192  142   92 9999 9999 9999 9999 9999 9999 9999 9999 9999
  177  200  223  227  231  219  208  212  216 9999 9999 9999 9999 9999 9999 9999
 9999                                                                           
    12.5 -60.0  60.0   2.5 350.0                            LAT/LON1/LON2/DLON/H
 9999 9999 9999 9999 9999 9999 9999 9999 9999 9999 9999 9999 9999 9999 9999  144
  154  162  169  152  135 9999 9999 9999 9999 9999 9999 9999 9999 9999 9999 9999
 9999 9999 9999 9999 9999 9999 9999 9999 9999 9999 9999 9999 9999 9999 9999 9999
 9999                                                                           
    10.0 -60.0  60.0   2.5 350.0                            LAT/LON1/LON2/DLON/H
 9999 9999 9999 9999 9999 9999 9999 9999 9999 9999 9999 9999 9999 9999  131  139
  146  142  139  108   77 9999 9999 9999 9999 9999 9999 9999 9999 9999 9999 9999
 9999 9999 9999 9999 9999 9999 9999 9999 9999 9999 9999 9999 9999 9999 9999 9999
 9999                                                                           
    20                                                      END OF TEC MAP      
    20                                                      START OF RMS MAP    
  2019     1    19    10     0     0                        EPOCH OF CURRENT MAP
    90.0 -60.0  60.0   2.5 350.0                            LAT/LON1/LON2/DLON/H
 9999 9999 9999 9999 9999 9999 9999 9999 9999 9999 9999 9999 9999 9999 9999 9999
 9999 9999 9999 9999 9999 9999 9999 9999 9999 9999 9999 9999 9999 9999 9999 9999
 9999 9999 9999 9999 9999 9999 9999 9999 9999 9999 9999 9999 9999 9999 9999 9999
 9999                                                                           
    87.5 -60.0  60.0   2.5 350.0                            LAT/LON1/LON2/DLON/H
 9999 9999 9999 9999 9999 9999 9999 9999 9999 9999 9999 9999 9999 9999 9999 9999
 9999 9999 9999 9999 9999 9999 9999 9999 9999 9999 9999 9999 9999 9999 9999 9999
 9999 9999 9999 9999 9999 9999 9999 9999 9999 9999 9999 9999 9999 9999 9999 9999
 9999                                                                           
    85.0 -60.0  60.0   2.5 350.0                            LAT/LON1/LON2/DLON/H
  281  281  281  281  281  281  281  281  281  281  281  281  842  842  842  842
  842  842  842  842  842  842  842  842  281  281  281  281  281  281  281  281
  281  281  281  281  281  281  281  281  281  281  281  281  281  281  281  281
  842                                                                           
    82.5 -60.0  60.0   2.5 350.0                            LAT/LON1/LON2/DLON/H
 9999  444  397  344  281  344  397  444  486  596  688  769  842  842  842  842
  842  816  788  760  730  644  544  422  244  244  244  244  244  244  244  244
  244  244  244  244  244  244  244  244  244  246  247  248  250  473  621  740
  842                                                                           
    80.0 -60.0  60.0   2.5 350.0                            LAT/LON1/LON2/DLON/H
 9999  562  486  397  281  397  486  562  628  688  743  794  842  842  842  842
  842  788  730  667  597  526  445  345  201  201  201  201  201  201  201  201
  201  201  201  201  201  201  201  202  202  205  208  211  214  460  615  737
  842                                                                           
    77.5 -60.0  60.0   2.5 350.0                            LAT/LON1/LON2/DLON/H
 9999  659  562  444  281  444  562  659  743  769  794  819  842  842  842  842
