70_EGNOS_Project/core/files/PositionComparisonInputFiles/bute0190/y2019_d019_136ems_ionex_Europe_5x5_IGPMap_All_with_fixedIntervals.19i
     1.0            IONOSPHERE MAPS     GPS                 IONEX VERSION / TYPE
GINA 1.0            GINA Project        18-03-2019 18:49:31 PGM / RUN BY / DATE 
TEC values in 10e-1 [TEC] 9999, if no value available       COMMENT             
Infrastructure: Robert Bosch Kft., Budapest                 DESCRIPTION         
Creator: Balazs Lupsic                                      DESCRIPTION         
Contact adress: balazs.lupsic@hu.bosch.com                  DESCRIPTION         
Contact adress: balazs.lupsic@gmail.com                     DESCRIPTION         
  2019     1    18    23    59    59                        EPOCH OF FIRST MAP  
  2019     1    19    23     0     0                        EPOCH OF LAST MAP   
  3600                                                      INTERVAL            
    24                                                      # OF MAPS IN FILE   
   TBD                                                      MAPPING FUNCTION    
     0.0                                                    ELEVATION CUTOFF    
TEC is obtained from EGNOS                                  OBSERVABLES USED    
  6371.4                                                    BASE RADIUS         
     2                                                      MAP DIMENSION       
   350.0 350.0   0.0                                        HGT1 / HGT2 / DHGT  
    90.0  10.0  -5.0                                        LAT1 / LAT2 / DLAT  
   -60.0  60.0   5.0                                        LON1 / LON2 / DLON  
    -1                                                      EXPONENT            
                                                            END OF HEADER       
[from data line 648]
     6                                                      START OF TEC MAP    
  2019     1    19     6     0    37                        EPOCH OF CURRENT MAP
    90.0 -60.0  60.0   5.0 350.0                            LAT/LON1/LON2/DLON/H
 9999 9999 9999 9999 9999 9999 9999 9999 9999 9999 9999 9999 9999 9999 9999 9999
 9999 9999 9999 9999 9999 9999 9999 9999 9999                                   
    85.0 -60.0  60.0   5.0 350.0                            LAT/LON1/LON2/DLON/H
   38 9999 9999 9999 9999 9999   23 9999 9999 9999 9999 9999   23 9999 9999 9999
 9999 9999   23 9999 9999 9999 9999 9999   23                                   
    80.0 -60.0  60.0   5.0 350.0                            LAT/LON1/LON2/DLON/H
 9999 9999 9999 9999 9999 9999 9999 9999 9999 9999 9999 9999 9999 9999 9999 9999
 9999 9999 9999 9999 9999 9999 9999 9999 9999                                   
    75.0 -60.0  60.0   5.0 350.0                            LAT/LON1/LON2/DLON/H
   23 9999   23 9999   31 9999   31 9999   23 9999   23 9999   23 9999   23 9999
   23 9999   23 9999   23 9999   23 9999   46                                   
    70.0 -60.0  60.0   5.0 350.0                            LAT/LON1/LON2/DLON/H
 9999 9999   62 9999   46 9999   46 9999   46 9999   31 9999   23 9999   23 9999
   23 9999   23 9999   23 9999   23 9999   54                                   
    65.0 -60.0  60.0   5.0 350.0                            LAT/LON1/LON2/DLON/H
 9999 9999   23 9999   54 9999   46 9999   46 9999   31 9999   23 9999   23 9999
   23 9999   23 9999   23 9999   23 9999   23                                   
    60.0 -60.0  60.0   5.0 350.0                            LAT/LON1/LON2/DLON/H
 9999 9999   23   23   46   38   38   38   38   38   31   23   23   23   23   23
   23   23   23   23   23   23   23   23 9999                                   
    55.0 -60.0  60.0   5.0 350.0                            LAT/LON1/LON2/DLON/H
 9999   31   31   31   23   23   23   31   31   31   23   23   23   23   23   23
   23   23   23   31   38   54   31 9999 9999                                   
    50.0 -60.0  60.0   5.0 350.0                            LAT/LON1/LON2/DLON/H
 9999 9999   31   31   23   31   23   23   23   23   23   23   23   23   23   23
   23   23   23   31   31   23 9999 9999 9999                                   
    45.0 -60.0  60.0   5.0 350.0                            LAT/LON1/LON2/DLON/H
 9999 9999   38   38   23   31   23   23   23   23   23   23   23   23   23   23
   31   31   38   38   46   38 9999 9999 9999                                   
    40.0 -60.0  60.0   5.0 350.0                            LAT/LON1/LON2/DLON/H
 9999 9999   38   54   54   46   46   38   38   31   31   31   38   38   38   31
   38   46   54   62   54   54 9999 9999 9999                                   
    35.0 -60.0  60.0   5.0 350.0                            LAT/LON1/LON2/DLON/H
 9999 9999 9999 9999   54   62   54   38   38   38   46   46   54   54   54   54
   62   69   69   62   54   77 9999 9999 9999                                   
    30.0 -60.0  60.0   5.0 350.0                            LAT/LON1/LON2/DLON/H
 9999 9999 9999 9999 9999   46   38   38   38   38   38   46   54   62   69   69
   77   85   85   69   69   38 9999 9999 9999                                   
    25.0 -60.0  60.0   5.0 350.0                            LAT/LON1/LON2/DLON/H
 9999 9999 9999 9999 9999   54   46   46   46   46   46   31   38   38   46   38
   77  100   92   85   92   46 9999 9999 9999                                   
    20.0 -60.0  60.0   5.0 350.0                            LAT/LON1/LON2/DLON/H
 9999 9999 9999 9999 9999 9999   77   54   54   54   38   23   31   23   46   38
   69   92  108  108   38 9999 9999 9999 9999                                   
    15.0 -60.0  60.0   5.0 350.0                            LAT/LON1/LON2/DLON/H
 9999 9999 9999 9999 9999 9999 9999   77   54   46   31   31 9999 9999 9999 9999
   46   92  115   85 9999 9999 9999 9999 9999                                   
    10.0 -60.0  60.0   5.0 350.0                            LAT/LON1/LON2/DLON/H
 9999 9999 9999 9999 9999 9999 9999 9999   31   31   31 9999 9999 9999 9999 9999
 9999 9999 9999 9999 9999 9999 9999 9999 9999                                   
     6                                                      END OF TEC MAP      
     6                                                      START OF RMS MAP    
  2019     1    19     6     0    37                        EPOCH OF CURRENT MAP
    90.0 -60.0  60.0   5.0 350.0                            LAT/LON1/LON2/DLON/H
 9999 9999 9999 9999 9999 9999 9999 9999 9999 9999 9999 9999 9999 9999 9999 9999
 9999 9999 9999 9999 9999 9999 9999 9999 9999                                   
    85.0 -60.0  60.0   5.0 350.0                            LAT/LON1/LON2/DLON/H
  842 9999 9999 9999 9999 9999  842 9999 9999 9999 9999 9999  281 9999 9999 9999
 9999 9999  112 9999 9999 9999 9999 9999  281                                   
    80.0 -60.0  60.0   5.0 350.0                            LAT/LON1/LON2/DLON/H
 9999 9999 9999 9999 9999 9999 9999 9999 9999 9999 9999 9999 9999 9999 9999 9999
 9999 9999 9999 9999 9999 9999 9999 9999 9999                                   
    75.0 -60.0  60.0   5.0 350.0                            LAT/LON1/LON2/DLON/H
  842 9999  842 9999  281 9999   67 9999   51 9999   45 9999   45 9999   45 9999
   45 9999   45 9999   45 9999   51 9999  112                                   
    70.0 -60.0  60.0   5.0 350.0                            LAT/LON1/LON2/DLON/H
 9999 9999  842 9999   84 9999   45 9999   45 9999   45 9999   45 9999   45 9999
   45 9999   45 9999   45 9999   51 9999  281                                   
    65.0 -60.0  60.0   5.0 350.0                            LAT/LON1/LON2/DLON/H
 9999 9999  281 9999  112 9999   67 9999   51 9999   51 9999   45 9999   45 9999
   45 9999   45 9999   45 9999  112 9999  842                                   
    60.0 -60.0  60.0   5.0 350.0                            LAT/LON1/LON2/DLON/H
 9999 9999  842  281  842  842  281   84   67   56   51   51   45   45   45   45
   45   45   45   45   45   84  281  842 9999                                   
    55.0 -60.0  60.0   5.0 350.0                            LAT/LON1/LON2/DLON/H
 9999  842  842  842  842  842  842  842  281   84   56   45   45   45   45   45
   45   45   45   45   56  842  842 9999 9999                                   
    50.0 -60.0  60.0   5.0 350.0                            LAT/LON1/LON2/DLON/H
 9999 9999  842  842  842  842  842  842  281   56   51   45   39   39   39   39
   45   45   45   51  281  842 9999 9999 9999                                   
    45.0 -60.0  60.0   5.0 350.0                            LAT/LON1/LON2/DLON/H
 9999 9999  842  842  842  281  112  112  281   56   45   45   45   45   39   39
   39   45   45   56   84  842 9999 9999 9999                                   
    40.0 -60.0  60.0   5.0 350.0                            LAT/LON1/LON2/DLON/H
 9999 9999  842  842  281   84   45   45   51   51   45   45   45   39   39   39
   39   39   39   45   51  842 9999 9999 9999                                   
    35.0 -60.0  60.0   5.0 350.0                            LAT/LON1/LON2/DLON/H
 9999 9999 9999 9999  842   56   45   45   45   45   45   45   39   39   39   39
   39   39   39   45   56  842 9999 9999 9999                                   
    30.0 -60.0  60.0   5.0 350.0                            LAT/LON1/LON2/DLON/H
 9999 9999 9999 9999 9999  842   84   45   39   45   45   39   45   45   45   39
   39   39   45   45  281  842 9999 9999 9999                                   
    25.0 -60.0  60.0   5.0 350.0                            LAT/LON1/LON2/DLON/H
 9999 9999 9999 9999 9999  842  842   51   39   39   39   45  281  842  281  112
  281   45   45   67   84  842 9999 9999 9999                                   
    20.0 -60.0  60.0   5.0 350.0                            LAT/LON1/LON2/DLON/H
 9999 9999 9999 9999 9999 9999  842  281   45   45   51  281  842  842  842  842
  842   84  112  281  281 9999 9999 9999 9999                                   
    15.0 -60.0  60.0   5.0 350.0                            LAT/LON1/LON2/DLON/H
 9999 9999 9999 9999 9999 9999 9999  842  112   51   84  842 9999 9999 9999 9999
  842  842  281  842 9999 9999 9999 9999 9999                                   
    10.0 -60.0  60.0   5.0 350.0                            LAT/LON1/LON2/DLON/H
 9999 9999 9999 9999 9999 9999 9999 9999  842  281  842 9999 9999 9999 9999 9999
 9999 9999 9999 9999 9999 9999 9999 9999 9999                                   
     6                                                      END OF RMS MAP      
     7                                                      START OF TEC MAP    
  2019     1    19     7     0     0                        EPOCH OF CURRENT MAP
    90.0 -60.0  60.0   5.0 350.0                            LAT/LON1/LON2/DLON/H
 9999 9999 9999 9999 9999 9999 9999 9999 9999 9999 9999 9999 9999 9999 9999 9999
 9999 9999 9999 9999 9999 9999 9999 9999 9999                                   
    85.0 -60.0  60.0   5.0 350.0                            LAT/LON1/LON2/DLON/H
   38 9999 9999 9999 9999 9999   23 9999 9999 9999 9999 9999   23 9999 9999 9999
 9999 9999   38 9999 9999 9999 9999 9999   38                                   
    80.0 -60.0  60.0   5.0 350.0                            LAT/LON1/LON2/DLON/H
 9999 9999 9999 9999 9999 9999 9999 9999 9999 9999 9999 9999 9999 9999 9999 9999
 9999 9999 9999 9999 9999 9999 9999 9999 9999                                   
    75.0 -60.0  60.0   5.0 350.0                            LAT/LON1/LON2/DLON/H
   23 9999   23 9999   23 9999   31 9999   23 9999   23 9999   23 9999   23 9999
   23 9999   23 9999   23 9999   23 9999   23                                   
    70.0 -60.0  60.0   5.0 350.0                            LAT/LON1/LON2/DLON/H
 9999 9999   54 9999   54 9999   62 9999   46 9999   31 9999   23 9999   23 9999
   23 9999   23 9999   23 9999   23 9999   31                                   
    65.0 -60.0  60.0   5.0 350.0                            LAT/LON1/LON2/DLON/H
 9999 9999   23 9999   62 9999   46 9999   38 9999   38 9999   23 9999   23 9999
   23 9999   23 9999   23 9999   31 9999   38                                   
    60.0 -60.0  60.0   5.0 350.0                            LAT/LON1/LON2/DLON/H
 9999 9999   23   23   31   31   46   46   46   46   38   23   23   23   23   23
   23   23   23   31   38   31   46   23 9999                                   
    55.0 -60.0  60.0   5.0 350.0                            LAT/LON1/LON2/DLON/H
 9999   31   31   31   23   54   77   69   54   38   38   31   23   23   23   23
   23   31   38   46   54   38   31 9999 9999                                   
    50.0 -60.0  60.0   5.0 350.0                            LAT/LON1/LON2/DLON/H
 9999 9999   23   23   23   31   23   46   23   23   23   23   23   23   31   38
   38   38   46   69   38   23 9999 9999 9999                                   
    45.0 -60.0  60.0   5.0 350.0                            LAT/LON1/LON2/DLON/H
 9999 9999   31   38   23   31   23   23   23   23   23   23   23   31   38   54
   46   38   38   54   69   69 9999 9999 9999                                   
    40.0 -60.0  60.0   5.0 350.0                            LAT/LON1/LON2/DLON/H
 9999 9999   46   54   54   46   38   38   31   31   23   31   38   54   69   69
   62   54   54   62   54   46 9999 9999 9999                                   
    35.0 -60.0  60.0   5.0 350.0                            LAT/LON1/LON2/DLON/H
 9999 9999 9999 9999   54   62   62   54   38   38   38   46   46   69   85   77
   77   77   69   62   54   77 9999 9999 9999                                   
    30.0 -60.0  60.0   5.0 350.0                            LAT/LON1/LON2/DLON/H
 9999 9999 9999 9999 9999   46   46   38   38   38   38   31   38   69   85   92
   92   85   77   69   62  123 9999 9999 9999                                   
    25.0 -60.0  60.0   5.0 350.0                            LAT/LON1/LON2/DLON/H
 9999 9999 9999 9999 9999   54   46   46   54   46   38   31   38   69   92  100
  100  100  100   85   77   46 9999 9999 9999                                   
    20.0 -60.0  60.0   5.0 350.0                            LAT/LON1/LON2/DLON/H
 9999 9999 9999 9999 9999 9999   77   38   62   54   46   31   46   23   46  108
  108  123  123  123   38 9999 9999 9999 9999                                   
    15.0 -60.0  60.0   5.0 350.0                            LAT/LON1/LON2/DLON/H
 9999 9999 9999 9999 9999 9999 9999   77   54   46   46   38 9999 9999 9999 9999
   46  146  169   85 9999 9999 9999 9999 9999                                   
    10.0 -60.0  60.0   5.0 350.0                            LAT/LON1/LON2/DLON/H
 9999 9999 9999 9999 9999 9999 9999 9999   31   46   38 9999 9999 9999 9999 9999
 9999 9999 9999 9999 9999 9999 9999 9999 9999                                   
     7                                                      END OF TEC MAP      
     7                                                      START OF RMS MAP    
  2019     1    19     7     0     0                        EPOCH OF CURRENT MAP
    90.0 -60.0  60.0   5.0 350.0                            LAT/LON1/LON2/DLON/H
 9999 9999 9999 9999 9999 9999 9999 9999 9999 9999 9999 9999 9999 9999 9999 9999
 9999 9999 9999 9999 9999 9999 9999 9999 9999                                   
    85.0 -60.0  60.0   5.0 350.0                            LAT/LON1/LON2/DLON/H
  842 9999 9999 9999 9999 9999  842 9999 9999 9999 9999 9999  112 9999 9999 9999
 9999 9999  842 9999 9999 9999 9999 9999  281                                   
    80.0 -60.0  60.0   5.0 350.0                            LAT/LON1/LON2/DLON/H
 9999 9999 9999 9999 9999 9999 9999 9999 9999 9999 9999 9999 9999 9999 9999 9999
 9999 9999 9999 9999 9999 9999 9999 9999 9999                                   
    75.0 -60.0  60.0   5.0 350.0                            LAT/LON1/LON2/DLON/H
  842 9999  842 9999  281 9999   84 9999   56 9999   51 9999   45 9999   45 9999
   45 9999   45 9999   45 9999   67 9999  281                                   
    70.0 -60.0  60.0   5.0 350.0                            LAT/LON1/LON2/DLON/H
 9999 9999  842 9999   84 9999   56 9999   45 9999   45 9999   45 9999   45 9999
   45 9999   45 9999   45 9999   67 9999  281                                   
    65.0 -60.0  60.0   5.0 350.0                            LAT/LON1/LON2/DLON/H
 9999 9999  281 9999  281 9999   67 9999   51 9999   51 9999   45 9999   45 9999
   45 9999   45 9999   45 9999   56 9999  842                                   
    60.0 -60.0  60.0   5.0 350.0                            LAT/LON1/LON2/DLON/H
 9999 9999  842  281  842  112   84   67   67   51   45   45   45   45   45   45
   45   45   45   45   51   84  842  842 9999                                   
    55.0 -60.0  60.0   5.0 350.0                            LAT/LON1/LON2/DLON/H
 9999  842  842  842  842  842  842  281   84   67   45   45   45   45   45   45
   45   39   45   51  281  842  842 9999 9999                                   
    50.0 -60.0  60.0   5.0 350.0                            LAT/LON1/LON2/DLON/H
 9999 9999  842  842  842  842  842  842  281   67   45   45   45   45   39   39
   45   45   51  112  842  842 9999 9999 9999                                   
    45.0 -60.0  60.0   5.0 350.0                            LAT/LON1/LON2/DLON/H
 9999 9999  842  842  842  281  112  112   84   51   45   39   39   39   39   45
   51   56   67  112  842  842 9999 9999 9999                                   
    40.0 -60.0  60.0   5.0 350.0                            LAT/LON1/LON2/DLON/H
 9999 9999  842  842  281  112   84   56   45   45   45   45   39   39   45   45
   45   51   56   84   84  842 9999 9999 9999                                   
