70_EGNOS_Project/core/files/PositionComparisonInputFiles/bute0190/y2019_d019_136ems_ionex_Europe_5x5_IGPMap_All_with_fixedIntervals.19i
     1.0            IONOSPHERE MAPS     GPS                 IONEX VERSION / TYPE
GINA 1.0            GINA Project        18-03-2019 18:49:31 PGM / RUN BY / DATE 
TEC values in 10e-1 [TEC] 9999, if no value available       COMMENT             
Infrastructure: Robert Bosch Kft., Budapest                 DESCRIPTION         
Creator: Balazs Lupsic                                      DESCRIPTION         
Contact adress: balazs.lupsic@hu.bosch.com                  DESCRIPTION         
Contact adress: balazs.lupsic@gmail.com                     DESCRIPTION         
  2019     1    18    23    59    59                        EPOCH OF FIRST MAP  
  2019     1    19    23     0     0                        EPOCH OF LAST MAP   
  3600                                                      INTERVAL            
    24                                                      # OF MAPS IN FILE   
   TBD                                                      MAPPING FUNCTION    
     0.0                                                    ELEVATION CUTOFF    
TEC is obtained from EGNOS                                  OBSERVABLES USED    
  6371.4                                                    BASE RADIUS         
     2                                                      MAP DIMENSION       
   350.0 350.0   0.0                                        HGT1 / HGT2 / DHGT  
    90.0  10.0  -5.0                                        LAT1 / LAT2 / DLAT  
   -60.0  60.0   5.0                                        LON1 / LON2 / DLON  
    -1                                                      EXPONENT            
                                                            END OF HEADER       
[from data line 2052]
    19                                                      START OF TEC MAP    
  2019     1    19    19     0     0                        EPOCH OF CURRENT MAP
    90.0 -60.0  60.0   5.0 350.0                            LAT/LON1/LON2/DLON/H
 9999 9999 9999 9999 9999 9999 9999 9999 9999 9999 9999 9999 9999 9999 9999 9999
 9999 9999 9999 9999 9999 9999 9999 9999 9999                                   
    85.0 -60.0  60.0   5.0 350.0                            LAT/LON1/LON2/DLON/H
   23 9999 9999 9999 9999 9999   23 9999 9999 9999 9999 9999   23 9999 9999 9999
 9999 9999   23 9999 9999 9999 9999 9999   23                                   
    80.0 -60.0  60.0   5.0 350.0                            LAT/LON1/LON2/DLON/H
 9999 9999 9999 9999 9999 9999 9999 9999 9999 9999 9999 9999 9999 9999 9999 9999
 9999 9999 9999 9999 9999 9999 9999 9999 9999                                   
    75.0 -60.0  60.0   5.0 350.0                            LAT/LON1/LON2/DLON/H
  100 9999   38 9999   31 9999   31 9999   23 9999   23 9999   23 9999   23 9999
   23 9999   23 9999   23 9999   23 9999   23                                   
    70.0 -60.0  60.0   5.0 350.0                            LAT/LON1/LON2/DLON/H
   23 9999   62 9999   54 9999   38 9999   31 9999   31 9999   23 9999   23 9999
   23 9999   23 9999   23 9999   23 9999   23                                   
    65.0 -60.0  60.0   5.0 350.0                            LAT/LON1/LON2/DLON/H
 9999 9999   85 9999   62 9999   38 9999   46 9999   38 9999   23 9999   23 9999
   23 9999   23 9999   23 9999   23 9999   38                                   
    60.0 -60.0  60.0   5.0 350.0                            LAT/LON1/LON2/DLON/H
   38   54   54   54   46   38   38   46   54   46   31   23   23   23   23   23
   23   23   23   23   23   23   23   31   38                                   
    55.0 -60.0  60.0   5.0 350.0                            LAT/LON1/LON2/DLON/H
 9999   38   38   54   69   62   31   38   38   31   23   23   23   23   23   23
   23   23   23   38   38   46   46   46 9999                                   
    50.0 -60.0  60.0   5.0 350.0                            LAT/LON1/LON2/DLON/H
 9999 9999   54   38   69   62   54   31   23   23   23   23   31   23   23   23
   23   23   38   54   69   23   62   69 9999                                   
    45.0 -60.0  60.0   5.0 350.0                            LAT/LON1/LON2/DLON/H
 9999 9999   85   62   46   46   46   23   23   23   23   23   31   31   23   23
   31   38   31   31   31   38   62 9999 9999                                   
    40.0 -60.0  60.0   5.0 350.0                            LAT/LON1/LON2/DLON/H
 9999 9999   85   77   69   69   54   54   46   31   38   46   46   46   46   46
   54   54   46   31   23   23   85 9999 9999                                   
    35.0 -60.0  60.0   5.0 350.0                            LAT/LON1/LON2/DLON/H
 9999 9999   77   85  100   85   77   62   46   46   54   54   62   62   62   62
   62   62   62   46   23   23  154 9999 9999                                   
    30.0 -60.0  60.0   5.0 350.0                            LAT/LON1/LON2/DLON/H
 9999 9999 9999 9999 9999   92   85   69   69   69   62   54   62   77   77   77
   62   62   54   46   38   54   69 9999 9999                                   
    25.0 -60.0  60.0   5.0 350.0                            LAT/LON1/LON2/DLON/H
 9999 9999 9999 9999 9999   62  146  139  131  123  100   69   69   62   69   62
   54   54   46   46   54   69 9999 9999 9999                                   
    20.0 -60.0  60.0   5.0 350.0                            LAT/LON1/LON2/DLON/H
 9999 9999 9999 9999 9999 9999  208  185  185  162  131   92   92  100  146   54
   62   69   92   54   77   85 9999 9999 9999                                   
    15.0 -60.0  60.0   5.0 350.0                            LAT/LON1/LON2/DLON/H
 9999 9999 9999 9999 9999 9999 9999  231  223  200  169  154 9999 9999 9999  308
  139  108  123  131  162 9999 9999 9999 9999                                   
    10.0 -60.0  60.0   5.0 350.0                            LAT/LON1/LON2/DLON/H
 9999 9999 9999 9999 9999 9999 9999  192  185  185  169 9999 9999 9999 9999 9999
 9999 9999 9999 9999 9999 9999 9999 9999 9999                                   
    19                                                      END OF TEC MAP      
    19                                                      START OF RMS MAP    
  2019     1    19    19     0     0                        EPOCH OF CURRENT MAP
    90.0 -60.0  60.0   5.0 350.0                            LAT/LON1/LON2/DLON/H
 9999 9999 9999 9999 9999 9999 9999 9999 9999 9999 9999 9999 9999 9999 9999 9999
 9999 9999 9999 9999 9999 9999 9999 9999 9999                                   
    85.0 -60.0  60.0   5.0 350.0                            LAT/LON1/LON2/DLON/H
  842 9999 9999 9999 9999 9999  281 9999 9999 9999 9999 9999  281 9999 9999 9999
 9999 9999  281 9999 9999 9999 9999 9999  842                                   
    80.0 -60.0  60.0   5.0 350.0                            LAT/LON1/LON2/DLON/H
 9999 9999 9999 9999 9999 9999 9999 9999 9999 9999 9999 9999 9999 9999 9999 9999
 9999 9999 9999 9999 9999 9999 9999 9999 9999                                   
    75.0 -60.0  60.0   5.0 350.0                            LAT/LON1/LON2/DLON/H
  842 9999  842 9999  281 9999   56 9999   51 9999   45 9999   45 9999   39 9999
   39 9999   45 9999   45 9999   51 9999  112                                   
    70.0 -60.0  60.0   5.0 350.0                            LAT/LON1/LON2/DLON/H
  842 9999  842 9999  112 9999   56 9999   45 9999   45 9999   45 9999   45 9999
   45 9999   45 9999   45 9999   84 9999  281                                   
    65.0 -60.0  60.0   5.0 350.0                            LAT/LON1/LON2/DLON/H
 9999 9999  842 9999  112 9999   51 9999   45 9999   45 9999   45 9999   45 9999
   45 9999   45 9999   51 9999  112 9999  842                                   
    60.0 -60.0  60.0   5.0 350.0                            LAT/LON1/LON2/DLON/H
  842  842  842  842  842  281  112   51   45   45   45   45   45   45   45   45
   45   45   51   67   84  842  842  842  842                                   
    55.0 -60.0  60.0   5.0 350.0                            LAT/LON1/LON2/DLON/H
 9999  842  842  842  842  842  842  281   67   56   45   45   45   45   45   45
   45   45   51   84  842  842  842  842 9999                                   
    50.0 -60.0  60.0   5.0 350.0                            LAT/LON1/LON2/DLON/H
 9999 9999  842  842  842  842  842  842   84   45   45   39   39   39   39   39
   45   45   51  112  842  842  842  842 9999                                   
    45.0 -60.0  60.0   5.0 350.0                            LAT/LON1/LON2/DLON/H
 9999 9999  842  842  842  281   56  112   56   45   39   39   39   39   39   39
   45   45   45   56  281  842  842 9999 9999                                   
    40.0 -60.0  60.0   5.0 350.0                            LAT/LON1/LON2/DLON/H
 9999 9999  842  842  842   84  112   67   45   45   45   45   39   39   39   39
   39   45   45   51   84  842  842 9999 9999                                   
    35.0 -60.0  60.0   5.0 350.0                            LAT/LON1/LON2/DLON/H
 9999 9999  842  842  842  281   67   45   39   45   45   45   45   45   39   39
   39   45   45   45  112  842  842 9999 9999                                   
    30.0 -60.0  60.0   5.0 350.0                            LAT/LON1/LON2/DLON/H
 9999 9999 9999 9999 9999  842  281   45   39   45   45   51   67   56   56   51
   51   45   67   84  281  842  842 9999 9999                                   
    25.0 -60.0  60.0   5.0 350.0                            LAT/LON1/LON2/DLON/H
 9999 9999 9999 9999 9999  842  842   45   45   45   56  281  281  842  842  842
  281  281  281  112  842  842 9999 9999 9999                                   
    20.0 -60.0  60.0   5.0 350.0                            LAT/LON1/LON2/DLON/H
 9999 9999 9999 9999 9999 9999  842  842  281   56  281  281  842  842  842  842
  842  842  842  842  842  842 9999 9999 9999                                   
    15.0 -60.0  60.0   5.0 350.0                            LAT/LON1/LON2/DLON/H
 9999 9999 9999 9999 9999 9999 9999  842  281  281  842  842 9999 9999 9999  842
  842  842  842  842  842 9999 9999 9999 9999                                   
    10.0 -60.0  60.0   5.0 350.0                            LAT/LON1/LON2/DLON/H
 9999 9999 9999 9999 9999 9999 9999  842  842  842  842 9999 9999 9999 9999 9999
 9999 9999 9999 9999 9999 9999 9999 9999 9999                                   
    19                                                      END OF RMS MAP      
    20                                                      START OF TEC MAP    
  2019     1    19    20     0     0                        EPOCH OF CURRENT MAP
    90.0 -60.0  60.0   5.0 350.0                            LAT/LON1/LON2/DLON/H
 9999 9999 9999 9999 9999 9999 9999 9999 9999 9999 9999 9999 9999 9999 9999 9999
 9999 9999 9999 9999 9999 9999 9999 9999 9999                                   
    85.0 -60.0  60.0   5.0 350.0                            LAT/LON1/LON2/DLON/H
   23 9999 9999 9999 9999 9999   23 9999 9999 9999 9999 9999   31 9999 9999 9999
 9999 9999   31 9999 9999 9999 9999 9999   31                                   
    80.0 -60.0  60.0   5.0 350.0                            LAT/LON1/LON2/DLON/H
 9999 9999 9999 9999 9999 9999 9999 9999 9999 9999 9999 9999 9999 9999 9999 9999
 9999 9999 9999 9999 9999 9999 9999 9999 9999                                   
    75.0 -60.0  60.0   5.0 350.0                            LAT/LON1/LON2/DLON/H
  100 9999   38 9999   46 9999   54 9999   54 9999   46 9999   38 9999   23 9999
   23 9999   23 9999   23 9999   23 9999   23                                   
    70.0 -60.0  60.0   5.0 350.0                            LAT/LON1/LON2/DLON/H
   23 9999   69 9999   46 9999   46 9999   54 9999   46 9999   38 9999   31 9999
   23 9999   23 9999   23 9999   31 9999   23                                   
    65.0 -60.0  60.0   5.0 350.0                            LAT/LON1/LON2/DLON/H
 9999 9999   85 9999   46 9999   31 9999   38 9999   31 9999   23 9999   23 9999
   23 9999   23 9999   23 9999   23 9999   38                                   
    60.0 -60.0  60.0   5.0 350.0                            LAT/LON1/LON2/DLON/H
   38   54   54   54   46   46   46   46   31   23   23   23   23   23   23   23
   23   23   23   23   23   38   38   31   38                                   
    55.0 -60.0  60.0   5.0 350.0                            LAT/LON1/LON2/DLON/H
 9999   38   38   54   54   54   46   46   31   23   23   23   23   23   23   23
   23   23   23   23   38   54   46   46 9999                                   
    50.0 -60.0  60.0   5.0 350.0                            LAT/LON1/LON2/DLON/H
 9999 9999   54   38   69   62   38   38   38   31   31   31   31   23   23   23
   23   23   23   38   23   23   62   69 9999                                   
    45.0 -60.0  60.0   5.0 350.0                            LAT/LON1/LON2/DLON/H
 9999 9999   85   62   46   23   23   23   23   31   38   31   31   31   31   31
   31   31   38   46   23   23   62 9999 9999                                   
    40.0 -60.0  60.0   5.0 350.0                            LAT/LON1/LON2/DLON/H
 9999 9999   85   77   69   69   54   46   23   38   46   46   46   54   54   46
   38   46   54   38   23   38   85 9999 9999                                   
    35.0 -60.0  60.0   5.0 350.0                            LAT/LON1/LON2/DLON/H
 9999 9999   77   85  100   77   85   62   38   46   54   62   62   69   69   62
   54   54   62   54   77   54  154 9999 9999                                   
    30.0 -60.0  60.0   5.0 350.0                            LAT/LON1/LON2/DLON/H
 9999 9999 9999 9999 9999   77   85   62   69   69   69   62   62   77   85   69
   69   62   54   54   62   54   69 9999 9999                                   
    25.0 -60.0  60.0   5.0 350.0                            LAT/LON1/LON2/DLON/H
 9999 9999 9999 9999 9999   62  146  108  108  100  100   85   62   85   85   69
   77   69   54   46   54   69 9999 9999 9999                                   
    20.0 -60.0  60.0   5.0 350.0                            LAT/LON1/LON2/DLON/H
 9999 9999 9999 9999 9999 9999  208  162  146  123  108   85  100  108  108   92
   92   85   69   54  131   85 9999 9999 9999                                   
    15.0 -60.0  60.0   5.0 350.0                            LAT/LON1/LON2/DLON/H
 9999 9999 9999 9999 9999 9999 9999  231  239  169  131  108 9999 9999 9999  308
  139  108   69  131  162 9999 9999 9999 9999                                   
    10.0 -60.0  60.0   5.0 350.0                            LAT/LON1/LON2/DLON/H
 9999 9999 9999 9999 9999 9999 9999  192  185  185  169 9999 9999 9999 9999 9999
 9999 9999 9999 9999 9999 9999 9999 9999 9999                                   
    20                                                      END OF TEC MAP      
    20                                                      START OF RMS MAP    
  2019     1    19    20     0     0                        EPOCH OF CURRENT MAP
    90.0 -60.0  60.0   5.0 350.0                            LAT/LON1/LON2/DLON/H
 9999 9999 9999 9999 9999 9999 9999 9999 9999 9999 9999 9999 9999 9999 9999 9999
 9999 9999 9999 9999 9999 9999 9999 9999 9999                                   
    85.0 -60.0  60.0   5.0 350.0                            LAT/LON1/LON2/DLON/H
  842 9999 9999 9999 9999 9999  842 9999 9999 9999 9999 9999  112 9999 9999 9999
 9999 9999  112 9999 9999 9999 9999 9999  842                                   
    80.0 -60.0  60.0   5.0 350.0                            LAT/LON1/LON2/DLON/H
 9999 9999 9999 9999 9999 9999 9999 9999 9999 9999 9999 9999 9999 9999 9999 9999
 9999 9999 9999 9999 9999 9999 9999 9999 9999                                   
    75.0 -60.0  60.0   5.0 350.0                            LAT/LON1/LON2/DLON/H
  842 9999  281 9999  842 9999  281 9999   67 9999   51 9999   45 9999   45 9999
   45 9999   45 9999   67 9999  281 9999  842                                   
    70.0 -60.0  60.0   5.0 350.0                            LAT/LON1/LON2/DLON/H
  842 9999  842 9999  842 9999   56 9999   45 9999   45 9999   45 9999   45 9999
   45 9999   51 9999   67 9999  281 9999  842                                   
    65.0 -60.0  60.0   5.0 350.0                            LAT/LON1/LON2/DLON/H
 9999 9999  842 9999  281 9999   51 9999   45 9999   45 9999   45 9999   45 9999
   45 9999   45 9999   67 9999  281 9999  842                                   
    60.0 -60.0  60.0   5.0 350.0                            LAT/LON1/LON2/DLON/H
  842  842  842  842  842  281   56   45   45   45   45   45   45   45   45   45
   45   45   51   51   67  281  842  842  842                                   
    55.0 -60.0  60.0   5.0 350.0                            LAT/LON1/LON2/DLON/H
 9999  842  842  842  842  842  842  112   67   45   45   45   39   39   45   45
   45   45   51   67  281  842  842  842 9999                                   
    50.0 -60.0  60.0   5.0 350.0                            LAT/LON1/LON2/DLON/H
 9999 9999  842  842  842  842  842  842  112   51   45   45   39   39   45   45
   45   51   67  112  842  842  842  842 9999                                   
    45.0 -60.0  60.0   5.0 350.0                            LAT/LON1/LON2/DLON/H
 9999 9999  842  842  842  842  281  281   67   51   45   45   45   45   45   45
   45   45   51   67  112  842  842 9999 9999                                   
    40.0 -60.0  60.0   5.0 350.0                            LAT/LON1/LON2/DLON/H
 9999 9999  842  842  842   84  112   84   56   45   45   45   45   45   45   45
   45   45   45   51   84  842  842 9999 9999                                   
