70_EGNOS_Project/core/files/PositionComparisonInputFiles/bute0190/y2019_d019_136ems_ionex_Europe_5x5_IGPMap_All_with_fixedIntervals.19i
     1.0            IONOSPHERE MAPS     GPS                 IONEX VERSION / TYPE
GINA 1.0            GINA Project        18-03-2019 18:49:31 PGM / RUN BY / DATE 
TEC values in 10e-1 [TEC] 9999, if no value available       COMMENT             
Infrastructure: Robert Bosch Kft., Budapest                 DESCRIPTION         
Creator: Balazs Lupsic                                      DESCRIPTION         
Contact adress: balazs.lupsic@hu.bosch.com                  DESCRIPTION         
Contact adress: balazs.lupsic@gmail.com                     DESCRIPTION         
  2019     1    18    23    59    59                        EPOCH OF FIRST MAP  
  2019     1    19    23     0     0                        EPOCH OF LAST MAP   
  3600                                                      INTERVAL            
    24                                                      # OF MAPS IN FILE   
   TBD                                                      MAPPING FUNCTION    
     0.0                                                    ELEVATION CUTOFF    
TEC is obtained from EGNOS                                  OBSERVABLES USED    
  6371.4                                                    BASE RADIUS         
     2                                                      MAP DIMENSION       
   350.0 350.0   0.0                                        HGT1 / HGT2 / DHGT  
    90.0  10.0  -5.0                                        LAT1 / LAT2 / DLAT  
   -60.0  60.0   5.0                                        LON1 / LON2 / DLON  
    -1                                                      EXPONENT            
                                                            END OF HEADER       
[from data line 2376]
    22                                                      START OF TEC MAP    
  2019     1    19    22     0     0                        EPOCH OF CURRENT MAP
    90.0 -60.0  60.0   5.0 350.0                            LAT/LON1/LON2/DLON/H
 9999 9999 9999 9999 9999 9999 9999 9999 9999 9999 9999 9999 9999 9999 9999 9999
 9999 9999 9999 9999 9999 9999 9999 9999 9999                                   
    85.0 -60.0  60.0   5.0 350.0                            LAT/LON1/LON2/DLON/H
   23 9999 9999 9999 9999 9999   23 9999 9999 9999 9999 9999   23 9999 9999 9999
 9999 9999   23 9999 9999 9999 9999 9999   23                                   
    80.0 -60.0  60.0   5.0 350.0                            LAT/LON1/LON2/DLON/H
 9999 9999 9999 9999 9999 9999 9999 9999 9999 9999 9999 9999 9999 9999 9999 9999
 9999 9999 9999 9999 9999 9999 9999 9999 9999                                   
    75.0 -60.0  60.0   5.0 350.0                            LAT/LON1/LON2/DLON/H
  100 9999   46 9999   23 9999   23 9999   23 9999   23 9999   23 9999   23 9999
   23 9999   23 9999   23 9999   23 9999   23                                   
    70.0 -60.0  60.0   5.0 350.0                            LAT/LON1/LON2/DLON/H
   23 9999   85 9999   54 9999   38 9999   38 9999   31 9999   23 9999   23 9999
   23 9999   23 9999   23 9999   31 9999   23                                   
    65.0 -60.0  60.0   5.0 350.0                            LAT/LON1/LON2/DLON/H
 9999 9999  100 9999   62 9999   46 9999   46 9999   31 9999   23 9999   23 9999
   23 9999   23 9999   23 9999   23 9999   23                                   
    60.0 -60.0  60.0   5.0 350.0                            LAT/LON1/LON2/DLON/H
   38   54   54  108   77   54   46   38   31   23   23   23   23   23   23   23
   23   23   23   23   23   23   23   54   38                                   
    55.0 -60.0  60.0   5.0 350.0                            LAT/LON1/LON2/DLON/H
 9999   38   38   54   54   38   31   31   23   23   23   23   23   23   23   23
   23   23   23   31   46   92   23   46 9999                                   
    50.0 -60.0  60.0   5.0 350.0                            LAT/LON1/LON2/DLON/H
 9999 9999   54   38   69   46   38   38   31   23   23   23   23   23   23   23
   23   23   31   62   69   85   62   69 9999                                   
    45.0 -60.0  60.0   5.0 350.0                            LAT/LON1/LON2/DLON/H
 9999 9999   85   62   54   38   38   46   31   23   23   23   31   31   38   38
   38   38   38   31   38   46   62 9999 9999                                   
    40.0 -60.0  60.0   5.0 350.0                            LAT/LON1/LON2/DLON/H
 9999 9999   85   77   54   62   54   54   38   31   38   38   38   46   46   46
   46   46   38   38   31   31   85 9999 9999                                   
    35.0 -60.0  60.0   5.0 350.0                            LAT/LON1/LON2/DLON/H
 9999 9999   77   85  100   85   69   62   46   46   54   62   54   54   54   54
   54   46   46   38   38   46  154 9999 9999                                   
    30.0 -60.0  60.0   5.0 350.0                            LAT/LON1/LON2/DLON/H
 9999 9999 9999 9999 9999   77   69   62   62   62   69   54   46   69   69   69
   62   54   54   38   38   54   69 9999 9999                                   
    25.0 -60.0  60.0   5.0 350.0                            LAT/LON1/LON2/DLON/H
 9999 9999 9999 9999 9999   92   85   69   77   77   77   62   54   77   77   77
   69   62   54   46   69   23 9999 9999 9999                                   
    20.0 -60.0  60.0   5.0 350.0                            LAT/LON1/LON2/DLON/H
 9999 9999 9999 9999 9999 9999  115   85   92   92   92   92   92  108  108   92
   77   69   54   31   23   85 9999 9999 9999                                   
    15.0 -60.0  60.0   5.0 350.0                            LAT/LON1/LON2/DLON/H
 9999 9999 9999 9999 9999 9999 9999  123  108  100  100   69  100 9999 9999  308
  139   62   46   23  162 9999 9999 9999 9999                                   
    10.0 -60.0  60.0   5.0 350.0                            LAT/LON1/LON2/DLON/H
 9999 9999 9999 9999 9999 9999 9999  108   92  115  169 9999 9999 9999 9999 9999
 9999 9999 9999 9999 9999 9999 9999 9999 9999                                   
    22                                                      END OF TEC MAP      
    22                                                      START OF RMS MAP    
  2019     1    19    22     0     0                        EPOCH OF CURRENT MAP
    90.0 -60.0  60.0   5.0 350.0                            LAT/LON1/LON2/DLON/H
 9999 9999 9999 9999 9999 9999 9999 9999 9999 9999 9999 9999 9999 9999 9999 9999
 9999 9999 9999 9999 9999 9999 9999 9999 9999                                   
    85.0 -60.0  60.0   5.0 350.0                            LAT/LON1/LON2/DLON/H
  842 9999 9999 9999 9999 9999  842 9999 9999 9999 9999 9999  281 9999 9999 9999
 9999 9999  281 9999 9999 9999 9999 9999  842                                   
    80.0 -60.0  60.0   5.0 350.0                            LAT/LON1/LON2/DLON/H
 9999 9999 9999 9999 9999 9999 9999 9999 9999 9999 9999 9999 9999 9999 9999 9999
 9999 9999 9999 9999 9999 9999 9999 9999 9999                                   
    75.0 -60.0  60.0   5.0 350.0                            LAT/LON1/LON2/DLON/H
  842 9999  842 9999  842 9999  112 9999   56 9999   56 9999   51 9999   67 9999
   67 9999   67 9999  281 9999  842 9999  842                                   
    70.0 -60.0  60.0   5.0 350.0                            LAT/LON1/LON2/DLON/H
  842 9999  842 9999  281 9999   67 9999   45 9999   45 9999   51 9999   51 9999
   56 9999   84 9999  281 9999  842 9999  842                                   
    65.0 -60.0  60.0   5.0 350.0                            LAT/LON1/LON2/DLON/H
 9999 9999  842 9999  281 9999   51 9999   45 9999   45 9999   51 9999   51 9999
   56 9999   67 9999  112 9999  842 9999  842                                   
    60.0 -60.0  60.0   5.0 350.0                            LAT/LON1/LON2/DLON/H
  842  842  842  842  842  112   67   56   51   45   45   45   45   45   45   45
   45   51   67   84  842  842  842  842  842                                   
    55.0 -60.0  60.0   5.0 350.0                            LAT/LON1/LON2/DLON/H
 9999  842  842  842  842  842  281  112   51   45   45   45   45   45   45   45
   45   45   51  112  842  842  281  842 9999                                   
    50.0 -60.0  60.0   5.0 350.0                            LAT/LON1/LON2/DLON/H
 9999 9999  842  842  842  842  842  842   84   51   51   45   45   45   45   39
   39   45   51   84  842  842  842  842 9999                                   
    45.0 -60.0  60.0   5.0 350.0                            LAT/LON1/LON2/DLON/H
 9999 9999  842  842  842  842  281   84   56   51   45   45   45   45   39   39
   45   45   45   56  281  842  842 9999 9999                                   
    40.0 -60.0  60.0   5.0 350.0                            LAT/LON1/LON2/DLON/H
 9999 9999  842  842  842   84   84   56   45   45   45   45   45   39   39   39
   39   39   45   51  281  842  842 9999 9999                                   
    35.0 -60.0  60.0   5.0 350.0                            LAT/LON1/LON2/DLON/H
 9999 9999  842  842  842  112   56   45   39   39   45   45   45   45   45   39
   39   45   39   45   84  842  842 9999 9999                                   
    30.0 -60.0  60.0   5.0 350.0                            LAT/LON1/LON2/DLON/H
 9999 9999 9999 9999 9999  842  281   45   45   39   45   51   67   51   51   45
   39   39   45   45  112  842  842 9999 9999                                   
    25.0 -60.0  60.0   5.0 350.0                            LAT/LON1/LON2/DLON/H
 9999 9999 9999 9999 9999  842  112   67   39   39   51  112  842  281  842  842
  281   56   45   45  842  842 9999 9999 9999                                   
    20.0 -60.0  60.0   5.0 350.0                            LAT/LON1/LON2/DLON/H
 9999 9999 9999 9999 9999 9999  842  281   67   51   84  281  842  842  842  842
  842  281  112  281  842  842 9999 9999 9999                                   
    15.0 -60.0  60.0   5.0 350.0                            LAT/LON1/LON2/DLON/H
 9999 9999 9999 9999 9999 9999 9999  842  112   84  281  281  842 9999 9999  842
  842  842  842  842  842 9999 9999 9999 9999                                   
    10.0 -60.0  60.0   5.0 350.0                            LAT/LON1/LON2/DLON/H
 9999 9999 9999 9999 9999 9999 9999  842  842  842  842 9999 9999 9999 9999 9999
 9999 9999 9999 9999 9999 9999 9999 9999 9999                                   
    22                                                      END OF RMS MAP      
    23                                                      START OF TEC MAP    
  2019     1    19    23     0     0                        EPOCH OF CURRENT MAP
    90.0 -60.0  60.0   5.0 350.0                            LAT/LON1/LON2/DLON/H
 9999 9999 9999 9999 9999 9999 9999 9999 9999 9999 9999 9999 9999 9999 9999 9999
 9999 9999 9999 9999 9999 9999 9999 9999 9999                                   
    85.0 -60.0  60.0   5.0 350.0                            LAT/LON1/LON2/DLON/H
   54 9999 9999 9999 9999 9999   23 9999 9999 9999 9999 9999   23 9999 9999 9999
 9999 9999   23 9999 9999 9999 9999 9999   23                                   
    80.0 -60.0  60.0   5.0 350.0                            LAT/LON1/LON2/DLON/H
 9999 9999 9999 9999 9999 9999 9999 9999 9999 9999 9999 9999 9999 9999 9999 9999
 9999 9999 9999 9999 9999 9999 9999 9999 9999                                   
    75.0 -60.0  60.0   5.0 350.0                            LAT/LON1/LON2/DLON/H
   46 9999   23 9999   23 9999   23 9999   23 9999   23 9999   23 9999   23 9999
   23 9999   23 9999   23 9999   23 9999   31                                   
    70.0 -60.0  60.0   5.0 350.0                            LAT/LON1/LON2/DLON/H
   23 9999   23 9999   38 9999   46 9999   46 9999   38 9999   31 9999   23 9999
   23 9999   23 9999   38 9999   62 9999   62                                   
    65.0 -60.0  60.0   5.0 350.0                            LAT/LON1/LON2/DLON/H
 9999 9999   69 9999   54 9999   38 9999   38 9999   38 9999   23 9999   23 9999
   23 9999   23 9999   23 9999   46 9999  100                                   
    60.0 -60.0  60.0   5.0 350.0                            LAT/LON1/LON2/DLON/H
   38   54   54  108   46   38   23   23   23   23   23   31   23   23   23   23
   23   23   23   23   23   23   38   54   38                                   
    55.0 -60.0  60.0   5.0 350.0                            LAT/LON1/LON2/DLON/H
 9999   38   38   54   23   23   23   23   23   23   23   23   23   23   23   23
   23   23   31   46   46   62   23   46 9999                                   
    50.0 -60.0  60.0   5.0 350.0                            LAT/LON1/LON2/DLON/H
 9999 9999   54   31   23   31   31   46   38   23   23   23   23   31   31   31
   31   31   46   54   54   38   62   69 9999                                   
    45.0 -60.0  60.0   5.0 350.0                            LAT/LON1/LON2/DLON/H
 9999 9999   85   62   54   54   54   62   46   31   23   31   31   38   31   31
   31   38   31   23   23   23   62 9999 9999                                   
    40.0 -60.0  60.0   5.0 350.0                            LAT/LON1/LON2/DLON/H
 9999 9999   85   77   54   69   54   46   31   23   31   38   38   46   46   46
   46   46   38   38   31   31   85 9999 9999                                   
    35.0 -60.0  60.0   5.0 350.0                            LAT/LON1/LON2/DLON/H
 9999 9999   77   85   85   85   62   54   38   38   38   46   46   54   54   54
   54   46   46   54   54   46  154 9999 9999                                   
    30.0 -60.0  60.0   5.0 350.0                            LAT/LON1/LON2/DLON/H
 9999 9999 9999 9999 9999   85   69   62   54   54   54   62   62   62   62   54
   46   46   46   46   54   54   69 9999 9999                                   
    25.0 -60.0  60.0   5.0 350.0                            LAT/LON1/LON2/DLON/H
 9999 9999 9999 9999 9999   92   85   77   69   69   69   69   69   77   77   62
   54   54   46   46   46   23 9999 9999 9999                                   
    20.0 -60.0  60.0   5.0 350.0                            LAT/LON1/LON2/DLON/H
 9999 9999 9999 9999 9999 9999   92   92   85   85   85  100   92   54  108   92
   62   54   54   46   46   85 9999 9999 9999                                   
    15.0 -60.0  60.0   5.0 350.0                            LAT/LON1/LON2/DLON/H
 9999 9999 9999 9999 9999 9999 9999  108  100   85   85  100  100 9999 9999  308
   62   54   46   23  162 9999 9999 9999 9999                                   
    10.0 -60.0  60.0   5.0 350.0                            LAT/LON1/LON2/DLON/H
 9999 9999 9999 9999 9999 9999 9999   85  100  100   85   62 9999 9999 9999 9999
 9999 9999 9999 9999 9999 9999 9999 9999 9999                                   
    23                                                      END OF TEC MAP      
    23                                                      START OF RMS MAP    
  2019     1    19    23     0     0                        EPOCH OF CURRENT MAP
    90.0 -60.0  60.0   5.0 350.0                            LAT/LON1/LON2/DLON/H
 9999 9999 9999 9999 9999 9999 9999 9999 9999 9999 9999 9999 9999 9999 9999 9999
 9999 9999 9999 9999 9999 9999 9999 9999 9999                                   
    85.0 -60.0  60.0   5.0 350.0                            LAT/LON1/LON2/DLON/H
  842 9999 9999 9999 9999 9999  842 9999 9999 9999 9999 9999  842 9999 9999 9999
 9999 9999  842 9999 9999 9999 9999 9999  842                                   
    80.0 -60.0  60.0   5.0 350.0                            LAT/LON1/LON2/DLON/H
 9999 9999 9999 9999 9999 9999 9999 9999 9999 9999 9999 9999 9999 9999 9999 9999
 9999 9999 9999 9999 9999 9999 9999 9999 9999                                   
    75.0 -60.0  60.0   5.0 350.0                            LAT/LON1/LON2/DLON/H
  842 9999  842 9999  281 9999  281 9999   84 9999   67 9999   56 9999   51 9999
   51 9999   56 9999   67 9999  112 9999  842                                   
    70.0 -60.0  60.0   5.0 350.0                            LAT/LON1/LON2/DLON/H
  842 9999  842 9999  842 9999   84 9999   51 9999   51 9999   51 9999   45 9999
   51 9999   51 9999   84 9999  842 9999  842                                   
    65.0 -60.0  60.0   5.0 350.0                            LAT/LON1/LON2/DLON/H
 9999 9999  842 9999  112 9999   51 9999   56 9999   45 9999   45 9999   45 9999
   45 9999   51 9999   56 9999  842 9999  842                                   
    60.0 -60.0  60.0   5.0 350.0                            LAT/LON1/LON2/DLON/H
  842  842  842  842  842  112   67   67   51   51   51   45   45   45   45   45
   45   51   51   56   84  281  842  842  842                                   
    55.0 -60.0  60.0   5.0 350.0                            LAT/LON1/LON2/DLON/H
 9999  842  842  842  842  842  842   84   56   45   51   56   45   45   45   45
   45   45   51   67  281  842  281  842 9999                                   
    50.0 -60.0  60.0   5.0 350.0                            LAT/LON1/LON2/DLON/H
 9999 9999  842  842  842  842  842  842   84   51   51   45   45   45   45   45
   45   45   56  281  842  842  842  842 9999                                   
    45.0 -60.0  60.0   5.0 350.0                            LAT/LON1/LON2/DLON/H
 9999 9999  842  842  842   84  112  112   84   51   45   45   45   45   39   39
   45   45   45  112  842  842  842 9999 9999                                   
    40.0 -60.0  60.0   5.0 350.0                            LAT/LON1/LON2/DLON/H
 9999 9999  842  842  281   67  112   67   67   51   45   45   45   39   39   39
   39   45   45   51   67  842  842 9999 9999                                   
