70_EGNOS_Project/core/files/PositionComparisonInputFiles/bute0190/y2019_d019_136ems_ionex_Europe_1x1_IGPMap_All_with_fixedIntervals_3600.19i
     1.0            IONOSPHERE MAPS     GPS                 IONEX VERSION / TYPE
GINA 1.0            GINA Project        08-04-2019 17:56:55 PGM / RUN BY / DATE 
TEC values in 10e-1 [TEC] 9999, if no value available       COMMENT             
Infrastructure: Robert Bosch Kft., Budapest                 DESCRIPTION         
Creator: Balazs Lupsic                                      DESCRIPTION         
Contact adress: balazs.lupsic@hu.bosch.com                  DESCRIPTION         
Contact adress: balazs.lupsic@gmail.com                     DESCRIPTION         
  2019     1    18    23    59    59                        EPOCH OF FIRST MAP  
  2019     1    19    23     0     0                        EPOCH OF LAST MAP   
  3600                                                      INTERVAL            
    24                                                      # OF MAPS IN FILE   
   TBD                                                      MAPPING FUNCTION    
     0.0                                                    ELEVATION CUTOFF    
TEC is obtained from EGNOS                                  OBSERVABLES USED    
  6371.4                                                    BASE RADIUS         
     2                                                      MAP DIMENSION       
   350.0 350.0   0.0                                        HGT1 / HGT2 / DHGT  
    90.0  10.0  -1.0                                        LAT1 / LAT2 / DLAT  
   -60.0  60.0   1.0                                        LON1 / LON2 / DLON  
    -1                                                      EXPONENT            
                                                            END OF HEADER       
[from data line 16104]
    11                                                      START OF TEC MAP    
  2019     1    19    11     0     0                        EPOCH OF CURRENT MAP
    90.0 -60.0  60.0   1.0 350.0                            LAT/LON1/LON2/DLON/H
 9999 9999 9999 9999 9999 9999 9999 9999 9999 9999 9999 9999 9999 9999 9999 9999
 9999 9999 9999 9999 9999 9999 9999 9999 9999 9999 9999 9999 9999 9999 9999 9999
 9999 9999 9999 9999 9999 9999 9999 9999 9999 9999 9999 9999 9999 9999 9999 9999
 9999 9999 9999 9999 9999 9999 9999 9999 9999 9999 9999 9999 9999 9999 9999 9999
 9999 9999 9999 9999 9999 9999 9999 9999 9999 9999 9999 9999 9999 9999 9999 9999
 9999 9999 9999 9999 9999 9999 9999 9999 9999 9999 9999 9999 9999 9999 9999 9999
 9999 9999 9999 9999 9999 9999 9999 9999 9999 9999 9999 9999 9999 9999 9999 9999
 9999 9999 9999 9999 9999 9999 9999 9999 9999                                   
    89.0 -60.0  60.0   1.0 350.0                            LAT/LON1/LON2/DLON/H
 9999 9999 9999 9999 9999 9999 9999 9999 9999 9999 9999 9999 9999 9999 9999 9999
 9999 9999 9999 9999 9999 9999 9999 9999 9999 9999 9999 9999 9999 9999 9999 9999
 9999 9999 9999 9999 9999 9999 9999 9999 9999 9999 9999 9999 9999 9999 9999 9999
 9999 9999 9999 9999 9999 9999 9999 9999 9999 9999 9999 9999 9999 9999 9999 9999
 9999 9999 9999 9999 9999 9999 9999 9999 9999 9999 9999 9999 9999 9999 9999 9999
 9999 9999 9999 9999 9999 9999 9999 9999 9999 9999 9999 9999 9999 9999 9999 9999
 9999 9999 9999 9999 9999 9999 9999 9999 9999 9999 9999 9999 9999 9999 9999 9999
 9999 9999 9999 9999 9999 9999 9999 9999 9999                                   
    88.0 -60.0  60.0   1.0 350.0                            LAT/LON1/LON2/DLON/H
 9999 9999 9999 9999 9999 9999 9999 9999 9999 9999 9999 9999 9999 9999 9999 9999
 9999 9999 9999 9999 9999 9999 9999 9999 9999 9999 9999 9999 9999 9999 9999 9999
 9999 9999 9999 9999 9999 9999 9999 9999 9999 9999 9999 9999 9999 9999 9999 9999
 9999 9999 9999 9999 9999 9999 9999 9999 9999 9999 9999 9999 9999 9999 9999 9999
 9999 9999 9999 9999 9999 9999 9999 9999 9999 9999 9999 9999 9999 9999 9999 9999
 9999 9999 9999 9999 9999 9999 9999 9999 9999 9999 9999 9999 9999 9999 9999 9999
 9999 9999 9999 9999 9999 9999 9999 9999 9999 9999 9999 9999 9999 9999 9999 9999
 9999 9999 9999 9999 9999 9999 9999 9999 9999                                   
    87.0 -60.0  60.0   1.0 350.0                            LAT/LON1/LON2/DLON/H
 9999 9999 9999 9999 9999 9999 9999 9999 9999 9999 9999 9999 9999 9999 9999 9999
 9999 9999 9999 9999 9999 9999 9999 9999 9999 9999 9999 9999 9999 9999 9999 9999
 9999 9999 9999 9999 9999 9999 9999 9999 9999 9999 9999 9999 9999 9999 9999 9999
 9999 9999 9999 9999 9999 9999 9999 9999 9999 9999 9999 9999 9999 9999 9999 9999
 9999 9999 9999 9999 9999 9999 9999 9999 9999 9999 9999 9999 9999 9999 9999 9999
 9999 9999 9999 9999 9999 9999 9999 9999 9999 9999 9999 9999 9999 9999 9999 9999
 9999 9999 9999 9999 9999 9999 9999 9999 9999 9999 9999 9999 9999 9999 9999 9999
 9999 9999 9999 9999 9999 9999 9999 9999 9999                                   
    86.0 -60.0  60.0   1.0 350.0                            LAT/LON1/LON2/DLON/H
 9999 9999 9999 9999 9999 9999 9999 9999 9999 9999 9999 9999 9999 9999 9999 9999
 9999 9999 9999 9999 9999 9999 9999 9999 9999 9999 9999 9999 9999 9999 9999 9999
 9999 9999 9999 9999 9999 9999 9999 9999 9999 9999 9999 9999 9999 9999 9999 9999
 9999 9999 9999 9999 9999 9999 9999 9999 9999 9999 9999 9999 9999 9999 9999 9999
 9999 9999 9999 9999 9999 9999 9999 9999 9999 9999 9999 9999 9999 9999 9999 9999
 9999 9999 9999 9999 9999 9999 9999 9999 9999 9999 9999 9999 9999 9999 9999 9999
 9999 9999 9999 9999 9999 9999 9999 9999 9999 9999 9999 9999 9999 9999 9999 9999
 9999 9999 9999 9999 9999 9999 9999 9999 9999                                   
    85.0 -60.0  60.0   1.0 350.0                            LAT/LON1/LON2/DLON/H
  131  129  127  125  124  122  120  118  117  115  113  111  109  108  106  104
  102  100   99   97   95   93   91   90   88   86   84   82   81   79   77   75
   74   72   71   69   68   66   65   63   62   60   59   57   55   54   52   51
   49   48   46   45   43   42   40   38   37   35   34   32   31   31   30   30
   30   30   29   29   29   28   28   28   28   27   27   27   27   26   26   26
   26   25   25   25   25   24   24   24   24   23   23   23   23   23   23   23
   23   23   23   23   23   23   23   23   23   23   23   23   23   23   23   23
   23   23   23   23   23   23   23   23   23                                   
    84.0 -60.0  60.0   1.0 350.0                            LAT/LON1/LON2/DLON/H
 9999  118  117  115  114  112  110  109  107  106  104  102  101   99   97   96
   94   93   91   89   88   86   85   83   82   80   79   77   75   74   72   71
   70   68   67   66   65   63   62   61   59   58   56   55   53   52   51   49
   48   46   45   43   42   40   39   37   36   34   33   31   30   30   30   29
   29   29   29   28   28   28   28   27   27   27   27   27   26   26   26   26
   25   25   25   25   24   24   24   24   24   23   23   23   23   23   23   23
   23   23   23   23   23   23   23   23   23   23   23   23   23   23   23   23
   24   24   24   24   24   25   25   25   25                                   
    83.0 -60.0  60.0   1.0 350.0                            LAT/LON1/LON2/DLON/H
 9999  108  106  105  104  102  101   99   98   96   95   94   92   91   89   88
   86   85   83   82   81   79   78   77   75   74   73   72   70   69   68   67
   66   65   63   62   61   60   59   58   57   56   54   53   51   50   49   47
   46   44   43   42   40   39   38   36   35   33   32   31   29   29   29   29
   28   28   28   28   28   27   27   27   27   27   26   26   26   26   26   25
   25   25   25   25   24   24   24   24   24   23   23   23   23   23   23   23
   23   23   23   23   23   23   23   23   23   23   23   23   23   23   23   24
   24   24   25   25   26   26   27   27   28                                   
    82.0 -60.0  60.0   1.0 350.0                            LAT/LON1/LON2/DLON/H
 9999   97   96   95   94   92   91   90   88   87   86   85   83   82   81   80
   78   77   76   75   73   72   71   70   69   68   67   66   65   64   63   62
   61   61   60   59   58   57   56   56   55   53   52   51   49   48   47   45
   44   43   42   40   39   38   36   35   34   32   31   30   28   28   28   28
   28   28   27   27   27   27   27   27   26   26   26   26   26   25   25   25
   25   25   25   24   24   24   24   24   23   23   23   23   23   23   23   23
   23   23   23   23   23   23   23   23   23   23   23   23   23   23   23   24
   24   25   26   27   27   28   29   29   30                                   
    81.0 -60.0  60.0   1.0 350.0                            LAT/LON1/LON2/DLON/H
 9999   87   86   85   83   82   81   80   79   78   77   76   75   74   73   72
   71   69   68   67   66   65   65   64   63   62   62   61   60   59   59   58
   57   57   56   55   55   54   54   53   52   51   50   49   47   46   45   44
   42   41   40   39   38   36   35   34   33   31   30   29   28   28   27   27
   27   27   27   27   26   26   26   26   26   26   26   25   25   25   25   25
   25   24   24   24   24   24   24   24   23   23   23   23   23   23   23   23
   23   23   23   23   23   23   23   23   23   23   23   23   23   23   23   24
   25   26   27   28   29   30   30   31   32                                   
    80.0 -60.0  60.0   1.0 350.0                            LAT/LON1/LON2/DLON/H
 9999   76   75   74   73   72   72   71   70   69   68   67   66   65   64   64
   63   62   61   60   59   59   58   57   57   56   56   55   55   54   54   54
   53   53   52   52   52   51   51   50   50   49   48   47   45   44   43   42
   41   40   38   37   36   35   34   33   32   30   29   28   27   27   27   27
   26   26   26   26   26   26   26   26   25   25   25   25   25   25   25   25
   24   24   24   24   24   24   24   23   23   23   23   23   23   23   23   23
   23   23   23   23   23   23   23   23   23   23   23   23   23   23   23   24
   25   27   28   29   30   31   32   33   35                                   
    79.0 -60.0  60.0   1.0 350.0                            LAT/LON1/LON2/DLON/H
 9999   65   65   64   63   63   62   61   60   60   59   58   58   57   56   55
   55   54   53   53   52   52   51   51   51   51   50   50   50   50   49   49
   49   49   49   48   48   48   48   48   48   47   46   44   43   42   41   40
   39   38   37   36   35   34   33   32   30   29   28   27   26   26   26   26
   26   26   26   25   25   25   25   25   25   25   25   25   25   24   24   24
   24   24   24   24   24   24   24   23   23   23   23   23   23   23   23   23
   23   23   23   23   23   23   23   23   23   23   23   23   23   23   23   24
   26   27   29   30   31   33   34   36   37                                   
    78.0 -60.0  60.0   1.0 350.0                            LAT/LON1/LON2/DLON/H
 9999   55   54   54   53   53   52   52   51   51   50   50   49   48   48   47
   47   46   46   45   45   45   45   45   45   45   45   45   45   45   45   45
   45   45   45   45   45   45   45   45   45   44   43   42   41   40   39   38
   37   36   35   34   33   32   31   30   29   28   27   26   25   25   25   25
   25   25   25   25   25   25   25   25   24   24   24   24   24   24   24   24
   24   24   24   24   24   23   23   23   23   23   23   23   23   23   23   23
   23   23   23   23   23   23   23   23   23   23   23   23   23   23   23   25
   26   28   30   31   33   34   36   38   39                                   
    77.0 -60.0  60.0   1.0 350.0                            LAT/LON1/LON2/DLON/H
 9999   44   44   44   43   43   42   42   42   41   41   41   40   40   40   39
   39   39   38   38   37   38   38   38   38   39   39   39   40   40   40   40
   41   41   41   42   42   42   42   43   43   42   41   40   39   38   38   37
   36   35   34   33   32   31   30   29   28   27   26   26   25   25   25   24
   24   24   24   24   24   24   24   24   24   24   24   24   24   24   24   24
   24   24   24   23   23   23   23   23   23   23   23   23   23   23   23   23
   23   23   23   23   23   23   23   23   23   23   23   23   23   23   23   25
   27   29   30   32   34   36   38   40   42                                   
    76.0 -60.0  60.0   1.0 350.0                            LAT/LON1/LON2/DLON/H
 9999   34   34   33   33   33   33   33   32   32   32   32   32   32   31   31
   31   31   31   30   30   31   31   32   32   33   33   34   34   35   35   36
   36   37   38   38   39   39   40   40   41   40   39   38   37   37   36   35
   34   33   32   31   31   30   29   28   27   26   26   25   24   24   24   24
   24   24   24   24   24   24   24   24   24   24   24   23   23   23   23   23
   23   23   23   23   23   23   23   23   23   23   23   23   23   23   23   23
   23   23   23   23   23   23   23   23   23   23   23   23   23   23   23   25
   27   29   31   33   36   38   40   42   44                                   
    75.0 -60.0  60.0   1.0 350.0                            LAT/LON1/LON2/DLON/H
   23   23   23   23   23   23   23   23   23   23   23   23   23   23   23   23
   23   23   23   23   23   24   25   25   26   27   28   28   29   30   31   32
   32   33   34   35   35   36   37   38   38   38   37   36   35   35   34   33
   32   32   31   30   29   28   28   27   26   25   25   24   23   23   23   23
   23   23   23   23   23   23   23   23   23   23   23   23   23   23   23   23
   23   23   23   23   23   23   23   23   23   23   23   23   23   23   23   23
   23   23   23   23   23   23   23   23   23   23   23   23   23   23   23   25
   28   30   32   35   37   39   42   44   46                                   
    74.0 -60.0  60.0   1.0 350.0                            LAT/LON1/LON2/DLON/H
 9999   23   23   23   23   23   23   23   23   23   23   23   23   23   23   23
   23   23   23   23   23   24   25   26   27   28   29   30   30   31   32   33
   34   35   36   37   38   39   40   41   42   41   40   39   38   37   36   35
   34   33   32   31   30   30   29   28   27   26   25   24   23   23   23   23
   23   23   23   23   23   23   23   23   23   23   23   23   23   23   23   23
   23   23   23   23   23   23   23   23   23   23   23   23   23   24   24   24
   24   24   24   24   25   25   25   25   25   25   26   26   26   26   26   28
   30   32   34   36   38   40   42   44   46                                   
    73.0 -60.0  60.0   1.0 350.0                            LAT/LON1/LON2/DLON/H
 9999   23   23   23   23   23   23   23   23   23   23   23   23   23   23   23
   23   23   23   23   23   24   25   26   27   28   30   31   32   33   34   35
   36   37   38   39   40   41   42   44   45   44   42   41   40   39   38   37
   36   35   34   33   32   31   30   28   27   26   25   24   23   23   23   23
   23   23   23   23   23   23   23   23   23   23   23   23   23   23   23   23
   23   23   23   23   23   23   23   23   23   23   23   23   24   24   24   25
   25   25   26   26   26   26   27   27   27   28   28   28   29   29   29   31
   33   34   36   38   39   41   43   44   46                                   
    72.0 -60.0  60.0   1.0 350.0                            LAT/LON1/LON2/DLON/H
 9999   23   23   23   23   23   23   23   23   23   23   23   23   23   23   23
   23   23   23   23   23   24   26   27   28   29   30   32   33   34   35   37
   38   39   40   42   43   44   45   46   48   46   45   44   43   42   40   39
   38   37   35   34   33   32   30   29   28   27   26   24   23   23   23   23
   23   23   23   23   23   23   23   23   23   23   23   23   23   23   23   23
   23   23   23   23   23   23   23   23   23   23   23   24   24   24   25   25
   26   26   27   27   28   28   29   29   30   30   30   31   31   32   32   34
   35   36   38   39   41   42   43   45   46                                   
    71.0 -60.0  60.0   1.0 350.0                            LAT/LON1/LON2/DLON/H
 9999   23   23   23   23   23   23   23   23   23   23   23   23   23   23   23
   23   23   23   23   23   24   26   27   29   30   31   33   34   36   37   38
   40   41   42   44   45   47   48   49   51   49   48   47   45   44   42   41
   40   38   37   36   34   33   31   30   29   27   26   24   23   23   23   23
   23   23   23   23   23   23   23   23   23   23   23   23   23   23   23   23
   23   23   23   23   23   23   23   23   23   23   23   24   24   25   26   26
   27   27   28   29   29   30   30   31   32   32   33   34   34   35   35   36
   38   39   40   41   42   43   44   45   46                                   
    70.0 -60.0  60.0   1.0 350.0                            LAT/LON1/LON2/DLON/H
   23   23   23   23   23   23   23   23   23   23   23   23   23   23   23   23
   23   23   23   23   23   25   26   28   29   31   32   34   35   37   38   40
   42   43   45   46   48   49   51   52   54   52   51   49   48   46   45   43
   42   40   38   37   35   34   32   31   29   28   26   25   23   23   23   23
   23   23   23   23   23   23   23   23   23   23   23   23   23   23   23   23
   23   23   23   23   23   23   23   23   23   23   23   24   25   25   26   27
   28   28   29   30   31   32   32   33   34   35   35   36   37   38   38   39
   40   41   42   42   43   44   45   45   46                                   
    69.0 -60.0  60.0   1.0 350.0                            LAT/LON1/LON2/DLON/H
 9999   25   26   26   26   26   26   26   26   26   26   26   26   26   26   25
   25   25   25   25   25   26   28   29   31   32   34   35   37   38   40   42
   43   45   46   48   49   51   52   54   55   54   52   51   49   48   46   45
   43   42   40   38   37   35   34   32   31   29   28   26   25   24   24   24
   24   24   24   24   23   23   23   23   23   23   23   23   23   23   23   23
