70_EGNOS_Project/core/files/PositionComparisonInputFiles/bute0190/y2019_d019_136ems_ionex_Europe_5x5_IGPMap_All_with_fixedIntervals.19i
     1.0            IONOSPHERE MAPS     GPS                 IONEX VERSION / TYPE
GINA 1.0            GINA Project        18-03-2019 18:49:31 PGM / RUN BY / DATE 
TEC values in 10e-1 [TEC] 9999, if no value available       COMMENT             
Infrastructure: Robert Bosch Kft., Budapest                 DESCRIPTION         
Creator: Balazs Lupsic                                      DESCRIPTION         
Contact adress: balazs.lupsic@hu.bosch.com                  DESCRIPTION         
Contact adress: balazs.lupsic@gmail.com                     DESCRIPTION         
  2019     1    18    23    59    59                        EPOCH OF FIRST MAP  
  2019     1    19    23     0     0                        EPOCH OF LAST MAP   
  3600                                                      INTERVAL            
    24                                                      # OF MAPS IN FILE   
   TBD                                                      MAPPING FUNCTION    
     0.0                                                    ELEVATION CUTOFF    
TEC is obtained from EGNOS                                  OBSERVABLES USED    
  6371.4                                                    BASE RADIUS         
     2                                                      MAP DIMENSION       
   350.0 350.0   0.0                                        HGT1 / HGT2 / DHGT  
    90.0  10.0  -5.0                                        LAT1 / LAT2 / DLAT  
   -60.0  60.0   5.0                                        LON1 / LON2 / DLON  
    -1                                                      EXPONENT            
                                                            END OF HEADER       
[from data line 1620]
    15                                                      START OF TEC MAP    
  2019     1    19    15     0     0                        EPOCH OF CURRENT MAP
    90.0 -60.0  60.0   5.0 350.0                            LAT/LON1/LON2/DLON/H
 9999 9999 9999 9999 9999 9999 9999 9999 9999 9999 9999 9999 9999 9999 9999 9999
 9999 9999 9999 9999 9999 9999 9999 9999 9999                                   
    85.0 -60.0  60.0   5.0 350.0                            LAT/LON1/LON2/DLON/H
  131 9999 9999 9999 9999 9999   23 9999 9999 9999 9999 9999   23 9999 9999 9999
 9999 9999   23 9999 9999 9999 9999 9999   23                                   
    80.0 -60.0  60.0   5.0 350.0                            LAT/LON1/LON2/DLON/H
 9999 9999 9999 9999 9999 9999 9999 9999 9999 9999 9999 9999 9999 9999 9999 9999
 9999 9999 9999 9999 9999 9999 9999 9999 9999                                   
    75.0 -60.0  60.0   5.0 350.0                            LAT/LON1/LON2/DLON/H
  100 9999   69 9999  146 9999  100 9999   54 9999   31 9999   23 9999   23 9999
   23 9999   23 9999   23 9999   23 9999   23                                   
    70.0 -60.0  60.0   5.0 350.0                            LAT/LON1/LON2/DLON/H
   23 9999   69 9999  131 9999   85 9999   54 9999   46 9999   31 9999   23 9999
   23 9999   23 9999   23 9999   23 9999   23                                   
    65.0 -60.0  60.0   5.0 350.0                            LAT/LON1/LON2/DLON/H
 9999 9999   54 9999   77 9999   77 9999   69 9999   62 9999   38 9999   23 9999
   23 9999   23 9999   23 9999   23 9999   38                                   
    60.0 -60.0  60.0   5.0 350.0                            LAT/LON1/LON2/DLON/H
   38   54   54   77   69   92   92   92   77   62   46   38   31   31   23   23
   23   31   31   31   31   31   31   31   38                                   
    55.0 -60.0  60.0   5.0 350.0                            LAT/LON1/LON2/DLON/H
 9999   31   77   46   46   46   46   62   62   46   46   46   46   46   38   38
   31   31   31   31   38   38   38   46 9999                                   
    50.0 -60.0  60.0   5.0 350.0                            LAT/LON1/LON2/DLON/H
 9999 9999  100   69   54   62   69   62   62   62   54   54   54   54   46   38
   38   31   31   31   38   38   46 9999 9999                                   
    45.0 -60.0  60.0   5.0 350.0                            LAT/LON1/LON2/DLON/H
 9999 9999   85  123   31   69   77   69   62   54   54   54   62   54   54   46
   46   38   38   38   38   54   92 9999 9999                                   
    40.0 -60.0  60.0   5.0 350.0                            LAT/LON1/LON2/DLON/H
 9999 9999   46  123   85   77   85   77   69   54   54   54   62   69   62   54
   54   54   46   46   54   69   85 9999 9999                                   
    35.0 -60.0  60.0   5.0 350.0                            LAT/LON1/LON2/DLON/H
 9999 9999   77   85  100  100   92   92   77   69   77   85   85   85   85   77
   69   69   69   62   62   69  154 9999 9999                                   
    30.0 -60.0  60.0   5.0 350.0                            LAT/LON1/LON2/DLON/H
 9999 9999 9999 9999 9999  131  108  100  100  100  108  108  100  100  108  100
   85   85   77   69  108   31 9999 9999 9999                                   
    25.0 -60.0  60.0   5.0 350.0                            LAT/LON1/LON2/DLON/H
 9999 9999 9999 9999 9999   62  162  162  162  154  139  131  123  115  108  100
   92   92   92   85  115  108 9999 9999 9999                                   
    20.0 -60.0  60.0   5.0 350.0                            LAT/LON1/LON2/DLON/H
 9999 9999 9999 9999 9999 9999  177  216  216  208  192  169  154  162  146  123
  123  123  123  146  162  192 9999 9999 9999                                   
    15.0 -60.0  60.0   5.0 350.0                            LAT/LON1/LON2/DLON/H
 9999 9999 9999 9999 9999 9999 9999  208  208  200  208  216 9999 9999 9999  308
  162  154  162  162  139 9999 9999 9999 9999                                   
    10.0 -60.0  60.0   5.0 350.0                            LAT/LON1/LON2/DLON/H
 9999 9999 9999 9999 9999 9999 9999  131  200  200   77 9999 9999 9999 9999 9999
 9999 9999 9999 9999 9999 9999 9999 9999 9999                                   
    15                                                      END OF TEC MAP      
    15                                                      START OF RMS MAP    
  2019     1    19    15     0     0                        EPOCH OF CURRENT MAP
    90.0 -60.0  60.0   5.0 350.0                            LAT/LON1/LON2/DLON/H
 9999 9999 9999 9999 9999 9999 9999 9999 9999 9999 9999 9999 9999 9999 9999 9999
 9999 9999 9999 9999 9999 9999 9999 9999 9999                                   
    85.0 -60.0  60.0   5.0 350.0                            LAT/LON1/LON2/DLON/H
  842 9999 9999 9999 9999 9999  842 9999 9999 9999 9999 9999  112 9999 9999 9999
 9999 9999  112 9999 9999 9999 9999 9999  842                                   
    80.0 -60.0  60.0   5.0 350.0                            LAT/LON1/LON2/DLON/H
 9999 9999 9999 9999 9999 9999 9999 9999 9999 9999 9999 9999 9999 9999 9999 9999
 9999 9999 9999 9999 9999 9999 9999 9999 9999                                   
    75.0 -60.0  60.0   5.0 350.0                            LAT/LON1/LON2/DLON/H
  842 9999  842 9999  842 9999  281 9999   56 9999   51 9999   45 9999   45 9999
   45 9999   45 9999   51 9999   67 9999  281                                   
    70.0 -60.0  60.0   5.0 350.0                            LAT/LON1/LON2/DLON/H
  842 9999  842 9999  281 9999   56 9999   51 9999   51 9999   45 9999   45 9999
   45 9999   45 9999   45 9999   67 9999  281                                   
    65.0 -60.0  60.0   5.0 350.0                            LAT/LON1/LON2/DLON/H
 9999 9999  842 9999  842 9999   67 9999   56 9999   51 9999   45 9999   45 9999
   39 9999   39 9999   45 9999   84 9999  842                                   
    60.0 -60.0  60.0   5.0 350.0                            LAT/LON1/LON2/DLON/H
  842  842  842  842  842  842  281   51   51   51   45   45   45   45   45   39
   39   45   45   45   45   67  281  842  842                                   
    55.0 -60.0  60.0   5.0 350.0                            LAT/LON1/LON2/DLON/H
 9999  842  842  842  842  842  842  112   56   51   45   45   45   45   45   45
   45   45   45   56  112  281  842  842 9999                                   
    50.0 -60.0  60.0   5.0 350.0                            LAT/LON1/LON2/DLON/H
 9999 9999  842  842  842  842  842  842   84   51   45   45   45   45   45   45
   45   51   67  281  842  842  842 9999 9999                                   
    45.0 -60.0  60.0   5.0 350.0                            LAT/LON1/LON2/DLON/H
 9999 9999  842  842  842  281  281   67   67   51   45   45   45   45   45   45
   45   51   45   56  842  842  842 9999 9999                                   
    40.0 -60.0  60.0   5.0 350.0                            LAT/LON1/LON2/DLON/H
 9999 9999  842  842  842   84   84   51   45   45   45   45   45   45   45   45
   45   51   51   56   84  842  842 9999 9999                                   
    35.0 -60.0  60.0   5.0 350.0                            LAT/LON1/LON2/DLON/H
 9999 9999  842  842  842  112   51   45   39   39   39   39   39   39   39   45
   51   45   51   51  112  112  842 9999 9999                                   
    30.0 -60.0  60.0   5.0 350.0                            LAT/LON1/LON2/DLON/H
 9999 9999 9999 9999 9999  842  842   51   51   45   45   39   45   45   45   45
   67   67   56   56  842  281 9999 9999 9999                                   
    25.0 -60.0  60.0   5.0 350.0                            LAT/LON1/LON2/DLON/H
 9999 9999 9999 9999 9999  842  842  112   67   51   45   56   84  842  281  842
  281   67   51   84  842  842 9999 9999 9999                                   
    20.0 -60.0  60.0   5.0 350.0                            LAT/LON1/LON2/DLON/H
 9999 9999 9999 9999 9999 9999  842  842   84   67   67  281  842  842  842  842
  842  112   84  281  842  842 9999 9999 9999                                   
    15.0 -60.0  60.0   5.0 350.0                            LAT/LON1/LON2/DLON/H
 9999 9999 9999 9999 9999 9999 9999  842  112   67  112  842 9999 9999 9999  842
  842  842  842  842  842 9999 9999 9999 9999                                   
    10.0 -60.0  60.0   5.0 350.0                            LAT/LON1/LON2/DLON/H
 9999 9999 9999 9999 9999 9999 9999  842  842  842  842 9999 9999 9999 9999 9999
 9999 9999 9999 9999 9999 9999 9999 9999 9999                                   
    15                                                      END OF RMS MAP      
    16                                                      START OF TEC MAP    
  2019     1    19    16     0     0                        EPOCH OF CURRENT MAP
    90.0 -60.0  60.0   5.0 350.0                            LAT/LON1/LON2/DLON/H
 9999 9999 9999 9999 9999 9999 9999 9999 9999 9999 9999 9999 9999 9999 9999 9999
 9999 9999 9999 9999 9999 9999 9999 9999 9999                                   
    85.0 -60.0  60.0   5.0 350.0                            LAT/LON1/LON2/DLON/H
   23 9999 9999 9999 9999 9999   23 9999 9999 9999 9999 9999   23 9999 9999 9999
 9999 9999   23 9999 9999 9999 9999 9999   31                                   
    80.0 -60.0  60.0   5.0 350.0                            LAT/LON1/LON2/DLON/H
 9999 9999 9999 9999 9999 9999 9999 9999 9999 9999 9999 9999 9999 9999 9999 9999
 9999 9999 9999 9999 9999 9999 9999 9999 9999                                   
    75.0 -60.0  60.0   5.0 350.0                            LAT/LON1/LON2/DLON/H
  100 9999   69 9999   69 9999   46 9999   31 9999   23 9999   23 9999   23 9999
   23 9999   23 9999   23 9999   23 9999   23                                   
    70.0 -60.0  60.0   5.0 350.0                            LAT/LON1/LON2/DLON/H
   23 9999   85 9999   77 9999   46 9999   38 9999   31 9999   23 9999   23 9999
   23 9999   23 9999   23 9999   23 9999   23                                   
    65.0 -60.0  60.0   5.0 350.0                            LAT/LON1/LON2/DLON/H
 9999 9999   54 9999   85 9999   77 9999   62 9999   46 9999   31 9999   23 9999
   23 9999   23 9999   23 9999   23 9999   38                                   
    60.0 -60.0  60.0   5.0 350.0                            LAT/LON1/LON2/DLON/H
   38   54   54   77   77   77   69   69   62   46   38   31   31   23   23   23
   23   23   23   23   23   23   31   31   38                                   
    55.0 -60.0  60.0   5.0 350.0                            LAT/LON1/LON2/DLON/H
 9999   31   77   46   46   69   62   54   46   46   38   38   38   31   31   31
   23   23   23   23   23   31   46   46 9999                                   
    50.0 -60.0  60.0   5.0 350.0                            LAT/LON1/LON2/DLON/H
 9999 9999  100   54   54   62   69   69   69   62   46   46   38   38   31   31
   23   23   23   23   23   46   62   69 9999                                   
    45.0 -60.0  60.0   5.0 350.0                            LAT/LON1/LON2/DLON/H
 9999 9999   85   69   69   69   77   77   85   69   46   46   46   46   38   31
   31   31   31   23   23   46   62 9999 9999                                   
    40.0 -60.0  60.0   5.0 350.0                            LAT/LON1/LON2/DLON/H
 9999 9999   92   77   85   77   85   62   69   62   62   62   62   54   46   54
   54   54   46   38   38   54   85 9999 9999                                   
    35.0 -60.0  60.0   5.0 350.0                            LAT/LON1/LON2/DLON/H
 9999 9999   77   85  100  100  100   85   77   77   77   77   85   77   77   69
   69   54   54   46   38   54  154 9999 9999                                   
    30.0 -60.0  60.0   5.0 350.0                            LAT/LON1/LON2/DLON/H
 9999 9999 9999 9999 9999  131  123  115  100  100  100  100  108  108  100   85
   62   54   62   54   46   54   69 9999 9999                                   
    25.0 -60.0  60.0   5.0 350.0                            LAT/LON1/LON2/DLON/H
 9999 9999 9999 9999 9999   62  162  169  162  154  139  139  108  131  108  100
   69   38   69   62   54   69 9999 9999 9999                                   
    20.0 -60.0  60.0   5.0 350.0                            LAT/LON1/LON2/DLON/H
 9999 9999 9999 9999 9999 9999  177  216  216  200  185  185  162  162  146  123
  123  115  108  100   92   85 9999 9999 9999                                   
    15.0 -60.0  60.0   5.0 350.0                            LAT/LON1/LON2/DLON/H
 9999 9999 9999 9999 9999 9999 9999  208  223  216  208  216 9999 9999 9999  308
  162  154  154  154  162 9999 9999 9999 9999                                   
    10.0 -60.0  60.0   5.0 350.0                            LAT/LON1/LON2/DLON/H
 9999 9999 9999 9999 9999 9999 9999  131  200  177   77 9999 9999 9999 9999 9999
 9999 9999 9999 9999 9999 9999 9999 9999 9999                                   
    16                                                      END OF TEC MAP      
    16                                                      START OF RMS MAP    
  2019     1    19    16     0     0                        EPOCH OF CURRENT MAP
    90.0 -60.0  60.0   5.0 350.0                            LAT/LON1/LON2/DLON/H
 9999 9999 9999 9999 9999 9999 9999 9999 9999 9999 9999 9999 9999 9999 9999 9999
 9999 9999 9999 9999 9999 9999 9999 9999 9999                                   
    85.0 -60.0  60.0   5.0 350.0                            LAT/LON1/LON2/DLON/H
  842 9999 9999 9999 9999 9999  281 9999 9999 9999 9999 9999  112 9999 9999 9999
 9999 9999  112 9999 9999 9999 9999 9999  281                                   
    80.0 -60.0  60.0   5.0 350.0                            LAT/LON1/LON2/DLON/H
 9999 9999 9999 9999 9999 9999 9999 9999 9999 9999 9999 9999 9999 9999 9999 9999
 9999 9999 9999 9999 9999 9999 9999 9999 9999                                   
    75.0 -60.0  60.0   5.0 350.0                            LAT/LON1/LON2/DLON/H
  842 9999  842 9999  281 9999   84 9999   56 9999   51 9999   45 9999   45 9999
   45 9999   45 9999   45 9999   67 9999  281                                   
    70.0 -60.0  60.0   5.0 350.0                            LAT/LON1/LON2/DLON/H
  842 9999  842 9999  281 9999   67 9999   45 9999   45 9999   45 9999   45 9999
   45 9999   45 9999   45 9999   84 9999  842                                   
    65.0 -60.0  60.0   5.0 350.0                            LAT/LON1/LON2/DLON/H
 9999 9999  842 9999  281 9999   67 9999   51 9999   45 9999   45 9999   39 9999
   39 9999   45 9999   45 9999  281 9999  842                                   
    60.0 -60.0  60.0   5.0 350.0                            LAT/LON1/LON2/DLON/H
  842  842  842  842  842  281   56   51   45   45   45   45   39   39   39   39
   39   39   45   45   67   84  842  842  842                                   
    55.0 -60.0  60.0   5.0 350.0                            LAT/LON1/LON2/DLON/H
 9999  842  842  842  842  842  112   84   51   45   45   45   45   39   39   39
   39   39   45   56  281  842  842  842 9999                                   
    50.0 -60.0  60.0   5.0 350.0                            LAT/LON1/LON2/DLON/H
 9999 9999  842  842  842  842  842  281   84   51   45   45   45   45   39   45
   45   45   51  281  842  842  842  842 9999                                   
    45.0 -60.0  60.0   5.0 350.0                            LAT/LON1/LON2/DLON/H
 9999 9999  842  842  842  281  281  281   84   51   45   45   45   45   45   45
   45   45   51   56  281  842  842 9999 9999                                   
    40.0 -60.0  60.0   5.0 350.0                            LAT/LON1/LON2/DLON/H
 9999 9999  842  842  842   84  281   67   51   45   45   45   45   45   45   45
   45   51   51   45   45  112  842 9999 9999                                   
