70_EGNOS_Project/core/files/PositionComparisonInputFiles/bute0190/y2019_d019_136ems_ionex_Europe_2_5x2_5_IGPMap_All_with_fixedIntervals_1800sec.19i
     1.0            IONOSPHERE MAPS     GPS                 IONEX VERSION / TYPE
GINA 1.0            GINA Project        08-04-2019 17:46:48 PGM / RUN BY / DATE 
TEC values in 10e-1 [TEC] 9999, if no value available       COMMENT             
Infrastructure: Robert Bosch Kft., Budapest                 DESCRIPTION         
Creator: Balazs Lupsic                                      DESCRIPTION         
Contact adress: balazs.lupsic@hu.bosch.com                  DESCRIPTION         
Contact adress: balazs.lupsic@gmail.com                     DESCRIPTION         
  2019     1    18    23    59    59                        EPOCH OF FIRST MAP  
  2019     1    19    23     0     0                        EPOCH OF LAST MAP   
  1800                                                      INTERVAL            
    47                                                      # OF MAPS IN FILE   
   TBD                                                      MAPPING FUNCTION    
     0.0                                                    ELEVATION CUTOFF    
TEC is obtained from EGNOS                                  OBSERVABLES USED    
  6371.4                                                    BASE RADIUS         
     2                                                      MAP DIMENSION       
   350.0 350.0   0.0                                        HGT1 / HGT2 / DHGT  
    90.0  10.0  -2.5                                        LAT1 / LAT2 / DLAT  
   -60.0  60.0   2.5                                        LON1 / LON2 / DLON  
    -1                                                      EXPONENT            
                                                            END OF HEADER       
[from data line 10416]
    31                                                      START OF TEC MAP    
  2019     1    19    15    30     0                        EPOCH OF CURRENT MAP
    90.0 -60.0  60.0   2.5 350.0                            LAT/LON1/LON2/DLON/H
 9999 9999 9999 9999 9999 9999 9999 9999 9999 9999 9999 9999 9999 9999 9999 9999
 9999 9999 9999 9999 9999 9999 9999 9999 9999 9999 9999 9999 9999 9999 9999 9999
 9999 9999 9999 9999 9999 9999 9999 9999 9999 9999 9999 9999 9999 9999 9999 9999
 9999                                                                           
    87.5 -60.0  60.0   2.5 350.0                            LAT/LON1/LON2/DLON/H
 9999 9999 9999 9999 9999 9999 9999 9999 9999 9999 9999 9999 9999 9999 9999 9999
 9999 9999 9999 9999 9999 9999 9999 9999 9999 9999 9999 9999 9999 9999 9999 9999
 9999 9999 9999 9999 9999 9999 9999 9999 9999 9999 9999 9999 9999 9999 9999 9999
 9999                                                                           
    85.0 -60.0  60.0   2.5 350.0                            LAT/LON1/LON2/DLON/H
  131  122  113  104   95   86   77   68   59   50   41   32   23   23   23   23
   23   23   23   23   23   23   23   23   23   23   23   23   23   23   23   23
   23   23   23   23   23   23   23   23   23   23   23   23   23   23   23   23
   23                                                                           
    82.5 -60.0  60.0   2.5 350.0                            LAT/LON1/LON2/DLON/H
 9999  115  106   97   89   86   84   81   79   69   59   49   38   36   33   30
   27   26   26   26   25   25   24   24   23   23   23   23   23   23   23   23
   23   23   23   23   23   23   23   23   23   23   23   23   23   23   23   23
   23                                                                           
    80.0 -60.0  60.0   2.5 350.0                            LAT/LON1/LON2/DLON/H
 9999  107   99   90   82   86   90   95   99   88   76   65   54   48   42   37
   31   30   29   28   27   26   25   24   23   23   23   23   23   23   23   23
   23   23   23   23   23   23   23   23   23   23   23   23   23   23   23   23
   23                                                                           
    77.5 -60.0  60.0   2.5 350.0                            LAT/LON1/LON2/DLON/H
 9999  100   92   84   76   86   97  108  119  106   94   82   69   61   52   43
   35   33   32   30   29   27   26   25   23   23   23   23   23   23   23   23
   23   23   23   23   23   23   23   23   23   23   23   23   23   23   23   23
   23                                                                           
    75.0 -60.0  60.0   2.5 350.0                            LAT/LON1/LON2/DLON/H
  100   92   85   77   69   87  104  121  139  125  112   98   85   73   62   50
   38   37   35   33   31   29   27   25   23   23   23   23   23   23   23   23
   23   23   23   23   23   23   23   23   23   23   23   23   23   23   23   23
   23                                                                           
    72.5 -60.0  60.0   2.5 350.0                            LAT/LON1/LON2/DLON/H
 9999   64   65   67   69   87  104  121  139  122  106   89   73   66   60   53
   46   43   40   38   35   32   29   26   23   23   23   23   23   23   23   23
   23   23   23   23   23   23   23   23   23   23   23   23   23   23   23   23
   23                                                                           
    70.0 -60.0  60.0   2.5 350.0                            LAT/LON1/LON2/DLON/H
   23   35   46   58   69   87  104  121  139  119  100   81   62   60   58   56
   54   50   46   42   38   35   31   27   23   23   23   23   23   23   23   23
   23   23   23   23   23   23   23   23   23   23   23   23   23   23   23   23
   23                                                                           
    67.5 -60.0  60.0   2.5 350.0                            LAT/LON1/LON2/DLON/H
 9999   37   38   50   62   73   85   96  108   98   89   79   69   67   65   64
   62   58   54   50   46   41   37   32   27   26   25   24   23   23   23   23
   23   23   23   23   23   23   23   23   23   23   23   23   23   25   27   29
 9999                                                                           
    65.0 -60.0  60.0   2.5 350.0                            LAT/LON1/LON2/DLON/H
 9999   38   46   54   54   60   65   71   77   77   77   77   77   75   73   71
   69   65   62   58   54   48   42   37   31   29   27   25   23   23   23   23
   23   23   23   23   23   23   23   23   23   23   23   23   23   27   31   35
   38                                                                           
    62.5 -60.0  60.0   2.5 350.0                            LAT/LON1/LON2/DLON/H
 9999   40   46   54   54   65   64   77   73   85   79   85   85   81   77   77
   69   65   62   58   54   50   44   38   35   31   31   27   27   23   25   23
   23   23   23   23   23   23   25   23   27   27   27   27   27   27   33   35
 9999                                                                           
    60.0 -60.0  60.0   2.5 350.0                            LAT/LON1/LON2/DLON/H
   38   42   54   54   54   65   77   73   69   81   92   92   92   89   85   77
   69   65   62   58   54   50   46   42   38   35   31   31   31   27   23   23
   23   23   23   23   23   23   23   27   31   31   31   31   31   31   31   35
   38                                                                           
    57.5 -60.0  60.0   2.5 350.0                            LAT/LON1/LON2/DLON/H
 9999   35   42   54   65   64   62   60   58   64   69   77   85   81   77   71
   65   64   62   58   54   50   46   44   42   38   35   35   35   31   27   27
   27   25   23   23   23   23   23   29   35   33   31   35   38   38 9999 9999
 9999                                                                           
    55.0 -60.0  60.0   2.5 350.0                            LAT/LON1/LON2/DLON/H
 9999 9999   31   54   77   62   46   46   46   46   46   62   77   73   69   65
   62   62   62   58   54   50   46   46   46   42   38   38   38   35   31   31
   31   27   23   23   23   23   23   31   38   35   31   38   46   46   46 9999
 9999                                                                           
    52.5 -60.0  60.0   2.5 350.0                            LAT/LON1/LON2/DLON/H
 9999 9999 9999   65   89   73   58   54   50   52   54   64   73   69   65   62
   58   58   58   56   54   52   50   48   46   44   42   40   38   37   35   33
   31   27   23   23   23   23   23   31   38   38   38   46   54   56 9999 9999
 9999                                                                           
    50.0 -60.0  60.0   2.5 350.0                            LAT/LON1/LON2/DLON/H
 9999 9999 9999 9999  100   85   69   62   54   58   62   65   69   65   62   58
   54   54   54   54   54   54   54   50   46   46   46   42   38   38   38   35
   31   27   23   23   23   23   23   31   38   42   46   54   62   65   69 9999
 9999                                                                           
    47.5 -60.0  60.0   2.5 350.0                            LAT/LON1/LON2/DLON/H
 9999 9999 9999 9999 9999   94   96   69   42   54   65   69   73   65   58   56
   54   54   54   54   54   54   54   52   50   48   46   44   42   42   42   38
   35   33   31   27   23   23   23   29   35   40   46   54 9999 9999 9999 9999
 9999                                                                           
    45.0 -60.0  60.0   2.5 350.0                            LAT/LON1/LON2/DLON/H
 9999 9999 9999 9999   85  104  123   77   31   50   69   73   77   65   54   54
   54   54   54   54   54   54   54   54   54   50   46   46   46   46   46   42
   38   38   38   31   23   23   23   27   31   38   46   54   62 9999 9999 9999
 9999                                                                           
    42.5 -60.0  60.0   2.5 350.0                            LAT/LON1/LON2/DLON/H
 9999 9999 9999 9999 9999   94  123   90   58   65   73   75   77   69   62   60
   58   58   58   58   58   58   58   58   58   56   54   54   54   52   50   48
   46   46   46   40   35   35   35   37   38   44   50   62 9999 9999 9999 9999
 9999                                                                           
    40.0 -60.0  60.0   2.5 350.0                            LAT/LON1/LON2/DLON/H
 9999 9999 9999 9999   46   85  123  104   85   81   77   77   77   73   69   65
   62   62   62   62   62   62   62   62   62   62   62   62   62   58   54   54
   54   54   54   50   46   46   46   46   46   50   54   69   85 9999 9999 9999
 9999                                                                           
    37.5 -60.0  60.0   2.5 350.0                            LAT/LON1/LON2/DLON/H
 9999 9999 9999 9999 9999   83  104   98   92   90   89   89   89   83   77   71
   65   67   69   69   69   71   73   73   73   73   73   73   73   71   69   64
   58   58   58   56   54   54   54   52   50   52   54   87 9999 9999 9999 9999
 9999                                                                           
    35.0 -60.0  60.0   2.5 350.0                            LAT/LON1/LON2/DLON/H
 9999 9999 9999 9999   77   81   85   92  100  100  100  100  100   92   85   77
   69   73   77   77   77   81   85   85   85   85   85   85   85   85   85   73
   62   62   62   62   62   62   62   58   54   54   54  104  154 9999 9999 9999
 9999                                                                           
    32.5 -60.0  60.0   2.5 350.0                            LAT/LON1/LON2/DLON/H
 9999 9999 9999 9999 9999 9999 9999   79  108  115  115  110  104   98   92   92
   92   92   92   90   89   90   92   94   96   98  100   98   96   94   92   81
   69   67   65   67   69   65   62   58   54   62 9999 9999 9999 9999 9999 9999
 9999                                                                           
    30.0 -60.0  60.0   2.5 350.0                            LAT/LON1/LON2/DLON/H
 9999 9999 9999 9999 9999 9999 9999 9999   73   77  131  119  108  104  100  108
  115  112  108  104  100  100  100  104  108  112  115  112  108  104  100   89
   77   73   69   73   77   69   62   58   54   69   85 9999 9999 9999 9999 9999
 9999                                                                           
    27.5 -60.0  60.0   2.5 350.0                            LAT/LON1/LON2/DLON/H
 9999 9999 9999 9999 9999 9999 9999 9999 9999   67   71  115  135  135  135  137
  139  135  131  127  123  121  119  119  119  121  123  115  108  104  100   89
   77   75   73   77   81   73   65   62   58   79 9999 9999 9999 9999 9999 9999
 9999                                                                           
    25.0 -60.0  60.0   2.5 350.0                            LAT/LON1/LON2/DLON/H
 9999 9999 9999 9999 9999 9999 9999 9999 9999 9999   62  112  162  166  169  166
  162  158  154  150  146  142  139  135  131  131  131  119  108  104  100   89
   77   77   77   81   85   77   69   65   62   89  115 9999 9999 9999 9999 9999
 9999                                                                           
    22.5 -60.0  60.0   2.5 350.0                            LAT/LON1/LON2/DLON/H
 9999 9999 9999 9999 9999 9999 9999 9999 9999 9999 9999  119  169  189  208  198
  189  183  177  173  169  167  166  156  146  146  146  137  127  119  112  106
  100   98   96  100  104   96   89   85   81  100 9999 9999 9999 9999 9999 9999
 9999                                                                           
    20.0 -60.0  60.0   2.5 350.0                            LAT/LON1/LON2/DLON/H
 9999 9999 9999 9999 9999 9999 9999 9999 9999 9999 9999 9999  177  212  246  231
  216  208  200  196  192  192  192  177  162  162  162  154  146  135  123  123
  123  119  115  119  123  115  108  104  100  112  123 9999 9999 9999 9999 9999
 9999                                                                           
    17.5 -60.0  60.0   2.5 350.0                            LAT/LON1/LON2/DLON/H
 9999 9999 9999 9999 9999 9999 9999 9999 9999 9999 9999 9999 9999  192  227  223
  219  214  208  204  200  202  204 9999 9999 9999 9999 9999  235  227  216  179
  142  139  135  139  142  137  131  140 9999 9999 9999 9999 9999 9999 9999 9999
 9999                                                                           
    15.0 -60.0  60.0   2.5 350.0                            LAT/LON1/LON2/DLON/H
 9999 9999 9999 9999 9999 9999 9999 9999 9999 9999 9999 9999 9999 9999  208  216
  223  219  216  212  208  212  216 9999 9999 9999 9999 9999 9999 9999  308  235
  162  158  154  158  162  158  154  177  200 9999 9999 9999 9999 9999 9999 9999
 9999                                                                           
    12.5 -60.0  60.0   2.5 350.0                            LAT/LON1/LON2/DLON/H
 9999 9999 9999 9999 9999 9999 9999 9999 9999 9999 9999 9999 9999 9999 9999  191
  212  204  196  169  142 9999 9999 9999 9999 9999 9999 9999 9999 9999 9999 9999
 9999 9999 9999 9999 9999 9999 9999 9999 9999 9999 9999 9999 9999 9999 9999 9999
 9999                                                                           
    10.0 -60.0  60.0   2.5 350.0                            LAT/LON1/LON2/DLON/H
 9999 9999 9999 9999 9999 9999 9999 9999 9999 9999 9999 9999 9999 9999  131  166
  200  189  177  127   77 9999 9999 9999 9999 9999 9999 9999 9999 9999 9999 9999
 9999 9999 9999 9999 9999 9999 9999 9999 9999 9999 9999 9999 9999 9999 9999 9999
 9999                                                                           
    31                                                      END OF TEC MAP      
    31                                                      START OF RMS MAP    
  2019     1    19    15    30     0                        EPOCH OF CURRENT MAP
    90.0 -60.0  60.0   2.5 350.0                            LAT/LON1/LON2/DLON/H
 9999 9999 9999 9999 9999 9999 9999 9999 9999 9999 9999 9999 9999 9999 9999 9999
 9999 9999 9999 9999 9999 9999 9999 9999 9999 9999 9999 9999 9999 9999 9999 9999
 9999 9999 9999 9999 9999 9999 9999 9999 9999 9999 9999 9999 9999 9999 9999 9999
 9999                                                                           
    87.5 -60.0  60.0   2.5 350.0                            LAT/LON1/LON2/DLON/H
 9999 9999 9999 9999 9999 9999 9999 9999 9999 9999 9999 9999 9999 9999 9999 9999
 9999 9999 9999 9999 9999 9999 9999 9999 9999 9999 9999 9999 9999 9999 9999 9999
 9999 9999 9999 9999 9999 9999 9999 9999 9999 9999 9999 9999 9999 9999 9999 9999
 9999                                                                           
    85.0 -60.0  60.0   2.5 350.0                            LAT/LON1/LON2/DLON/H
  842  842  842  842  842  842  842  842  842  842  842  842  281  281  281  281
  281  281  281  281  281  281  281  281   84   84   84   84   84   84   84   84
   84   84   84   84  112  112  112  112  112  112  112  112  112  112  112  112
  842                                                                           
    82.5 -60.0  60.0   2.5 350.0                            LAT/LON1/LON2/DLON/H
 9999  842  842  842  842  816  789  761  732  645  546  423  245  245  245  245
  244  244  244  244  244  215  181  139   76   76   76   76   76   76   76   76
   76   83   89   95  100  100  100  100  100  102  103  105  106  383  531  646
  743                                                                           
    80.0 -60.0  60.0   2.5 350.0                            LAT/LON1/LON2/DLON/H
 9999  842  842  842  842  789  732  669  601  530  449  349  204  203  203  202
  201  201  201  201  201  177  150  116   68   68   68   68   68   68   68   68
   68   72   77   81   86   86   86   87   87   90   93   96   99  325  449  546
  628                                                                           
    77.5 -60.0  60.0   2.5 350.0                            LAT/LON1/LON2/DLON/H
 9999  842  842  842  842  761  669  564  432  382  324  253  152  150  149  147
