70_EGNOS_Project/core/files/codg0310.18i
     1.0            IONOSPHERE MAPS     GNSS                IONEX VERSION / TYPE
ADDNEQ2 V5.3        AIUB                04-FEB-18 20:17     PGM / RUN BY / DATE 
CODE'S GLOBAL IONOSPHERE MAPS FOR DAY 031, 2018             COMMENT             
Global ionosphere maps (GIM) are generated on a daily basis DESCRIPTION         
at CODE using data from about 300 GNSS sites of the IGS and DESCRIPTION         
other institutions. The vertical total electron content     DESCRIPTION         
(VTEC) is modeled in a solar-geomagnetic reference frame    DESCRIPTION         
using a spherical harmonics expansion up to degree and      DESCRIPTION         
order 15. Piece-wise linear functions are used for          DESCRIPTION         
representation in the time domain. The time spacing of      DESCRIPTION         
their vertices is 1 hour, conforming with the epochs of the DESCRIPTION         
VTEC maps.                                                  DESCRIPTION         
To convert line-of-sight TEC into vertical TEC, a modified  DESCRIPTION         
single-layer model mapping function approximating the JPL   DESCRIPTION         
extended slab model mapping function is adopted. The        DESCRIPTION         
mapping function is evaluated at geodetic satellite         DESCRIPTION         
elevation angles. For the computation of the ionospheric    DESCRIPTION         
pierce points, a spherical layer with a radius of 6821 km   DESCRIPTION         
is assumed, implying geocentric, not geodetic IONEX         DESCRIPTION         
latitudes.                                                  DESCRIPTION         
Instrumental biases with respect to each involved GNSS code DESCRIPTION         
observable are estimated as constant values for each        DESCRIPTION         
day. They are modeled with one set of bias parameters for   DESCRIPTION         
each satellite and each station in case of GPS and for each DESCRIPTION         
satellite-station link in case of GLONASS. The code bias    DESCRIPTION         
datum is defined by zero-mean conditions imposed on the     DESCRIPTION         
satellite bias estimates. In this file, just GPS C1W-C2W    DESCRIPTION         
satellite and station bias values are included. The         DESCRIPTION         
complete set of GNSS code bias results is provided in an    DESCRIPTION         
additional Bias-SINEX file as pseudo-absolute values        DESCRIPTION         
specific to each observable.                                DESCRIPTION         
Note: These GIM results correspond to the results for the   DESCRIPTION         
middle day of a 3-day combination analysis solving for 73   DESCRIPTION         
times 256, or 18688 VTEC parameters and 3 daily sets of     DESCRIPTION         
GNSS code bias parameters.                                  DESCRIPTION         
Contact address: code(at)aiub.unibe.ch                      DESCRIPTION         
Data archive:    ftp.aiub.unibe.ch/CODE/                    DESCRIPTION         
                 www.aiub.unibe.ch/download/CODE/           DESCRIPTION         
  2018     1    31     0     0     0                        EPOCH OF FIRST MAP  
  2018     2     1     0     0     0                        EPOCH OF LAST MAP   
  3600                                                      INTERVAL            
[...]
frdn func ganp glps glsv gmsd gode godz gol2 gold gope gras COMMENT             
graz guam guat guug harb hers hert hlfx hnlc hnpt hob2 hofn COMMENT             
holb hrao hyde iddr ieng ineg iqal irkj isba jog2 joz2 joze COMMENT             
karr kat1 kely kerg khar kir0 kiri kiru kokb kokv kouc koug COMMENT             
kour krgg lama laut lhaz lmmf lpal lpgs m0se mac1 madr mag0 COMMENT             
maju mal2 mana mas1 mat1 mate maui maw1 mbar mcm4 mdo1 mdvj COMMENT             
medi mets mgue mizu mkea mnls mobj mobk mobs monp morp mqzg COMMENT             
mro1 mtka nain nano naur nico nist nium nklg nlib nnor not1 COMMENT             
novm nrc1 nril nrmd ntus nya1 nyal ohi2 ohi3 onsa opmt ous2 COMMENT             
pado parc park pbri pdel penc pert pfa2 pie1 pimo pohn pol2 COMMENT             
polv pots pove prds ptag ptbb ptvl qaq1 quin rabt ramo rbay COMMENT             
recf reun reyk rgdg rio2 riop roth salu samo sant savo sch2 COMMENT             
scor scrz sctb scub sfer shao sofi spt0 ssia stjo stk2 str2 COMMENT             
suth sutm suwn sydn syog tabl tabv thtg thti thu2 thu3 tid1 COMMENT             
tidb tixg tixi tlse tn22 tnml tong tow2 tro1 tsea tskb tuva COMMENT             
twtf txes uclu ufpr ulab unb3 unbj unbn unsa urum urus usud COMMENT             
vald vill voim vtsp wab1 wab2 wark wes2 wgtn whit will wind COMMENT             
wsrt wtza wtzr wtzs wtzz xmis yakt yar2 yar3 yarr ycba yell COMMENT             
ykro yssk zamb zeck zim2 zim3 zimj zimm                     COMMENT             
                                                            END OF HEADER       
[from data line 9009]
    22                                                      START OF TEC MAP    
  2018     1    31    21     0     0                        EPOCH OF CURRENT MAP
    87.5-180.0 180.0   5.0 450.0                            LAT/LON1/LON2/DLON/H
   29   29   29   30   30   30   30   30   30   29   29   29   28   28   27   27
   26   25   25   24   23   22   22   21   20   19   18   18   17   16   16   15
   15   14   14   13   13   13   13   13   13   13   13   13   14   14   14   15
   16   16   17   17   18   19   19   20   21   22   22   23   24   24   25   25
   26   26   27   27   28   28   28   29   29
    85.0-180.0 180.0   5.0 450.0                            LAT/LON1/LON2/DLON/H
   33   34   34   35   35   36   36   36   36   36   36   35   35   34   33   32
   31   30   28   27   25   24   22   21   19   18   16   15   14   12   11   10
   10    9    8    8    7    7    6    6    6    7    7    7    8    9   10   11
   12   13   14   16   17   18   20   21   22   23   24   25   26   27   28   28
   29   29   30   31   31   32   32   33   33
    82.5-180.0 180.0   5.0 450.0                            LAT/LON1/LON2/DLON/H
   33   34   35   36   37   38   39   39   40   40   41   40   40   39   38   36
   35   33   31   29   27   25   22   20   19   17   15   14   12   11   10    9
    8    7    7    6    5    5    4    4    4    4    4    5    5    6    8    9
   11   12   14   16   18   20   22   23   25   26   27   28   29   29   29   30
   30   30   30   30   31   31   31   32   33
    80.0-180.0 180.0   5.0 450.0                            LAT/LON1/LON2/DLON/H
   28   29   31   32   34   36   38   40   41   42   43   43   43   42   40   39
   37   34   32   30   27   25   23   20   19   17   16   14   13   13   12   12
   11   10   10    9    8    8    7    6    6    5    5    6    6    7    9   10
   12   14   16   19   21   23   25   27   28   29   30   30   30   30   30   29
   29   28   27   27   26   26   27   27   28
    77.5-180.0 180.0   5.0 450.0                            LAT/LON1/LON2/DLON/H
   21   23   25   27   30   33   35   38   40   42   43   44   44   43   41   39
   37   35   32   30   27   25   23   21   19   18   17   16   16   16   16   16
   17   17   16   16   15   14   13   12   11   10    9    9   10   10   12   13
   15   18   20   22   25   27   29   30   31   32   32   32   31   30   29   27
   26   24   23   22   21   20   20   21   21
    75.0-180.0 180.0   5.0 450.0                            LAT/LON1/LON2/DLON/H
   16   17   20   22   26   29   33   36   39   41   43   44   44   43   41   39
   37   34   32   30   27   25   23   22   20   19   18   18   18   19   20   22
   23   23   24   23   22   21   20   18   16   15   14   14   14   15   16   17
   19   21   23   26   28   29   31   32   33   33   33   32   30   29   27   25
   23   21   19   17   16   15   15   15   16
    72.5-180.0 180.0   5.0 450.0                            LAT/LON1/LON2/DLON/H
   14   15   18   20   24   27   31   35   39   42   43   44   44   43   41   39
   36   34   32   30   29   27   25   23   22   20   20   19   20   21   23   25
   27   28   29   29   28   26   24   22   20   19   18   18   18   18   19   21
   22   24   26   27   29   30   31   32   32   32   31   30   28   26   24   22
   20   18   17   16   14   14   13   13   14
    70.0-180.0 180.0   5.0 450.0                            LAT/LON1/LON2/DLON/H
   18   19   20   23   26   29   33   37   41   43   45   46   45   44   42   40
   38   36   34   33   32   31   29   27   24   22   20   20   20   21   23   26
   28   29   30   30   29   27   25   23   21   20   20   19   20   21   22   23
   24   25   26   27   28   29   29   30   30   29   28   27   25   23   22   20
   19   18   18   17   17   17   17   17   18
    67.5-180.0 180.0   5.0 450.0                            LAT/LON1/LON2/DLON/H
   26   27   28   29   32   35   38   41   45   48   49   50   49   48   46   43
   41   40   39   38   38   36   34   31   28   24   21   19   18   19   21   23
   25   26   27   27   25   24   22   20   19   19   19   19   21   22   23   23
   24   24   25   25   25   26   26   26   26   25   24   23   22   21   20   19
   19   20   21   22   23   24   25   25   26
    65.0-180.0 180.0   5.0 450.0                            LAT/LON1/LON2/DLON/H
   37   38   39   40   41   43   45   48   51   53   55   56   56   54   52   49
   47   46   46   45   45   43   41   36   31   26   21   18   16   16   17   19
   20   21   21   20   19   17   16   15   15   15   17   18   20   21   22   23
   23   23   22   22   22   22   22   22   22   22   21   20   20   19   19   20
   21   23   26   29   31   34   35   37   37
    62.5-180.0 180.0   5.0 450.0                            LAT/LON1/LON2/DLON/H
   49   50   51   52   52   53   54   56   58   60   62   63   63   62   60   58
   56   54   54   53   52   50   46   41   35   28   22   18   15   14   14   15
   16   16   15   14   12   11   10   10   11   13   15   18   20   21   22   22
   22   21   20   19   18   18   18   19   19   19   19   19   19   19   20   21
   23   26   30   35   39   43   46   48   49
    60.0-180.0 180.0   5.0 450.0                            LAT/LON1/LON2/DLON/H
   59   61   62   63   64   64   64   65   66   68   70   72   72   72   70   67
   65   63   62   60   58   55   51   45   38   31   25   20   17   15   15   14
   14   13   11   10    8    8    8    9   11   13   16   18   21   22   23   22
   22   20   19   18   17   17   17   18   18   19   20   20   20   20   21   23
   25   29   34   39   44   49   53   56   59
    57.5-180.0 180.0   5.0 450.0                            LAT/LON1/LON2/DLON/H
   65   69   72   74   75   75   75   74   74   75   77   80   81   81   80   77
   74   71   69   66   63   58   53   48   41   35   30   25   22   21   19   18
   16   14   12   10   10   10   11   13   15   17   20   22   23   24   24   24
   23   22   20   19   18   18   18   19   20   21   22   23   23   23   24   25
   27   30   34   40   46   52   57   61   65
    55.0-180.0 180.0   5.0 450.0                            LAT/LON1/LON2/DLON/H
   68   74   79   84   87   87   86   84   83   84   85   88   90   90   88   85
   82   78   74   69   65   60   54   49   45   40   37   34   31   29   28   25
   23   20   17   16   16   18   20   22   24   25   26   27   28   28   28   28
   27   26   25   23   22   22   22   22   23   24   25   26   27   27   27   27
   27   29   33   38   44   50   56   62   68
    52.5-180.0 180.0   5.0 450.0                            LAT/LON1/LON2/DLON/H
   68   76   85   92   97  100   99   96   94   93   94   96   97   97   95   92
   88   83   78   72   66   60   55   51   49   47   45   44   42   40   38   35
   31   28   25   25   27   30   33   35   36   36   35   34   34   33   33   33
   33   32   31   30   29   27   27   26   27   28   29   30   31   31   30   28
   27   28   31   35   41   48   54   61   68
    50.0-180.0 180.0   5.0 450.0                            LAT/LON1/LON2/DLON/H
   68   78   89  100  108  112  113  110  107  105  105  105  105  104  101   97
   92   87   81   74   67   61   57   55   55   55   55   54   52   50   46   43
   39   36   35   36   40   44   48   49   48   47   44   42   40   39   39   39
   40   40   39   38   36   34   32   31   31   31   33   34   35   35   33   30
   28   27   28   32   38   45   52   60   68
    47.5-180.0 180.0   5.0 450.0                            LAT/LON1/LON2/DLON/H
   70   81   94  107  118  124  126  125  122  119  117  116  114  110  106  100
   96   91   85   78   71   65   62   61   63   65   65   63   60   56   52   48
   44   42   43   47   52   58   62   62   60   56   52   49   46   45   44   45
   47   47   47   45   43   40   37   35   34   34   35   36   38   38   36   32
   29   27   27   31   38   45   53   61   70
    45.0-180.0 180.0   5.0 450.0                            LAT/LON1/LON2/DLON/H
   73   85   98  112  126  135  139  138  136  133  130  127  123  117  110  104
   99   96   91   86   79   74   71   72   74   75   74   70   64   58   53   49
   46   46   48   55   63   69   73   72   69   64   59   55   52   50   49   51
   52   54   53   51   48   44   41   38   36   36   36   38   40   40   38   35
   30   28   29   33   40   48   56   64   73
    42.5-180.0 180.0   5.0 450.0                            LAT/LON1/LON2/DLON/H
   79   89  102  116  130  141  147  149  148  146  143  139  132  124  116  109
  104  102  100   96   91   87   85   85   86   85   81   73   64   57   51   48
   47   48   52   60   70   78   81   79   74   69   64   60   57   54   54   55
   56   58   57   55   51   47   43   40   38   37   37   39   42   43   41   37
   33   30   32   37   45   55   63   71   79
    40.0-180.0 180.0   5.0 450.0                            LAT/LON1/LON2/DLON/H
   86   94  104  117  131  142  150  154  155  155  153  149  142  132  122  115
  111  110  110  109  106  103  101  100   99   95   86   74   63   54   50   48
   48   50   56   65   75   83   85   83   77   72   68   65   62   58   57   57
   58   59   58   56   52   48   44   41   39   38   39   41   43   45   44   40
   36   34   36   42   52   63   72   80   86
    37.5-180.0 180.0   5.0 450.0                            LAT/LON1/LON2/DLON/H
   93   99  106  117  129  139  147  153  156  159  159  157  150  140  130  123
  120  120  121  122  121  119  117  115  111  103   90   76   63   55   52   53
   54   57   62   71   80   87   88   85   80   75   73   70   67   62   59   57
   58   58   57   54   51   47   45   43   41   40   40   42   45   47   47   43
   39   37   40   48   59   71   81   88   93
    35.0-180.0 180.0   5.0 450.0                            LAT/LON1/LON2/DLON/H
   99  103  109  116  125  134  141  147  152  157  160  160  156  148  139  132
  129  129  131  133  133  132  130  126  119  109   94   79   67   62   63   65
   67   69   72   78   85   90   90   86   82   79   78   76   71   65   59   56
   56   55   54   52   49   46   45   45   43   42   42   44   47   50   49   46
   42   41   44   53   65   78   88   95   99
    32.5-180.0 180.0   5.0 450.0                            LAT/LON1/LON2/DLON/H
  105  108  112  118  124  130  135  140  146  152  158  161  159  154  147  141
  138  137  139  140  141  140  137  132  124  113   99   86   78   78   82   87
   88   87   85   87   91   94   92   88   84   82   82   80   75   67   59   55
   53   52   51   48   46   46   46   46   45   44   44   46   49   51   51   48
   44   44   48   57   69   82   93  100  105
    30.0-180.0 180.0   5.0 450.0                            LAT/LON1/LON2/DLON/H
  110  115  120  125  129  132  134  137  141  147  154  159  161  159  155  150
  146  143  142  142  143  142  139  134  126  116  105   98   96  101  109  115
  114  108  101   97   97   96   94   89   86   85   85   83   77   67   59   53
   50   49   47   46   45   45   46   47   46   45   45   46   50   52   52   48
   45   45   51   60   72   85   95  104  110
    27.5-180.0 180.0   5.0 450.0                            LAT/LON1/LON2/DLON/H
  116  124  132  138  143  143  142  141  142  147  153  158  162  162  161  157
  151  145  141  139  139  139  136  131  125  118  114  113  119  129  140  146
  141  129  115  106  101   97   93   89   85   85   85   83   76   66   57   51
   48   46   45   44   43   44   46   47   46   44   44   45   49   51   50   48
   45   47   53   63   75   87   97  107  116
    25.0-180.0 180.0   5.0 450.0                            LAT/LON1/LON2/DLON/H
  123  135  148  158  164  164  160  155  153  154  157  161  164  166  166  162
  155  146  137  133  132  132  130  127  123  122  124  131  143  157  168  172
  163  145  126  110  101   96   91   86   83   82   82   79   72   62   54   49
   46   44   43   42   42   43   45   45   43   41   41   42   46   48   47   45
   44   48   56   67   79   90  100  111  123
    22.5-180.0 180.0   5.0 450.0                            LAT/LON1/LON2/DLON/H
  131  149  167  182  191  192  187  179  174  171  170  170  171  171  171  166
  157  145  133  126  124  125  125  124  124  127  136  149  164  179  188  188
  175  153  129  110   99   91   86   80   77   76   75   71   65   57   52   48
   45   44   42   42   42   42   42   41   39   37   36   37   40   43   43   42
   43   49   59   72   84   94  105  117  131
    20.0-180.0 180.0   5.0 450.0                            LAT/LON1/LON2/DLON/H
  141  163  186  206  219  222  218  210  203  197  192  186  182  179  176  171
  159  144  130  122  120  122  124  125  128  135  148  163  179  191  196  191
  175  151  126  106   93   86   79   74   70   68   66   62   57   52   49   47
   45   43   42   41   40   40   39   37   34   31   30   31   34   36   37   37
   41   50   63   78   90  101  111  124  141
    17.5-180.0 180.0   5.0 450.0                            LAT/LON1/LON2/DLON/H
  151  175  201  225  242  249  247  241  234  227  218  208  198  190  183  175
  163  146  131  122  121  125  129  132  136  146  159  174  186  191  190  181
  163  141  118  100   89   81   75   69   65   61   57   53   50   48   47   47
   45   43   41   40   39   37   35   32   29   26   25   26   28   30   31   33
   39   51   67   84   97  108  119  133  151
    15.0-180.0 180.0   5.0 450.0                            LAT/LON1/LON2/DLON/H
  160  184  210  236  255  265  267  265  262  256  246  232  216  202  192  181
  168  152  137  128  129  134  140  144  149  158  170  180  185  182  174  161
  145  127  110   97   88   81   75   69   63   58   53   48   45   45   47   47
   45   42   40   39   37   35   32   28   26   23   21   21   23   24   26   29
   38   53   71   89  104  116  128  142  160
    12.5-180.0 180.0   5.0 450.0                            LAT/LON1/LON2/DLON/H
  167  189  213  237  257  269  275  278  280  278  269  254  234  216  202  189
  176  161  147  140  142  148  155  160  164  171  179  183  180  169  154  140
  126  115  106   99   94   88   82   74   67   61   54   48   45   46   47   47
   45   41   39   38   37   33   30   27   25   23   21   20   20   21   22   27
   38   54   74   92  108  122  135  150  167
    10.0-180.0 180.0   5.0 450.0                            LAT/LON1/LON2/DLON/H
  172  190  210  230  248  261  270  278  285  288  283  269  249  228  212  198
  186  173  162  156  158  165  172  177  180  183  186  185  175  157  138  123
  114  110  109  109  107  103   95   87   78   70   61   54   49   49   50   48
   45   41   39   39   37   33   30   27   26   25   23   21   20   20   22   28
   40   57   76   94  110  125  140  156  172
     7.5-180.0 180.0   5.0 450.0                            LAT/LON1/LON2/DLON/H
  177  191  205  220  233  244  255  266  277  286  285  275  257  237  221  208
  197  187  178  173  175  182  189  192  193  194  193  188  174  153  133  119
  113  115  120  125  126  122  114  104   94   84   73   64   57   55   53   50
   45   42   40   40   38   35   31   30   30   30   27   24   22   22   24   31
   43   60   77   93  109  125  143  161  177
     5.0-180.0 180.0   5.0 450.0                            LAT/LON1/LON2/DLON/H
  181  193  202  211  220  227  237  248  262  273  277  272  258  242  228  217
  209  201  194  190  191  196  201  204  204  203  201  194  180  161  141  128
  125  130  138  145  147  143  134  123  112  100   88   76   67   62   57   52
   47   43   43   43   41   38   35   34   35   35   33   30   27   26   28   36
   48   64   78   92  105  123  144  164  181
     2.5-180.0 180.0   5.0 450.0                            LAT/LON1/LON2/DLON/H
  185  197  204  209  213  217  223  232  244  256  262  261  254  243  233  225
  220  214  208  204  203  206  210  211  211  210  209  205  195  180  163  152
  148  151  158  164  165  160  150  138  126  114  101   88   77   69   62   56
   50   47   47   47   45   41   38   38   39   40   38   35   32   31   34   42
   55   69   80   90  101  119  142  166  185
