70_EGNOS_Project/core/files/codg0310.18i
     1.0            IONOSPHERE MAPS     GNSS                IONEX VERSION / TYPE
ADDNEQ2 V5.3        AIUB                04-FEB-18 20:17     PGM / RUN BY / DATE 
CODE'S GLOBAL IONOSPHERE MAPS FOR DAY 031, 2018             COMMENT             
Global ionosphere maps (GIM) are generated on a daily basis DESCRIPTION         
at CODE using data from about 300 GNSS sites of the IGS and DESCRIPTION         
other institutions. The vertical total electron content     DESCRIPTION         
(VTEC) is modeled in a solar-geomagnetic reference frame    DESCRIPTION         
using a spherical harmonics expansion up to degree and      DESCRIPTION         
order 15. Piece-wise linear functions are used for          DESCRIPTION         
representation in the time domain. The time spacing of      DESCRIPTION         
their vertices is 1 hour, conforming with the epochs of the DESCRIPTION         
VTEC maps.                                                  DESCRIPTION         
To convert line-of-sight TEC into vertical TEC, a modified  DESCRIPTION         
single-layer model mapping function approximating the JPL   DESCRIPTION         
extended slab model mapping function is adopted. The        DESCRIPTION         
mapping function is evaluated at geodetic satellite         DESCRIPTION         
elevation angles. For the computation of the ionospheric    DESCRIPTION         
pierce points, a spherical layer with a radius of 6821 km   DESCRIPTION         
is assumed, implying geocentric, not geodetic IONEX         DESCRIPTION         
latitudes.                                                  DESCRIPTION         
Instrumental biases with respect to each involved GNSS code DESCRIPTION         
observable are estimated as constant values for each        DESCRIPTION         
day. They are modeled with one set of bias parameters for   DESCRIPTION         
each satellite and each station in case of GPS and for each DESCRIPTION         
satellite-station link in case of GLONASS. The code bias    DESCRIPTION         
datum is defined by zero-mean conditions imposed on the     DESCRIPTION         
satellite bias estimates. In this file, just GPS C1W-C2W    DESCRIPTION         
satellite and station bias values are included. The         DESCRIPTION         
complete set of GNSS code bias results is provided in an    DESCRIPTION         
additional Bias-SINEX file as pseudo-absolute values        DESCRIPTION         
specific to each observable.                                DESCRIPTION         
Note: These GIM results correspond to the results for the   DESCRIPTION         
middle day of a 3-day combination analysis solving for 73   DESCRIPTION         
times 256, or 18688 VTEC parameters and 3 daily sets of     DESCRIPTION         
GNSS code bias parameters.                                  DESCRIPTION         
Contact address: code(at)aiub.unibe.ch                      DESCRIPTION         
Data archive:    ftp.aiub.unibe.ch/CODE/                    DESCRIPTION         
                 www.aiub.unibe.ch/download/CODE/           DESCRIPTION         
  2018     1    31     0     0     0                        EPOCH OF FIRST MAP  
  2018     2     1     0     0     0                        EPOCH OF LAST MAP   
  3600                                                      INTERVAL            
[...]
frdn func ganp glps glsv gmsd gode godz gol2 gold gope gras COMMENT             
graz guam guat guug harb hers hert hlfx hnlc hnpt hob2 hofn COMMENT             
holb hrao hyde iddr ieng ineg iqal irkj isba jog2 joz2 joze COMMENT             
karr kat1 kely kerg khar kir0 kiri kiru kokb kokv kouc koug COMMENT             
kour krgg lama laut lhaz lmmf lpal lpgs m0se mac1 madr mag0 COMMENT             
maju mal2 mana mas1 mat1 mate maui maw1 mbar mcm4 mdo1 mdvj COMMENT             
medi mets mgue mizu mkea mnls mobj mobk mobs monp morp mqzg COMMENT             
mro1 mtka nain nano naur nico nist nium nklg nlib nnor not1 COMMENT             
novm nrc1 nril nrmd ntus nya1 nyal ohi2 ohi3 onsa opmt ous2 COMMENT             
pado parc park pbri pdel penc pert pfa2 pie1 pimo pohn pol2 COMMENT             
polv pots pove prds ptag ptbb ptvl qaq1 quin rabt ramo rbay COMMENT             
recf reun reyk rgdg rio2 riop roth salu samo sant savo sch2 COMMENT             
scor scrz sctb scub sfer shao sofi spt0 ssia stjo stk2 str2 COMMENT             
suth sutm suwn sydn syog tabl tabv thtg thti thu2 thu3 tid1 COMMENT             
tidb tixg tixi tlse tn22 tnml tong tow2 tro1 tsea tskb tuva COMMENT             
twtf txes uclu ufpr ulab unb3 unbj unbn unsa urum urus usud COMMENT             
vald vill voim vtsp wab1 wab2 wark wes2 wgtn whit will wind COMMENT             
wsrt wtza wtzr wtzs wtzz xmis yakt yar2 yar3 yarr ycba yell COMMENT             
ykro yssk zamb zeck zim2 zim3 zimj zimm                     COMMENT             
                                                            END OF HEADER       
[from data line 6864]
    17                                                      START OF TEC MAP    
  2018     1    31    16     0     0                        EPOCH OF CURRENT MAP
    87.5-180.0 180.0   5.0 450.0                            LAT/LON1/LON2/DLON/H
   25   25   25   25   24   24   24   24   23   23   23   23   23   22   22   22
   22   22   22   22   22   22   22   22   22   22   22   23   23   23   23   24
   24   24   25   25   26   26   26   27   27   28   28   29   29   29   30   30
   30   30   30   31   31   31   31   31   30   30   30   30   30   29   29   29
   28   28   28   27   27   26   26   26   25
    85.0-180.0 180.0   5.0 450.0                            LAT/LON1/LON2/DLON/H
   23   23   22   22   22   21   21   21   21   20   20   20   19   19   19   19
   18   18   18   18   17   17   17   17   17   18   18   18   19   19   19   20
   21   21   22   23   23   24   25   26   27   28   28   29   30   31   31   32
   33   33   33   34   34   34   34   34   33   33   32   32   31   30   30   29
   28   27   27   26   25   25   24   23   23
    82.5-180.0 180.0   5.0 450.0                            LAT/LON1/LON2/DLON/H
   20   19   19   19   19   19   19   19   19   19   18   18   18   17   17   17
   16   16   15   15   14   14   14   14   14   14   14   15   15   16   16   17
   18   19   19   20   21   22   23   23   24   25   27   28   29   30   31   32
   33   34   35   35   35   35   35   35   35   34   33   32   31   30   29   28
   26   25   24   23   22   22   21   20   20
    80.0-180.0 180.0   5.0 450.0                            LAT/LON1/LON2/DLON/H
   17   17   17   17   17   17   17   18   18   18   18   18   18   18   17   17
   16   15   15   14   14   14   13   13   13   14   14   14   15   15   16   16
   17   17   18   18   19   19   20   20   21   22   23   24   25   27   28   30
   31   32   34   34   35   35   35   35   34   33   32   31   30   29   27   26
   24   23   22   21   20   19   18   17   17
    77.5-180.0 180.0   5.0 450.0                            LAT/LON1/LON2/DLON/H
   15   15   15   15   15   16   16   17   18   18   19   19   19   19   19   18
   18   18   17   17   17   16   16   17   17   17   17   18   18   19   19   19
   19   19   19   18   18   18   17   17   17   17   18   19   20   22   23   25
   27   29   31   32   33   33   33   33   33   32   31   30   29   27   26   25
   23   22   21   20   18   17   16   16   15
    75.0-180.0 180.0   5.0 450.0                            LAT/LON1/LON2/DLON/H
   15   15   14   14   14   15   16   17   18   19   20   20   21   21   22   22
   22   22   22   22   22   23   23   24   24   25   25   25   26   26   26   25
   24   23   22   21   19   17   16   14   13   12   12   13   14   16   18   20
   22   25   27   28   29   30   30   30   30   29   28   28   27   26   26   25
   24   23   22   21   20   18   17   16   15
    72.5-180.0 180.0   5.0 450.0                            LAT/LON1/LON2/DLON/H
   17   16   15   14   14   14   15   16   17   18   20   21   23   24   25   25
   26   27   28   29   30   32   33   34   35   36   36   36   36   36   35   34
   32   30   28   25   22   19   16   13   10    9    7    7    8   10   12   15
   17   20   22   24   25   25   26   26   26   26   26   26   26   26   27   27
   27   26   26   25   23   22   20   19   17
    70.0-180.0 180.0   5.0 450.0                            LAT/LON1/LON2/DLON/H
   20   18   17   15   14   14   14   15   16   17   19   21   23   25   27   29
   31   33   35   38   40   42   44   46   47   48   49   49   48   47   46   44
   41   38   34   30   26   21   17   13    9    7    5    4    4    5    8   10
   13   15   17   19   20   20   20   20   21   21   22   24   25   27   29   30
   31   31   31   30   29   27   25   22   20
    67.5-180.0 180.0   5.0 450.0                            LAT/LON1/LON2/DLON/H
   24   21   19   17   15   14   13   13   14   16   18   21   23   26   29   32
   35   39   42   45   49   52   55   58   59   61   61   61   60   58   56   53
   49   45   40   35   30   25   20   15   11    7    4    3    3    3    5    8
   10   12   13   14   15   15   15   15   16   17   19   22   25   28   31   34
   36   37   37   36   34   32   30   27   24
    65.0-180.0 180.0   5.0 450.0                            LAT/LON1/LON2/DLON/H
   28   25   22   19   17   14   13   12   12   14   16   19   23   26   30   35
   39   43   47   52   56   60   64   66   69   70   71   71   70   67   64   61
   56   51   45   40   34   29   24   19   14   10    7    5    4    4    5    7
    9   10   11   11   10   10   10   10   11   14   17   21   25   30   34   38
   40   42   42   41   39   37   34   31   28
    62.5-180.0 180.0   5.0 450.0                            LAT/LON1/LON2/DLON/H
   32   29   26   23   20   17   14   13   12   12   14   18   22   26   31   36
   41   46   51   56   61   65   69   72   74   76   77   77   76   74   71   66
   61   55   49   43   38   33   29   24   20   16   12    9    8    7    8    9
    9   10    9    8    7    6    6    7    9   11   15   20   26   31   36   41
   44   45   45   44   42   39   37   34   32
    60.0-180.0 180.0   5.0 450.0                            LAT/LON1/LON2/DLON/H
   35   34   32   29   26   23   19   16   14   13   14   17   21   26   32   37
   43   48   54   58   63   67   70   73   76   78   79   80   80   78   75   70
   64   58   52   46   41   38   34   31   27   23   19   16   13   12   12   12
   12   11   10    8    6    5    4    6    8   11   16   21   27   33   38   43
   46   47   46   45   42   40   38   37   35
    57.5-180.0 180.0   5.0 450.0                            LAT/LON1/LON2/DLON/H
   38   39   38   38   35   32   27   23   19   17   17   19   22   27   32   38
   44   50   55   59   63   66   69   72   74   77   80   81   82   80   77   73
   67   61   54   49   45   42   40   38   35   32   28   23   20   18   17   16
   16   14   12    9    7    6    6    7   10   13   18   23   29   35   40   44
   47   47   46   44   41   40   39   38   38
    55.0-180.0 180.0   5.0 450.0                            LAT/LON1/LON2/DLON/H
   42   44   46   47   47   44   39   33   28   24   22   23   25   29   34   40
   46   51   56   60   62   65   67   70   73   76   79   82   83   82   80   76
   70   64   58   53   50   48   48   47   45   41   36   32   27   24   23   22
   21   19   17   14   11   10   10   11   14   17   21   25   31   36   42   46
   47   47   45   42   40   39   39   40   42
    52.5-180.0 180.0   5.0 450.0                            LAT/LON1/LON2/DLON/H
   46   50   55   58   59   58   53   47   40   34   30   29   30   33   38   43
   48   54   58   61   63   64   66   69   73   77   81   84   85   85   83   79
   74   68   62   58   56   55   55   55   54   50   45   40   34   31   29   28
   28   26   24   21   18   16   16   18   20   22   25   28   33   38   43   47
   48   47   44   41   39   38   40   42   46
    50.0-180.0 180.0   5.0 450.0                            LAT/LON1/LON2/DLON/H
   50   56   62   68   71   71   67   61   53   46   41   38   38   39   43   47
   52   57   61   63   65   66   68   72   76   81   85   87   89   88   86   82
   78   73   68   65   63   63   64   64   63   59   54   47   42   38   36   36
   36   35   33   29   26   24   24   25   27   28   29   31   35   40   45   49
   49   47   44   40   39   39   41   45   50
    47.5-180.0 180.0   5.0 450.0                            LAT/LON1/LON2/DLON/H
   53   60   67   75   80   82   80   74   66   59   53   49   47   47   49   53
   58   62   66   68   70   71   74   78   83   88   92   93   93   91   88   85
   82   79   75   73   72   72   72   73   71   68   62   55   49   45   44   44
   45   44   42   39   35   33   32   33   33   32   32   33   36   41   47   51
   51   49   45   41   40   41   44   48   53
    45.0-180.0 180.0   5.0 450.0                            LAT/LON1/LON2/DLON/H
   56   61   69   77   84   88   87   83   77   71   65   61   58   57   58   61
   65   69   72   75   77   80   84   89   94   99  101  100   97   93   90   87
   85   84   83   82   81   81   81   81   79   75   69   63   57   53   52   53
   54   54   52   48   44   41   39   39   38   36   34   33   36   42   48   53
   53   50   46   43   42   44   47   51   56
    42.5-180.0 180.0   5.0 450.0                            LAT/LON1/LON2/DLON/H
   56   60   67   75   83   88   89   87   83   80   76   73   70   68   68   70
   73   77   81   83   86   90   95  101  107  110  110  106  100   94   90   88
   88   89   90   90   90   89   88   87   85   82   77   71   65   62   61   61
   62   62   59   55   51   47   45   43   41   38   34   33   36   43   50   55
   55   52   47   44   44   46   50   53   56
    40.0-180.0 180.0   5.0 450.0                            LAT/LON1/LON2/DLON/H
   53   56   61   68   75   81   84   84   85   85   85   84   82   80   79   81
   83   87   90   93   97  102  107  114  118  119  116  110  101   94   89   88
   90   94   97   99   99   98   96   94   91   88   84   79   74   71   69   69
   69   68   64   60   55   51   48   46   43   39   35   33   36   43   51   56
   56   53   47   44   44   47   50   52   53
    37.5-180.0 180.0   5.0 450.0                            LAT/LON1/LON2/DLON/H
   49   49   52   57   64   69   73   76   81   86   90   93   92   91   91   92
   94   97  100  103  107  112  118  123  126  125  119  111  101   93   88   89
   93  100  106  109  109  106  103  100   97   94   90   87   83   79   77   75
   73   71   67   62   57   53   50   48   44   40   35   34   37   44   52   57
   56   52   46   43   43   46   49   49   49
    35.0-180.0 180.0   5.0 450.0                            LAT/LON1/LON2/DLON/H
   43   41   42   46   50   54   58   64   73   83   92   98  101  101  102  103
  105  107  109  112  115  120  124  128  128  125  118  109  100   93   91   93
  100  108  116  120  119  115  110  106  102   99   97   94   91   87   83   79
   76   72   67   61   56   53   51   49   46   41   37   35   39   45   52   56
   55   50   43   40   40   43   45   45   43
    32.5-180.0 180.0   5.0 450.0                            LAT/LON1/LON2/DLON/H
   37   34   33   35   37   39   43   51   63   77   91  101  106  109  111  114
  115  117  118  119  122  125  127  127  125  120  114  107  101   98   99  103
  112  121  129  133  131  126  119  113  108  105  103  101   98   93   88   82
   77   71   65   60   55   52   51   50   47   43   39   38   41   47   52   55
   53   47   40   37   37   39   41   40   37
    30.0-180.0 180.0   5.0 450.0                            LAT/LON1/LON2/DLON/H
   31   28   27   27   27   28   30   38   52   70   87  100  108  114  119  122
  124  125  124  125  126  126  125  122  117  112  108  106  106  108  113  120
  129  139  146  148  145  138  129  121  115  111  108  106  103   98   92   85
   78   71   64   58   54   52   52   52   50   46   43   42   44   48   52   53
   50   44   37   34   33   35   36   34   31
    27.5-180.0 180.0   5.0 450.0                            LAT/LON1/LON2/DLON/H
   27   25   24   24   22   21   22   29   44   64   83   97  108  116  123  129
  131  130  129  127  126  124  120  115  108  104  104  108  116  125  135  144
  153  160  165  165  160  151  141  131  123  118  114  111  107  102   95   87
   79   72   65   59   55   53   54   53   52   48   45   45   46   49   51   50
   47   41   36   32   31   31   32   30   27
    25.0-180.0 180.0   5.0 450.0                            LAT/LON1/LON2/DLON/H
   25   24   24   24   22   19   19   25   40   59   79   94  106  117  126  133
  135  134  131  127  125  121  114  107  100   99  104  115  131  147  161  171
  179  184  185  183  176  166  154  143  133  126  121  116  111  105   98   90
   83   75   67   61   57   55   55   55   53   49   47   46   47   49   49   48
   44   40   35   32   30   29   29   27   25
    22.5-180.0 180.0   5.0 450.0                            LAT/LON1/LON2/DLON/H
   25   25   27   27   26   22   20   26   40   58   77   92  105  117  128  135
  138  135  130  126  121  116  109  101   97   99  110  128  151  172  189  199
  205  206  204  199  190  179  167  156  146  136  128  121  114  108  101   95
   88   80   73   65   60   58   57   55   52   49   46   46   47   47   47   45
   42   39   36   33   31   29   28   26   25
    20.0-180.0 180.0   5.0 450.0                            LAT/LON1/LON2/DLON/H
   26   27   30   32   31   27   26   30   43   61   78   92  105  117  129  137
  139  136  130  123  118  112  106  100  100  107  123  146  172  197  214  224
  226  224  219  212  202  191  180  170  159  149  138  128  119  112  106  100
   94   88   79   71   65   61   58   55   51   47   44   44   45   45   44   42
   40   39   38   35   32   30   27   26   26
    17.5-180.0 180.0   5.0 450.0                            LAT/LON1/LON2/DLON/H
   26   28   32   35   35   32   32   37   49   66   82   95  107  119  132  140
  142  137  129  122  116  111  107  106  110  121  141  166  193  217  234  241
  241  236  228  220  211  202  193  184  174  163  150  137  126  118  111  106
  101   95   86   77   69   64   59   54   49   44   41   41   42   42   40   39
   39   39   39   37   34   31   28   26   26
    15.0-180.0 180.0   5.0 450.0                            LAT/LON1/LON2/DLON/H
   26   28   31   35   36   36   36   42   56   72   88  101  112  124  137  145
  146  141  132  124  117  113  113  117  126  142  162  186  210  230  244  249
  247  240  232  223  216  209  204  198  190  178  163  148  135  124  117  112
  107  101   92   82   73   66   61   54   47   41   38   38   39   39   38   37
   37   39   39   37   34   31   28   26   26
    12.5-180.0 180.0   5.0 450.0                            LAT/LON1/LON2/DLON/H
   25   26   29   33   35   36   38   46   61   79   95  108  119  132  144  153
  154  148  139  130  124  122  124  133  148  165  184  203  221  236  246  248
  245  238  231  224  219  216  215  212  206  194  178  160  145  132  123  117
  111  104   96   86   77   69   63   56   48   41   38   37   38   38   37   36
   36   37   38   36   33   30   28   26   25
    10.0-180.0 180.0   5.0 450.0                            LAT/LON1/LON2/DLON/H
   24   24   26   28   30   32   37   47   64   84  102  116  128  141  153  162
  164  160  151  142  136  135  141  154  171  189  204  216  226  234  241  242
  240  234  228  223  221  222  225  225  220  209  192  173  155  140  129  121
  113  105   97   88   80   73   67   60   52   45   41   39   39   39   38   36
   36   36   35   34   31   29   27   26   24
     7.5-180.0 180.0   5.0 450.0                            LAT/LON1/LON2/DLON/H
   24   22   22   23   25   27   33   46   65   87  108  123  137  150  163  174
  178  175  168  160  154  154  161  175  194  209  219  223  226  229  233  235
  234  231  227  224  225  229  235  237  233  222  204  184  165  149  135  123
  113  105   97   89   84   79   73   67   59   52   47   45   44   43   41   38
   37   35   33   31   28   27   27   26   24
     5.0-180.0 180.0   5.0 450.0                            LAT/LON1/LON2/DLON/H
   25   22   20   19   19   22   28   43   64   89  111  129  143  158  173  185
  192  193  189  182  177  176  182  196  213  225  229  227  224  223  227  231
  233  232  230  230  232  238  244  248  244  231  213  193  174  156  140  126
  113  103   96   91   88   85   81   75   68   61   56   53   50   48   45   42
   39   35   32   29   27   27   27   27   25
     2.5-180.0 180.0   5.0 450.0                            LAT/LON1/LON2/DLON/H
   28   24   21   18   16   18   25   40   63   88  112  132  148  165  181  196
  206  211  210  206  201  198  202  213  227  235  235  228  222  221  226  233
  239  241  240  240  242  248  254  256  250  237  219  199  180  163  145  129
  114  103   97   94   93   93   90   85   78   72   66   61   58   55   51   47
   42   37   32   29   28   29   30   30   28
