70_EGNOS_Project/core/files/codg0310.18i
     1.0            IONOSPHERE MAPS     GNSS                IONEX VERSION / TYPE
ADDNEQ2 V5.3        AIUB                04-FEB-18 20:17     PGM / RUN BY / DATE 
CODE'S GLOBAL IONOSPHERE MAPS FOR DAY 031, 2018             COMMENT             
Global ionosphere maps (GIM) are generated on a daily basis DESCRIPTION         
at CODE using data from about 300 GNSS sites of the IGS and DESCRIPTION         
other institutions. The vertical total electron content     DESCRIPTION         
(VTEC) is modeled in a solar-geomagnetic reference frame    DESCRIPTION         
using a spherical harmonics expansion up to degree and      DESCRIPTION         
order 15. Piece-wise linear functions are used for          DESCRIPTION         
representation in the time domain. The time spacing of      DESCRIPTION         
their vertices is 1 hour, conforming with the epochs of the DESCRIPTION         
VTEC maps.                                                  DESCRIPTION         
To convert line-of-sight TEC into vertical TEC, a modified  DESCRIPTION         
single-layer model mapping function approximating the JPL   DESCRIPTION         
extended slab model mapping function is adopted. The        DESCRIPTION         
mapping function is evaluated at geodetic satellite         DESCRIPTION         
elevation angles. For the computation of the ionospheric    DESCRIPTION         
pierce points, a spherical layer with a radius of 6821 km   DESCRIPTION         
is assumed, implying geocentric, not geodetic IONEX         DESCRIPTION         
latitudes.                                                  DESCRIPTION         
Instrumental biases with respect to each involved GNSS code DESCRIPTION         
observable are estimated as constant values for each        DESCRIPTION         
day. They are modeled with one set of bias parameters for   DESCRIPTION         
each satellite and each station in case of GPS and for each DESCRIPTION         
satellite-station link in case of GLONASS. The code bias    DESCRIPTION         
datum is defined by zero-mean conditions imposed on the     DESCRIPTION         
satellite bias estimates. In this file, just GPS C1W-C2W    DESCRIPTION         
satellite and station bias values are included. The         DESCRIPTION         
complete set of GNSS code bias results is provided in an    DESCRIPTION         
additional Bias-SINEX file as pseudo-absolute values        DESCRIPTION         
specific to each observable.                                DESCRIPTION         
Note: These GIM results correspond to the results for the   DESCRIPTION         
middle day of a 3-day combination analysis solving for 73   DESCRIPTION         
times 256, or 18688 VTEC parameters and 3 daily sets of     DESCRIPTION         
GNSS code bias parameters.                                  DESCRIPTION         
Contact address: code(at)aiub.unibe.ch                      DESCRIPTION         
Data archive:    ftp.aiub.unibe.ch/CODE/                    DESCRIPTION         
                 www.aiub.unibe.ch/download/CODE/           DESCRIPTION         
  2018     1    31     0     0     0                        EPOCH OF FIRST MAP  
  2018     2     1     0     0     0                        EPOCH OF LAST MAP   
  3600                                                      INTERVAL            
[...]
frdn func ganp glps glsv gmsd gode godz gol2 gold gope gras COMMENT             
graz guam guat guug harb hers hert hlfx hnlc hnpt hob2 hofn COMMENT             
holb hrao hyde iddr ieng ineg iqal irkj isba jog2 joz2 joze COMMENT             
karr kat1 kely kerg khar kir0 kiri kiru kokb kokv kouc koug COMMENT             
kour krgg lama laut lhaz lmmf lpal lpgs m0se mac1 madr mag0 COMMENT             
maju mal2 mana mas1 mat1 mate maui maw1 mbar mcm4 mdo1 mdvj COMMENT             
medi mets mgue mizu mkea mnls mobj mobk mobs monp morp mqzg COMMENT             
mro1 mtka nain nano naur nico nist nium nklg nlib nnor not1 COMMENT             
novm nrc1 nril nrmd ntus nya1 nyal ohi2 ohi3 onsa opmt ous2 COMMENT             
pado parc park pbri pdel penc pert pfa2 pie1 pimo pohn pol2 COMMENT             
polv pots pove prds ptag ptbb ptvl qaq1 quin rabt ramo rbay COMMENT             
recf reun reyk rgdg rio2 riop roth salu samo sant savo sch2 COMMENT             
scor scrz sctb scub sfer shao sofi spt0 ssia stjo stk2 str2 COMMENT             
suth sutm suwn sydn syog tabl tabv thtg thti thu2 thu3 tid1 COMMENT             
tidb tixg tixi tlse tn22 tnml tong tow2 tro1 tsea tskb tuva COMMENT             
twtf txes uclu ufpr ulab unb3 unbj unbn unsa urum urus usud COMMENT             
vald vill voim vtsp wab1 wab2 wark wes2 wgtn whit will wind COMMENT             
wsrt wtza wtzr wtzs wtzz xmis yakt yar2 yar3 yarr ycba yell COMMENT             
ykro yssk zamb zeck zim2 zim3 zimj zimm                     COMMENT             
                                                            END OF HEADER       
[from data line 7722]
    19                                                      START OF TEC MAP    
  2018     1    31    18     0     0                        EPOCH OF CURRENT MAP
    87.5-180.0 180.0   5.0 450.0                            LAT/LON1/LON2/DLON/H
   21   22   22   22   22   22   22   23   23   23   23   23   23   24   24   24
   24   24   24   24   24   24   24   24   24   24   24   24   23   23   23   23
   23   23   23   23   23   23   22   22   22   22   22   22   22   22   22   21
   21   21   21   21   21   21   21   21   21   21   21   21   21   21   21   21
   21   21   21   21   21   21   21   21   21
    85.0-180.0 180.0   5.0 450.0                            LAT/LON1/LON2/DLON/H
   20   21   21   22   22   22   23   23   24   24   25   25   25   25   26   26
   26   26   26   26   26   26   25   25   25   25   25   25   25   25   25   25
   24   24   24   24   24   24   24   23   23   23   23   23   22   22   22   22
   22   21   21   21   21   21   21   21   21   20   20   20   20   20   20   19
   19   19   19   19   20   20   20   20   20
    82.5-180.0 180.0   5.0 450.0                            LAT/LON1/LON2/DLON/H
   19   19   20   21   21   22   23   23   24   25   26   26   27   27   27   28
   28   28   28   28   27   27   27   27   26   26   26   26   26   26   26   26
   26   26   26   26   26   26   25   25   25   24   24   24   23   23   23   23
   23   23   23   23   23   23   22   22   22   22   21   21   20   20   19   19
   19   18   18   18   18   18   18   19   19
    80.0-180.0 180.0   5.0 450.0                            LAT/LON1/LON2/DLON/H
   17   18   18   19   20   21   22   23   24   25   26   27   28   29   29   30
   30   30   30   30   30   29   29   28   28   27   27   27   27   27   27   28
   28   28   28   28   28   28   28   27   27   26   25   25   25   24   24   24
   24   25   25   25   25   25   25   25   25   24   23   23   22   21   20   19
   19   18   18   17   17   17   17   17   17
    77.5-180.0 180.0   5.0 450.0                            LAT/LON1/LON2/DLON/H
   16   16   16   16   17   18   19   21   23   24   26   28   29   30   31   32
   33   33   33   33   33   32   32   31   30   29   29   28   28   28   28   29
   29   30   30   31   31   30   30   29   28   27   26   26   25   25   25   25
   26   27   27   28   29   29   29   29   28   27   26   25   24   23   21   20
   20   19   18   18   17   17   16   16   16
    75.0-180.0 180.0   5.0 450.0                            LAT/LON1/LON2/DLON/H
   15   14   14   14   14   15   17   19   21   23   26   28   30   32   34   35
   36   37   38   38   38   37   36   35   34   32   31   30   29   29   29   30
   30   31   32   32   32   32   31   30   29   28   26   25   25   24   25   25
   26   28   29   30   31   32   32   32   31   30   29   27   26   24   23   22
   21   21   20   19   19   18   17   16   15
    72.5-180.0 180.0   5.0 450.0                            LAT/LON1/LON2/DLON/H
   15   13   12   11   11   12   14   16   19   22   26   29   32   35   37   39
   41   43   44   44   45   44   43   41   39   37   34   32   31   30   29   29
   30   31   31   32   32   31   30   29   28   26   25   24   23   23   23   24
   25   27   29   31   32   33   34   33   33   32   30   28   27   26   25   24
   24   23   23   23   22   21   19   17   15
    70.0-180.0 180.0   5.0 450.0                            LAT/LON1/LON2/DLON/H
   17   14   12   10   10   10   12   15   18   22   26   30   34   38   41   44
   47   49   51   52   53   52   51   49   46   42   39   35   33   31   30   29
   29   29   29   29   29   28   27   26   25   23   22   21   20   20   20   22
   23   25   27   29   31   32   32   32   32   31   29   28   27   26   26   26
   26   26   27   27   26   25   23   20   17
    67.5-180.0 180.0   5.0 450.0                            LAT/LON1/LON2/DLON/H
   20   16   13   11    9   10   12   15   19   23   28   33   38   42   46   49
   52   55   58   60   61   61   59   56   53   48   44   40   36   33   30   29
   28   27   26   25   25   24   23   22   21   19   18   18   17   17   18   19
   20   22   23   25   27   28   29   29   28   28   27   26   26   25   26   27
   28   29   31   31   31   30   28   24   20
    65.0-180.0 180.0   5.0 450.0                            LAT/LON1/LON2/DLON/H
   25   21   16   13   12   12   13   17   21   26   32   37   42   47   51   55
   58   62   65   67   68   68   67   64   59   54   49   44   40   36   33   30
   27   25   23   21   20   18   18   17   16   16   15   15   15   15   15   16
   16   17   19   20   21   22   23   23   24   24   24   24   24   25   26   27
   29   32   34   35   36   35   33   29   25
    62.5-180.0 180.0   5.0 450.0                            LAT/LON1/LON2/DLON/H
   31   26   22   19   17   16   18   21   25   31   36   42   47   52   56   60
   63   67   70   72   74   74   72   69   64   60   55   50   46   42   38   34
   30   25   22   18   16   14   13   13   13   13   13   14   14   14   14   14
   14   14   14   15   15   16   17   18   19   20   21   22   23   24   26   28
   30   33   36   38   40   40   38   35   31
    60.0-180.0 180.0   5.0 450.0                            LAT/LON1/LON2/DLON/H
   37   33   29   26   24   24   25   27   31   36   42   48   53   57   61   64
   67   71   73   76   77   76   75   71   68   64   60   57   53   50   46   41
   35   29   23   18   15   12   11   11   12   13   14   15   15   15   15   14
   14   12   12   11   11   11   12   14   15   17   19   21   23   25   26   28
   30   33   36   39   41   43   42   40   37
    57.5-180.0 180.0   5.0 450.0                            LAT/LON1/LON2/DLON/H
   43   40   38   36   34   34   34   36   39   44   49   54   59   62   66   68
   71   73   75   77   78   77   75   72   69   67   65   64   62   60   56   50
   43   35   28   22   17   14   13   13   14   16   17   18   19   19   18   17
   16   14   12   11   10   10   11   13   15   17   19   22   24   26   28   29
   31   32   35   39   42   45   46   45   43
    55.0-180.0 180.0   5.0 450.0                            LAT/LON1/LON2/DLON/H
   49   48   47   46   46   45   45   46   49   52   56   61   64   67   70   72
   73   75   77   78   78   77   75   72   71   70   70   71   71   70   67   61
   53   44   36   29   24   21   20   20   20   21   22   23   24   24   24   23
   21   18   16   14   13   13   14   15   17   19   22   25   28   30   31   31
   31   32   34   38   42   46   48   49   49
    52.5-180.0 180.0   5.0 450.0                            LAT/LON1/LON2/DLON/H
   54   54   55   56   57   57   57   57   59   61   64   68   70   72   74   75
   76   77   78   79   78   77   75   74   73   74   76   78   80   80   77   70
   62   53   45   38   33   31   29   29   29   30   30   31   31   31   31   30
   28   26   23   21   20   19   20   20   22   23   25   28   32   34   35   35
   33   33   34   37   42   47   50   53   54
    50.0-180.0 180.0   5.0 450.0                            LAT/LON1/LON2/DLON/H
   57   59   62   65   67   68   68   69   70   71   73   75   76   77   78   78
   79   80   81   82   81   80   79   78   78   79   82   86   88   88   84   78
   70   61   54   48   45   43   41   41   40   39   39   39   39   39   38   38
   37   35   33   31   29   28   28   27   27   27   29   31   35   38   40   39
   37   35   35   37   42   48   52   55   57
    47.5-180.0 180.0   5.0 450.0                            LAT/LON1/LON2/DLON/H
   59   62   65   70   73   76   77   79   80   82   83   84   83   82   82   83
   83   85   86   87   87   87   86   85   86   87   90   93   94   92   88   81
   73   66   61   57   56   55   54   53   51   50   48   47   46   46   46   46
   46   45   43   41   39   37   36   34   32   31   31   33   38   42   45   44
   41   38   37   39   44   49   54   57   59
    45.0-180.0 180.0   5.0 450.0                            LAT/LON1/LON2/DLON/H
   58   61   65   71   76   80   84   87   90   92   93   93   91   89   88   88
   89   91   93   95   96   97   97   97   97   97   98   99   97   94   88   80
   74   69   66   65   66   66   66   65   62   59   57   55   54   54   54   54
   54   53   51   49   47   45   43   40   36   33   31   34   39   45   49   49
   46   42   40   42   46   51   55   56   58
    42.5-180.0 180.0   5.0 450.0                            LAT/LON1/LON2/DLON/H
   55   57   61   68   75   81   86   92   97  102  103  102   99   96   95   95
   96   98  101  104  107  110  111  110  109  108  107  104   99   93   85   78
   72   69   69   71   74   76   76   74   72   68   65   63   61   60   60   60
   60   59   57   55   52   50   47   43   38   33   31   33   38   46   52   53
   50   46   43   44   48   52   54   54   55
    40.0-180.0 180.0   5.0 450.0                            LAT/LON1/LON2/DLON/H
   49   50   55   62   70   77   85   94  102  109  112  111  108  105  104  104
  106  107  110  114  119  123  125  124  122  119  114  108  100   91   82   75
   72   71   73   77   80   83   84   82   79   76   73   70   68   66   65   64
   63   62   59   57   54   52   49   44   39   33   30   31   38   47   54   56
   54   49   46   46   48   51   52   50   49
    37.5-180.0 180.0   5.0 450.0                            LAT/LON1/LON2/DLON/H
   42   42   46   54   62   71   81   92  104  114  119  119  117  115  115  115
  116  117  119  124  130  135  137  136  132  127  120  112  102   92   83   77
   75   76   79   83   87   90   90   89   86   82   79   77   74   71   69   66
   64   62   59   56   53   51   48   44   39   33   29   31   38   47   55   58
   56   51   47   46   47   49   48   44   42
    35.0-180.0 180.0   5.0 450.0                            LAT/LON1/LON2/DLON/H
   34   34   38   46   54   63   75   89  104  117  124  126  126  126  127  128
  128  126  127  131  138  143  145  143  138  131  124  115  106   97   90   87
   86   88   91   94   96   97   96   94   91   88   85   83   79   75   71   67
   63   60   57   54   51   49   47   44   39   34   31   33   39   48   56   58
   55   50   45   43   44   44   42   38   34
    32.5-180.0 180.0   5.0 450.0                            LAT/LON1/LON2/DLON/H
   28   28   32   40   48   57   69   84  101  117  127  131  134  137  140  141
  139  135  133  136  142  147  148  145  139  132  126  119  112  107  104  104
  106  108  108  108  106  105  102   99   95   93   90   87   84   78   72   66
   61   57   54   51   48   47   46   44   41   37   35   36   42   50   56   57
   53   47   42   40   39   39   36   31   28
    30.0-180.0 180.0   5.0 450.0                            LAT/LON1/LON2/DLON/H
   23   24   29   37   46   54   65   80   99  116  128  135  141  147  153  154
  150  142  137  137  142  146  146  141  135  130  127  124  123  123  126  130
  134  134  131  125  119  113  108  103  100   97   94   91   87   80   72   65
   59   55   51   49   47   46   46   45   43   41   39   41   46   51   55   54
   50   44   38   35   34   33   31   26   23
    27.5-180.0 180.0   5.0 450.0                            LAT/LON1/LON2/DLON/H
   21   23   30   39   47   55   65   79   97  115  128  138  147  157  165  166
  158  147  138  135  138  141  139  134  129  127  128  131  137  144  153  161
  166  164  156  145  133  122  114  108  103  100   97   94   88   81   72   64
   57   53   50   48   47   46   46   46   45   44   44   45   48   52   53   51
   46   40   35   31   30   29   27   23   21
    25.0-180.0 180.0   5.0 450.0                            LAT/LON1/LON2/DLON/H
   21   25   33   44   53   60   69   82   99  116  130  142  153  166  174  174
  164  149  137  131  132  133  131  126  123  124  131  141  153  166  181  194
  199  194  181  163  145  130  119  111  106  103   99   95   90   81   72   63
   57   52   50   49   48   47   47   47   47   46   46   48   50   51   50   46
   42   36   32   29   28   27   25   22   21
    22.5-180.0 180.0   5.0 450.0                            LAT/LON1/LON2/DLON/H
   24   28   38   51   61   69   77   89  104  120  134  146  159  172  181  180
  167  149  134  126  125  125  123  120  119  125  137  152  169  188  207  222
  227  220  201  177  155  136  123  114  108  104  101   97   90   82   73   64
   57   53   51   51   50   49   48   47   46   46   46   47   48   48   45   42
   38   34   30   28   27   26   25   23   24
    20.0-180.0 180.0   5.0 450.0                            LAT/LON1/LON2/DLON/H
   26   32   44   58   70   80   88   99  113  127  140  152  165  178  186  183
  168  148  131  121  119  119  118  117  121  132  147  166  185  206  227  243
  248  237  215  187  161  140  125  115  109  105  102   98   92   84   74   66
   59   55   53   53   51   49   47   45   43   42   43   43   44   43   40   37
   34   32   30   28   27   27   26   25   26
    17.5-180.0 180.0   5.0 450.0                            LAT/LON1/LON2/DLON/H
   28   35   48   64   79   90  100  111  124  138  149  160  172  183  188  183
  167  147  129  119  116  116  118  121  129  144  161  180  199  219  239  255
  258  245  220  191  163  141  126  115  109  106  104  100   94   86   77   69
   62   58   56   54   52   49   46   42   39   38   37   37   37   36   34   33
   32   31   31   29   29   28   28   27   28
    15.0-180.0 180.0   5.0 450.0                            LAT/LON1/LON2/DLON/H
   30   36   50   68   85   99  111  123  137  150  161  170  179  187  189  183
  167  147  130  120  117  118  123  131  144  161  178  194  209  226  243  257
  258  245  220  191  165  143  127  117  111  108  107  104   98   90   81   73
   66   61   58   55   52   48   44   40   36   33   32   31   31   31   30   30
   30   31   31   30   29   29   29   28   30
    12.5-180.0 180.0   5.0 450.0                            LAT/LON1/LON2/DLON/H
   30   37   51   70   89  105  120  134  149  162  173  181  187  191  191  184
  169  151  135  126  123  126  134  146  163  181  196  207  216  227  241  252
  253  241  218  192  167  147  131  120  114  112  111  108  102   94   86   78
   70   65   60   56   52   48   43   39   34   31   28   27   26   26   27   28
   30   31   31   30   30   29   29   29   30
    10.0-180.0 180.0   5.0 450.0                            LAT/LON1/LON2/DLON/H
   29   36   51   70   90  109  126  143  159  174  185  191  196  197  194  187
  174  160  146  137  134  138  149  166  185  202  213  218  220  225  235  244
  246  235  217  195  174  156  140  127  120  117  116  113  107   99   91   83
   75   69   63   58   53   48   44   40   36   31   28   25   25   25   27   29
   31   32   31   30   29   29   29   28   29
     7.5-180.0 180.0   5.0 450.0                            LAT/LON1/LON2/DLON/H
   29   37   51   70   90  110  129  149  167  183  195  202  204  204  200  193
  184  173  162  154  151  155  167  186  205  221  227  226  223  223  230  238
  241  234  220  204  187  171  153  138  128  124  122  118  111  103   95   87
   80   73   67   61   55   50   46   43   40   36   31   28   27   27   29   31
   33   33   31   29   28   28   28   28   29
     5.0-180.0 180.0   5.0 450.0                            LAT/LON1/LON2/DLON/H
   31   38   52   71   91  111  132  153  173  191  203  210  213  212  208  202
  197  190  182  174  170  174  186  204  223  235  237  232  225  224  229  238
  242  239  230  219  206  190  171  153  139  132  128  123  115  105   98   91
   85   78   71   65   59   54   51   48   46   42   38   34   32   32   34   35
   36   34   32   30   28   28   28   28   31
     2.5-180.0 180.0   5.0 450.0                            LAT/LON1/LON2/DLON/H
   34   42   56   73   92  112  134  157  178  196  210  218  221  221  217  214
  211  208  202  195  190  193  204  219  234  243  243  236  229  228  235  244
  251  251  246  239  228  213  191  169  151  140  133  126  116  107   99   94
   89   83   76   70   64   59   56   54   52   50   45   42   39   39   40   41
   40   37   34   32   31   30   30   30   34
