70_EGNOS_Project/core/files/codg0310.18i
     1.0            IONOSPHERE MAPS     GNSS                IONEX VERSION / TYPE
ADDNEQ2 V5.3        AIUB                04-FEB-18 20:17     PGM / RUN BY / DATE 
CODE'S GLOBAL IONOSPHERE MAPS FOR DAY 031, 2018             COMMENT             
Global ionosphere maps (GIM) are generated on a daily basis DESCRIPTION         
at CODE using data from about 300 GNSS sites of the IGS and DESCRIPTION         
other institutions. The vertical total electron content     DESCRIPTION         
(VTEC) is modeled in a solar-geomagnetic reference frame    DESCRIPTION         
using a spherical harmonics expansion up to degree and      DESCRIPTION         
order 15. Piece-wise linear functions are used for          DESCRIPTION         
representation in the time domain. The time spacing of      DESCRIPTION         
their vertices is 1 hour, conforming with the epochs of the DESCRIPTION         
VTEC maps.                                                  DESCRIPTION         
To convert line-of-sight TEC into vertical TEC, a modified  DESCRIPTION         
single-layer model mapping function approximating the JPL   DESCRIPTION         
extended slab model mapping function is adopted. The        DESCRIPTION         
mapping function is evaluated at geodetic satellite         DESCRIPTION         
elevation angles. For the computation of the ionospheric    DESCRIPTION         
pierce points, a spherical layer with a radius of 6821 km   DESCRIPTION         
is assumed, implying geocentric, not geodetic IONEX         DESCRIPTION         
latitudes.                                                  DESCRIPTION         
Instrumental biases with respect to each involved GNSS code DESCRIPTION         
observable are estimated as constant values for each        DESCRIPTION         
day. They are modeled with one set of bias parameters for   DESCRIPTION         
each satellite and each station in case of GPS and for each DESCRIPTION         
satellite-station link in case of GLONASS. The code bias    DESCRIPTION         
datum is defined by zero-mean conditions imposed on the     DESCRIPTION         
satellite bias estimates. In this file, just GPS C1W-C2W    DESCRIPTION         
satellite and station bias values are included. The         DESCRIPTION         
complete set of GNSS code bias results is provided in an    DESCRIPTION         
additional Bias-SINEX file as pseudo-absolute values        DESCRIPTION         
specific to each observable.                                DESCRIPTION         
Note: These GIM results correspond to the results for the   DESCRIPTION         
middle day of a 3-day combination analysis solving for 73   DESCRIPTION         
times 256, or 18688 VTEC parameters and 3 daily sets of     DESCRIPTION         
GNSS code bias parameters.                                  DESCRIPTION         
Contact address: code(at)aiub.unibe.ch                      DESCRIPTION         
Data archive:    ftp.aiub.unibe.ch/CODE/                    DESCRIPTION         
                 www.aiub.unibe.ch/download/CODE/           DESCRIPTION         
  2018     1    31     0     0     0                        EPOCH OF FIRST MAP  
  2018     2     1     0     0     0                        EPOCH OF LAST MAP   
  3600                                                      INTERVAL            
[...]
frdn func ganp glps glsv gmsd gode godz gol2 gold gope gras COMMENT             
graz guam guat guug harb hers hert hlfx hnlc hnpt hob2 hofn COMMENT             
holb hrao hyde iddr ieng ineg iqal irkj isba jog2 joz2 joze COMMENT             
karr kat1 kely kerg khar kir0 kiri kiru kokb kokv kouc koug COMMENT             
kour krgg lama laut lhaz lmmf lpal lpgs m0se mac1 madr mag0 COMMENT             
maju mal2 mana mas1 mat1 mate maui maw1 mbar mcm4 mdo1 mdvj COMMENT             
medi mets mgue mizu mkea mnls mobj mobk mobs monp morp mqzg COMMENT             
mro1 mtka nain nano naur nico nist nium nklg nlib nnor not1 COMMENT             
novm nrc1 nril nrmd ntus nya1 nyal ohi2 ohi3 onsa opmt ous2 COMMENT             
pado parc park pbri pdel penc pert pfa2 pie1 pimo pohn pol2 COMMENT             
polv pots pove prds ptag ptbb ptvl qaq1 quin rabt ramo rbay COMMENT             
recf reun reyk rgdg rio2 riop roth salu samo sant savo sch2 COMMENT             
scor scrz sctb scub sfer shao sofi spt0 ssia stjo stk2 str2 COMMENT             
suth sutm suwn sydn syog tabl tabv thtg thti thu2 thu3 tid1 COMMENT             
tidb tixg tixi tlse tn22 tnml tong tow2 tro1 tsea tskb tuva COMMENT             
twtf txes uclu ufpr ulab unb3 unbj unbn unsa urum urus usud COMMENT             
vald vill voim vtsp wab1 wab2 wark wes2 wgtn whit will wind COMMENT             
wsrt wtza wtzr wtzs wtzz xmis yakt yar2 yar3 yarr ycba yell COMMENT             
ykro yssk zamb zeck zim2 zim3 zimj zimm                     COMMENT             
                                                            END OF HEADER       
[from data line 10296]
    25                                                      START OF TEC MAP    
  2018     2     1     0     0     0                        EPOCH OF CURRENT MAP
    87.5-180.0 180.0   5.0 450.0                            LAT/LON1/LON2/DLON/H
   16   16   17   17   17   18   18   18   18   18   18   18   18   17   17   16
   16   15   14   14   13   12   11   11   10    9    9    8    7    7    6    6
    5    5    5    4    4    4    4    4    4    4    4    4    4    5    5    5
    5    6    6    6    6    7    7    8    8    8    9    9   10   10   11   11
   12   12   13   13   14   14   15   15   16
    85.0-180.0 180.0   5.0 450.0                            LAT/LON1/LON2/DLON/H
   20   21   22   23   24   25   26   26   27   27   27   26   26   25   24   23
   22   20   19   17   16   14   12   11    9    8    6    5    4    3    2    1
    0    0    0    0    0    0    0    0    0    1    1    1    2    2    3    3
    4    4    5    5    5    6    6    7    7    7    8    8    9    9   10   11
   11   12   13   14   15   16   18   19   20
    82.5-180.0 180.0   5.0 450.0                            LAT/LON1/LON2/DLON/H
   22   24   26   28   29   31   32   33   34   34   34   34   33   32   30   28
   27   24   22   20   17   15   13   10    8    6    4    3    1    0    0    0
    0    0    0    0    0    0    0    0    0    1    1    2    3    3    4    5
    5    6    6    7    7    7    7    7    7    8    8    8    8    8    9   10
   10   11   12   13   15   16   18   20   22
    80.0-180.0 180.0   5.0 450.0                            LAT/LON1/LON2/DLON/H
   22   25   27   30   32   34   36   38   39   39   39   38   37   36   34   31
   29   26   23   21   18   15   13   10    8    6    4    2    0    0    0    0
    0    0    0    0    0    0    0    1    2    3    4    5    6    7    8    9
    9    9   10   10   10   10   10    9    9    9    9    8    8    8    8    9
    9   10   11   12   14   15   17   20   22
    77.5-180.0 180.0   5.0 450.0                            LAT/LON1/LON2/DLON/H
   22   25   28   31   33   36   38   40   41   42   41   40   39   36   34   31
   28   25   22   20   18   15   13   11    9    7    5    3    1    0    0    0
    0    0    0    1    2    3    4    6    7    8    9   10   11   12   12   13
   13   13   14   13   13   13   13   12   12   11   11   10   10    9    9    9
    9   10   11   12   13   15   17   19   22
    75.0-180.0 180.0   5.0 450.0                            LAT/LON1/LON2/DLON/H
   23   26   28   31   34   36   39   41   42   42   41   40   37   34   31   27
   24   22   20   18   17   15   14   13   11    9    8    6    5    4    3    3
    4    4    5    6    7    8    9   10   11   12   13   14   15   15   16   16
   17   17   16   16   16   15   15   14   14   13   13   13   12   12   12   12
   12   12   12   13   15   16   18   21   23
    72.5-180.0 180.0   5.0 450.0                            LAT/LON1/LON2/DLON/H
   27   29   31   33   35   37   39   40   41   41   40   38   35   30   26   22
   19   17   16   15   16   16   16   16   15   13   12   10    9    8    8    8
    9    9   10   11   11   12   12   13   14   14   15   16   17   17   18   18
   18   18   18   17   17   16   16   15   15   15   15   16   16   16   16   16
   16   17   17   18   20   21   23   25   27
    70.0-180.0 180.0   5.0 450.0                            LAT/LON1/LON2/DLON/H
   34   35   36   36   37   38   39   40   41   41   40   37   32   27   22   17
   14   12   12   13   15   17   18   19   18   17   15   14   13   12   12   12
   13   14   14   14   14   14   14   14   14   14   15   16   16   17   17   18
   17   17   17   16   15   15   15   15   15   16   17   18   20   20   21   22
   23   23   24   26   28   29   31   33   34
    67.5-180.0 180.0   5.0 450.0                            LAT/LON1/LON2/DLON/H
   45   45   44   43   41   41   41   41   42   42   40   37   32   26   20   15
   11    9   10   12   15   18   20   21   21   19   17   16   15   14   15   16
   16   17   16   16   15   13   12   12   12   12   13   14   15   16   16   16
   16   15   14   13   13   12   12   13   14   16   19   21   23   26   27   29
   30   31   33   35   37   40   42   44   45
    65.0-180.0 180.0   5.0 450.0                            LAT/LON1/LON2/DLON/H
   58   57   54   51   48   45   44   43   43   43   42   39   34   28   21   15
   11   10   10   13   17   20   22   22   21   19   17   15   15   15   16   17
   18   18   17   16   14   12   10    9    9   10   11   13   14   14   15   14
   14   13   12   10   10    9    9   11   13   16   19   23   27   30   33   35
   37   39   41   44   48   51   54   57   58
    62.5-180.0 180.0   5.0 450.0                            LAT/LON1/LON2/DLON/H
   71   70   67   62   56   51   48   46   46   46   46   43   39   33   26   20
   15   13   13   15   18   20   21   20   18   16   14   13   14   15   17   19
   19   19   18   15   13   10    8    8    8    9   11   13   14   15   15   14
   13   11   10    8    7    7    7    8   11   15   20   25   30   35   39   41
   44   46   49   52   57   61   66   69   71
    60.0-180.0 180.0   5.0 450.0                            LAT/LON1/LON2/DLON/H
   82   82   79   73   67   60   54   51   50   50   50   48   45   40   34   27
   22   19   18   18   19   20   19   16   14   11   10   11   12   15   18   20
   21   20   19   16   13   11    9    9   10   11   13   15   16   17   16   15
   14   12   10    8    6    5    6    7   10   15   20   27   33   39   43   47
   49   52   55   59   63   69   75   80   82
    57.5-180.0 180.0   5.0 450.0                            LAT/LON1/LON2/DLON/H
   91   93   91   86   78   70   63   58   55   54   54   53   51   47   42   36
   31   26   24   22   20   18   15   12    9    7    7   10   13   17   21   23
   24   23   22   20   17   16   15   15   16   17   19   20   21   21   20   19
   17   15   12   10    8    7    6    8   11   15   22   28   35   42   47   51
   54   57   60   63   68   74   81   87   91
    55.0-180.0 180.0   5.0 450.0                            LAT/LON1/LON2/DLON/H
   97  100  101   97   91   83   75   68   63   60   59   58   56   54   50   45
   39   34   29   25   21   17   13    9    6    6    8   12   17   22   25   27
   27   27   26   26   25   25   24   25   25   26   27   28   28   27   25   23
   21   19   17   14   12   10    9   10   13   17   23   30   38   45   51   55
   59   61   64   67   72   77   84   91   97
    52.5-180.0 180.0   5.0 450.0                            LAT/LON1/LON2/DLON/H
   99  105  108  108  104   97   89   81   73   68   64   62   61   59   56   52
   47   41   35   29   23   17   12    9    8    9   13   19   25   29   31   32
   32   32   33   34   36   37   37   38   38   37   37   36   35   33   31   29
   27   25   23   20   17   15   14   14   17   21   26   33   40   47   54   59
   64   67   69   72   75   79   85   92   99
    50.0-180.0 180.0   5.0 450.0                            LAT/LON1/LON2/DLON/H
   98  106  113  116  116  112  105   96   86   78   72   68   65   63   61   58
   53   46   39   32   26   21   17   14   15   18   23   30   35   37   38   37
   36   37   40   44   48   50   52   51   50   48   46   43   41   38   36   35
   33   32   30   27   24   21   19   19   21   25   29   35   42   50   57   64
   69   73   75   78   79   82   86   91   98
    47.5-180.0 180.0   5.0 450.0                            LAT/LON1/LON2/DLON/H
   96  105  114  121  125  124  119  111  101   91   82   75   71   68   66   62
   57   50   43   37   32   28   26   25   27   31   37   43   46   46   43   41
   40   42   47   53   59   63   65   64   61   57   53   49   46   43   41   40
   39   38   36   33   30   27   25   25   26   29   33   39   45   53   60   68
   74   80   83   85   86   87   87   91   96
    45.0-180.0 180.0   5.0 450.0                            LAT/LON1/LON2/DLON/H
   95  103  113  122  129  132  130  124  115  105   94   85   78   74   71   67
   62   55   49   44   41   40   41   41   44   48   52   56   56   52   47   43
   42   46   53   61   68   73   75   73   69   64   58   53   49   47   45   45
   45   44   42   39   35   32   30   30   31   34   38   43   49   56   64   73
   80   87   92   95   96   94   92   92   95
    42.5-180.0 180.0   5.0 450.0                            LAT/LON1/LON2/DLON/H
   97  102  111  120  128  133  134  132  126  117  107   97   89   83   79   74
   67   61   56   53   54   57   59   60   61   63   65   66   63   57   49   45
   45   50   58   67   74   79   80   78   74   68   62   57   53   50   49   49
   50   49   47   43   39   35   33   34   36   39   44   48   54   61   69   77
   86   94  101  106  107  105  100   96   97
    40.0-180.0 180.0   5.0 450.0                            LAT/LON1/LON2/DLON/H
  103  105  110  117  123  127  130  131  130  125  118  109  101   94   89   83
   76   69   65   65   70   75   78   78   77   76   74   72   67   59   51   47
   49   55   63   71   77   81   81   80   76   71   66   61   57   54   53   53
   53   53   50   46   41   37   36   37   40   45   50   55   61   67   75   82
   91  100  109  117  120  118  112  106  103
    37.5-180.0 180.0   5.0 450.0                            LAT/LON1/LON2/DLON/H
  115  114  115  116  116  117  119  123  127  128  125  119  113  107  102   95
   87   80   77   79   86   92   95   93   87   82   78   74   68   61   54   52
   55   62   69   75   78   80   80   79   77   74   70   66   62   59   57   57
   56   55   52   48   43   39   37   39   44   49   56   62   69   75   81   87
   95  105  117  127  134  133  127  120  115
    35.0-180.0 180.0   5.0 450.0                            LAT/LON1/LON2/DLON/H
  134  131  127  121  113  106  105  110  117  123  126  126  123  120  115  108
  100   93   90   93  101  107  107  101   92   84   78   74   69   64   60   61
   66   73   78   79   79   78   77   78   78   77   75   71   67   64   61   59
   57   55   52   48   43   40   39   41   46   54   62   70   77   83   88   93
  100  110  124  138  147  150  146  139  134
    32.5-180.0 180.0   5.0 450.0                            LAT/LON1/LON2/DLON/H
  161  158  151  137  118  102   94   96  104  115  123  128  130  130  128  122
  114  106  103  106  112  116  113  103   91   80   75   73   72   70   70   73
   80   85   87   84   80   76   75   77   79   80   79   76   72   67   63   60
   57   55   52   48   44   41   39   42   48   57   67   77   85   91   95   98
  104  115  131  148  162  167  166  163  161
    30.0-180.0 180.0   5.0 450.0                            LAT/LON1/LON2/DLON/H
  193  193  185  166  137  110   92   88   94  106  117  126  132  137  138  134
  127  119  114  115  119  119  113  100   85   76   73   75   77   79   82   88
   95   99   97   90   81   75   74   77   80   83   82   79   74   68   63   58
   55   52   50   47   44   41   40   42   49   59   71   83   92   98  102  105
  110  122  140  160  176  185  188  190  193
    27.5-180.0 180.0   5.0 450.0                            LAT/LON1/LON2/DLON/H
  227  235  229  207  170  132  105   92   93  101  111  122  131  140  144  143
  137  129  123  120  120  117  108   93   80   73   74   80   86   91   96  102
  107  109  104   94   83   76   74   77   81   83   82   78   72   66   60   55
   51   48   47   46   44   42   41   42   49   60   73   86   97  104  108  111
  118  131  151  173  191  202  209  217  227
    25.0-180.0 180.0   5.0 450.0                            LAT/LON1/LON2/DLON/H
  261  277  278  256  216  170  134  112  104  105  110  119  129  139  146  148
  143  135  127  121  117  111  101   87   76   74   79   89   97  102  106  111
  114  114  107   95   84   77   75   77   80   80   77   72   66   60   54   49
   45   43   43   44   44   42   40   41   48   60   74   88  100  107  112  118
  127  142  164  186  205  217  228  242  261
    22.5-180.0 180.0   5.0 450.0                            LAT/LON1/LON2/DLON/H
  288  314  323  306  266  219  177  147  130  121  117  120  128  138  146  149
  146  138  128  120  113  105   95   85   78   80   89  100  107  110  110  112
  113  111  104   94   84   78   76   76   76   73   68   62   56   51   47   42
   39   38   39   41   42   41   39   40   47   59   74   89  101  109  117  125
  137  155  178  200  218  230  242  261  288
    20.0-180.0 180.0   5.0 450.0                            LAT/LON1/LON2/DLON/H
  306  339  357  347  314  269  226  192  167  147  133  128  130  137  145  148
  146  138  128  118  109  102   95   88   86   91  100  109  113  111  107  105
  104  101   96   88   82   78   76   74   70   64   57   51   45   41   38   36
   33   32   34   37   39   39   37   38   46   59   75   90  101  111  120  132
  148  169  192  213  228  239  251  273  306
    17.5-180.0 180.0   5.0 450.0                            LAT/LON1/LON2/DLON/H
  311  349  373  372  347  311  273  240  208  179  156  142  137  140  144  147
  144  138  127  117  109  104  100   97   98  104  111  116  113  105   96   91
   88   86   83   80   78   77   75   70   63   55   46   39   34   32   31   30
   28   28   29   33   36   36   35   37   46   60   77   91  102  113  124  140
  159  181  204  223  235  242  253  275  311
    15.0-180.0 180.0   5.0 450.0                            LAT/LON1/LON2/DLON/H
  303  341  368  374  360  336  308  279  247  213  181  160  149  146  146  146
  143  137  129  120  114  111  111  112  114  117  119  117  107   93   81   74
   71   70   71   72   74   75   73   66   57   47   38   31   27   26   27   26
   25   24   25   29   32   32   33   37   48   64   80   94  105  116  130  148
  169  191  212  227  237  241  249  269  303
    12.5-180.0 180.0   5.0 450.0                            LAT/LON1/LON2/DLON/H
  284  318  344  355  351  339  325  304  276  240  205  179  163  155  151  148
  144  139  133  127  124  125  128  130  130  128  123  113   97   80   66   59
   57   58   62   67   71   73   70   63   53   43   34   27   24   24   25   25
   23   22   22   25   28   30   32   38   51   69   86   99  110  120  136  155
  177  197  214  227  233  236  241  256  284
    10.0-180.0 180.0   5.0 450.0                            LAT/LON1/LON2/DLON/H
  260  286  307  318  322  322  321  311  289  256  223  196  178  166  158  151
  147  144  140  138  139  143  147  148  144  135  122  105   86   68   56   51
   50   53   58   65   71   73   69   61   51   43   35   30   26   26   27   26
   24   21   21   23   26   28   32   41   56   75   93  105  115  126  142  162
  182  199  213  222  227  228  230  240  260
     7.5-180.0 180.0   5.0 450.0                            LAT/LON1/LON2/DLON/H
  237  252  265  274  282  291  301  301  287  261  231  207  191  178  166  157
  152  150  150  151  156  162  166  163  153  138  118   98   78   63   55   53
   55   58   63   69   73   73   68   60   53   47   42   36   32   30   30   29
   26   23   22   23   26   28   34   45   62   82   99  111  120  132  148  167
  184  197  207  214  218  220  221  226  237
     5.0-180.0 180.0   5.0 450.0                            LAT/LON1/LON2/DLON/H
  221  226  231  235  243  258  274  282  274  255  232  214  200  188  175  165
  159  158  161  165  172  178  181  174  159  137  114   94   77   68   64   66
   69   71   73   76   77   74   67   61   56   54   50   45   40   36   35   33
   29   26   25   26   28   31   37   49   67   87  103  115  124  136  152  170
  184  193  199  204  210  214  215  217  221
     2.5-180.0 180.0   5.0 450.0                            LAT/LON1/LON2/DLON/H
  215  214  211  211  217  232  250  261  259  245  229  217  208  197  184  173
  167  167  171  177  185  191  190  180  160  136  113   95   84   81   82   86
   89   88   87   85   81   75   67   61   60   60   59   54   47   42   39   37
   34   31   30   30   32   34   40   52   70   89  104  115  125  138  154  169
  180  186  190  196  204  211  215  216  215
