70_EGNOS_Project/core/files/corg0140.19i
     1.0            IONOSPHERE MAPS     GNSS                IONEX VERSION / TYPE
ADDNEQ2 V5.3        AIUB                15-JAN-19 17:35     PGM / RUN BY / DATE 
CODE'S RAPID IONOSPHERE MAPS FOR DAY 014, 2019              COMMENT             
Global ionosphere maps (GIM) are generated on a daily basis DESCRIPTION         
at CODE using data from about 120 GNSS sites of the IGS and DESCRIPTION         
other institutions. The vertical total electron content     DESCRIPTION         
(VTEC) is modeled in a solar-geomagnetic reference frame    DESCRIPTION         
using a spherical harmonics expansion up to degree and      DESCRIPTION         
order 15. Piece-wise linear functions are used for          DESCRIPTION         
representation in the time domain. The time spacing of      DESCRIPTION         
their vertices is 1 hour, conforming with the epochs of the DESCRIPTION         
VTEC maps.                                                  DESCRIPTION         
To convert line-of-sight TEC into vertical TEC, a modified  DESCRIPTION         
single-layer model mapping function approximating the JPL   DESCRIPTION         
extended slab model mapping function is adopted. The        DESCRIPTION         
mapping function is evaluated at geodetic satellite         DESCRIPTION         
elevation angles. For the computation of the ionospheric    DESCRIPTION         
pierce points, a spherical layer with a radius of 6821 km   DESCRIPTION         
is assumed, implying geocentric, not geodetic IONEX         DESCRIPTION         
latitudes.                                                  DESCRIPTION         
Instrumental biases with respect to each involved GNSS code DESCRIPTION         
observable are estimated as constant values for each        DESCRIPTION         
day. They are modeled with one set of bias parameters for   DESCRIPTION         
each satellite and each station in case of GPS and for each DESCRIPTION         
satellite-station link in case of GLONASS. The code bias    DESCRIPTION         
datum is defined by zero-mean conditions imposed on the     DESCRIPTION         
satellite bias estimates. In this file, just GPS C1W-C2W    DESCRIPTION         
satellite and station bias values are included. The         DESCRIPTION         
complete set of GNSS code bias results is provided in an    DESCRIPTION         
additional Bias-SINEX file as pseudo-absolute values        DESCRIPTION         
specific to each observable.                                DESCRIPTION         
Note: These GIM results correspond to the results for the   DESCRIPTION         
last day of a 3-day combination analysis solving for 73     DESCRIPTION         
times 256, or 18688 VTEC parameters and 3 daily sets of     DESCRIPTION         
GNSS code bias parameters.                                  DESCRIPTION         
Contact address: code(at)aiub.unibe.ch                      DESCRIPTION         
Data archive:    ftp.aiub.unibe.ch/CODE/                    DESCRIPTION         
                 www.aiub.unibe.ch/download/CODE/           DESCRIPTION         
  2019     1    14     0     0     0                        EPOCH OF FIRST MAP  
  2019     1    15     0     0     0                        EPOCH OF LAST MAP   
  3600                                                      INTERVAL            
[...]
    87.5 -87.5  -2.5                                        LAT1 / LAT2 / DLAT  
  -180.0 180.0   5.0                                        LON1 / LON2 / DLON  
    -1                                                      EXPONENT            
TEC/RMS values in 0.1 TECU; 9999, if no value available     COMMENT             
Peak TEC values for the included maps:                      COMMENT             
 303  295  291  299  317  321  306  283  257  245  232  228 COMMENT             
 233  237  242  246  244  244  249  258  263  253  266  280 COMMENT             
 291                                                        COMMENT             
List of stations:                                           COMMENT             
adis albh algo alic alrt ankr areq auck badg bake bako bjco COMMENT             
bor1 brmu brst brux bshm cas1 cedu chpi chti chur coco cord COMMENT             
cro1 darw dav1 dgar dubo fair flin flrs frdn func ganp glps COMMENT             
glsv gode godz gope gras graz guam guat hers hert hob2 hofn COMMENT             
hrao hyde iisc iqal joz2 kerg kir0 kit3 kokb kokv kour lama COMMENT             
lhaz lpal lpgs mac1 mas1 mat1 mate maw1 mcm4 mdvj mizu mkea COMMENT             
mobj mobs mtka nano nklg not1 nril ntus ohi3 onsa park pdel COMMENT             
penc pert pfa2 pimo pots qaq1 rabt rbay reun reyk rio2 sant COMMENT             
sch2 sofi stjo str2 suth sydn tabv tash thti thu2 tid1 tow2 COMMENT             
ulab unbj unsa vald whit wind xmis yarr yssk zim2 zimm      COMMENT             
                                                            END OF HEADER       
[from data line 5148]
    13                                                      START OF TEC MAP    
  2019     1    14    12     0     0                        EPOCH OF CURRENT MAP
    87.5-180.0 180.0   5.0 450.0                            LAT/LON1/LON2/DLON/H
   18   18   17   17   17   16   16   16   15   15   15   14   14   13   13   13
   12   12   12   11   11   11   11   11   10   10   10   10   10   10   10   10
   10   10   10   10   10   11   11   11   11   11   11   11   11   11   11   12
   12   12   12   13   13   13   14   14   15   15   15   16   16   17   17   17
   17   18   18   18   18   18   18   18   18
    85.0-180.0 180.0   5.0 450.0                            LAT/LON1/LON2/DLON/H
   22   22   21   20   20   19   18   17   16   16   15   14   13   12   11   11
   10    9    9    8    8    8    8    8    8    8    8    8    8    9    9    9
    9   10   10   10   10   10   10   10   10    9    9    9    9    9    9    9
    9    9   10   10   11   12   13   13   14   15   16   17   18   19   20   21
   22   22   22   23   23   23   23   22   22
    82.5-180.0 180.0   5.0 450.0                            LAT/LON1/LON2/DLON/H
   25   24   23   22   21   20   19   18   17   15   14   13   12   11   10    9
    8    7    7    6    6    5    5    5    6    6    6    7    8    9   10   10
   11   12   12   12   12   12   12   11   10   10    9    8    7    7    6    6
    6    6    7    7    8    9   10   12   13   15   16   18   20   21   23   24
   25   26   26   27   27   27   26   26   25
    80.0-180.0 180.0   5.0 450.0                            LAT/LON1/LON2/DLON/H
   26   25   24   23   21   20   19   18   16   15   14   13   12   11   10    9
    8    7    6    5    5    4    4    4    5    5    6    8    9   11   12   13
   15   16   16   17   17   16   15   14   13   12   10    9    7    6    5    4
    4    4    4    4    5    6    8   10   12   14   16   18   20   22   24   26
   27   28   29   29   29   29   28   27   26
    77.5-180.0 180.0   5.0 450.0                            LAT/LON1/LON2/DLON/H
   26   24   23   22   20   19   18   17   16   15   14   13   13   12   11   11
   10    9    8    7    6    5    5    5    5    6    7    9   11   13   15   18
   20   21   22   23   22   22   20   19   17   15   13   11    9    7    6    4
    4    3    3    3    4    5    7    8   10   13   15   18   20   23   25   26
   28   29   29   29   29   29   28   27   26
    75.0-180.0 180.0   5.0 450.0                            LAT/LON1/LON2/DLON/H
   24   22   21   20   19   18   17   16   15   15   14   14   14   14   14   14
   13   13   12   11   10    8    7    7    7    8    9   11   13   16   19   22
   24   26   28   28   28   27   25   23   21   18   16   14   12   10    8    7
    6    5    5    5    5    6    7    8   10   12   15   17   20   22   24   26
   27   28   28   28   28   27   26   25   24
    72.5-180.0 180.0   5.0 450.0                            LAT/LON1/LON2/DLON/H
   22   21   20   19   18   17   16   16   15   15   15   16   16   17   17   18
   18   18   17   16   14   12   11   10    9    9   10   12   15   18   21   25
   28   30   32   33   32   31   29   27   24   22   19   17   16   14   13   12
   11   10    9    9    8    8    8    9   11   13   15   17   19   21   23   24
   25   26   26   26   25   24   23   23   22
    70.0-180.0 180.0   5.0 450.0                            LAT/LON1/LON2/DLON/H
   20   19   19   18   18   17   16   16   16   16   16   17   18   19   20   21
   22   22   21   20   18   16   14   12   11   11   12   13   16   19   23   27
   30   33   35   36   35   34   32   29   27   24   23   21   20   20   19   18
   18   17   15   14   12   11   11   11   12   13   15   16   18   20   21   22
   23   23   23   23   22   22   21   21   20
    67.5-180.0 180.0   5.0 450.0                            LAT/LON1/LON2/DLON/H
   20   20   19   19   19   18   18   17   16   16   16   17   18   20   22   23
   24   25   24   23   21   19   16   14   13   12   12   14   17   20   24   28
   31   34   36   37   37   36   34   32   29   27   26   25   25   25   25   25
   24   23   21   19   16   15   13   13   13   14   15   16   17   18   19   19
   20   20   20   20   20   20   20   20   20
    65.0-180.0 180.0   5.0 450.0                            LAT/LON1/LON2/DLON/H
   20   21   21   21   21   21   20   19   18   17   16   16   17   19   21   23
   25   25   25   24   21   19   17   15   13   13   13   15   18   21   25   29
   33   36   38   39   39   38   36   34   32   31   30   29   30   30   31   31
   30   28   25   22   19   17   15   14   13   14   15   15   16   17   17   17
   17   17   18   18   18   19   19   20   20
    62.5-180.0 180.0   5.0 450.0                            LAT/LON1/LON2/DLON/H
   22   23   24   24   24   24   23   21   19   17   16   16   16   17   19   21
   23   23   23   21   19   17   15   14   13   14   15   17   20   23   28   32
   35   38   40   42   42   41   40   38   36   35   34   34   34   35   35   35
   33   31   28   24   20   17   15   14   14   14   15   15   16   16   16   16
   16   16   16   17   18   19   20   21   22
    60.0-180.0 180.0   5.0 450.0                            LAT/LON1/LON2/DLON/H
   24   25   26   27   27   27   25   23   21   19   17   15   15   16   17   19
   20   20   19   18   16   14   13   13   14   15   17   20   24   28   32   36
   40   43   45   46   46   46   45   44   43   42   41   40   40   39   39   38
   35   32   28   24   20   17   15   15   15   15   16   16   16   16   15   15
   15   16   17   18   19   20   22   23   24
    57.5-180.0 180.0   5.0 450.0                            LAT/LON1/LON2/DLON/H
   26   28   29   29   30   29   28   26   24   21   18   16   15   15   16   17
   17   17   15   14   12   11   11   13   15   18   22   26   30   35   39   43
   46   49   50   52   52   53   52   52   51   50   48   47   45   44   42   40
   37   33   29   24   20   18   16   16   17   17   18   18   18   17   17   17
   17   18   19   20   22   23   24   25   26
    55.0-180.0 180.0   5.0 450.0                            LAT/LON1/LON2/DLON/H
   29   30   31   31   32   32   31   29   27   24   21   19   17   17   17   17
   17   15   13   11   10   10   11   14   18   23   28   33   39   44   48   52
   54   56   57   58   59   60   61   61   61   60   58   55   52   49   46   43
   39   35   30   26   22   20   19   20   20   21   22   22   21   21   20   20
   20   21   22   24   25   26   27   28   29
    52.5-180.0 180.0   5.0 450.0                            LAT/LON1/LON2/DLON/H
   32   32   33   34   34   34   33   32   31   29   26   24   22   21   20   20
   19   17   14   11   10   11   14   18   23   29   35   42   48   53   58   61
   63   64   64   65   66   68   69   71   71   70   68   64   60   56   52   48
   44   39   34   30   27   25   25   25   27   27   28   27   26   26   25   25
   25   26   28   29   30   30   31   31   32
    50.0-180.0 180.0   5.0 450.0                            LAT/LON1/LON2/DLON/H
   35   35   36   36   37   37   37   36   35   34   32   30   28   27   26   25
   24   21   18   15   15   16   20   25   31   37   44   50   57   62   66   69
   70   70   70   71   72   74   77   79   80   80   77   73   69   64   60   56
   51   47   42   38   34   33   33   34   35   35   35   34   33   32   32   32
   32   33   34   35   35   35   35   35   35
    47.5-180.0 180.0   5.0 450.0                            LAT/LON1/LON2/DLON/H
   38   39   39   40   40   40   40   40   40   40   39   37   36   35   34   33
   31   27   24   22   22   25   29   34   40   46   52   58   65   70   74   75
   76   76   75   76   77   80   83   86   88   88   86   82   78   73   69   65
   61   57   52   48   44   43   43   44   44   44   44   42   41   40   39   39
   39   40   40   41   41   41   40   39   38
    45.0-180.0 180.0   5.0 450.0                            LAT/LON1/LON2/DLON/H
   43   43   44   44   44   43   43   44   45   45   45   45   44   42   41   40
   38   35   33   31   32   35   39   44   49   54   59   65   71   75   79   80
   80   80   80   80   82   85   88   92   95   95   93   90   86   82   79   76
   72   68   63   59   55   53   53   54   54   53   52   51   49   48   47   46
   46   46   47   47   47   46   44   43   43
    42.5-180.0 180.0   5.0 450.0                            LAT/LON1/LON2/DLON/H
   46   47   48   48   48   47   46   47   48   50   51   51   50   49   48   47
   46   43   41   40   42   46   50   55   58   61   65   70   75   79   82   83
   84   84   84   85   87   91   94   98  101  101  100   97   94   91   88   86
   82   78   74   69   65   63   62   62   62   62   60   59   57   56   54   53
   52   52   52   53   52   51   49   47   46
    40.0-180.0 180.0   5.0 450.0                            LAT/LON1/LON2/DLON/H
   50   50   51   52   51   49   48   49   50   53   55   56   55   54   54   53
   51   50   48   49   51   56   60   63   65   67   70   74   78   82   85   87
   88   90   91   93   96   99  102  106  108  108  106  104  101   98   96   94
   91   87   82   77   72   70   69   69   69   68   67   66   64   63   61   58
   57   56   56   57   56   55   52   50   50
    37.5-180.0 180.0   5.0 450.0                            LAT/LON1/LON2/DLON/H
   51   52   53   54   53   51   49   49   51   54   57   59   59   58   57   56
   55   54   54   55   59   64   68   70   71   72   73   77   81   85   88   92
   95   98  101  104  107  110  113  116  117  116  113  110  107  105  103  100
   98   93   88   82   77   74   73   73   74   73   72   71   70   68   65   62
   60   59   59   60   60   58   55   52   51
    35.0-180.0 180.0   5.0 450.0                            LAT/LON1/LON2/DLON/H
   52   52   53   54   53   51   49   48   50   54   58   60   60   59   58   57
   56   56   57   59   64   69   73   75   75   75   76   80   84   89   94   99
  104  110  115  119  122  125  127  128  128  126  122  118  114  111  108  106
  102   98   92   86   81   77   76   76   77   76   76   75   74   72   68   64
   61   60   61   62   62   60   56   53   52
    32.5-180.0 180.0   5.0 450.0                            LAT/LON1/LON2/DLON/H
   51   51   51   52   51   50   47   47   49   52   57   59   60   59   58   57
   56   56   57   61   66   72   76   78   78   77   79   83   89   95  101  108
  116  124  131  136  139  141  143  143  141  137  132  127  122  118  114  110
  106  102   97   91   85   81   79   78   78   78   78   77   76   74   70   66
   62   61   62   63   63   61   57   53   51
    30.0-180.0 180.0   5.0 450.0                            LAT/LON1/LON2/DLON/H
   49   48   49   49   49   48   46   45   47   50   55   58   59   58   56   55
   55   55   57   61   67   73   78   80   79   80   83   88   94  101  109  119
  129  140  148  152  155  156  158  158  155  150  144  137  132  127  122  117
  112  108  103   97   91   86   83   81   80   79   78   78   76   74   70   66
   62   61   62   64   64   61   57   52   49
    27.5-180.0 180.0   5.0 450.0                            LAT/LON1/LON2/DLON/H
   48   47   46   47   47   47   45   44   45   49   53   56   57   56   54   53
   52   53   55   60   66   73   78   81   81   82   86   92   99  108  117  129
  142  154  162  166  167  169  170  170  168  162  156  149  143  138  132  126
  122  117  113  108  101   94   89   85   82   80   78   77   76   73   69   65
   62   61   62   64   64   61   57   52   48
    25.0-180.0 180.0   5.0 450.0                            LAT/LON1/LON2/DLON/H
   48   45   45   45   46   47   46   45   45   47   51   54   55   53   52   50
   50   51   53   58   66   73   78   81   83   85   89   96  104  113  124  138
  152  164  172  174  175  175  177  179  177  173  167  161  156  151  145  139
  134  131  127  121  114  105   97   90   84   80   77   76   74   71   68   64
   61   61   62   64   63   61   56   52   48
    22.5-180.0 180.0   5.0 450.0                            LAT/LON1/LON2/DLON/H
   48   45   44   45   46   48   48   46   46   47   49   51   52   51   49   48
   48   49   52   57   65   72   78   82   85   88   92   98  106  116  128  143
  158  170  176  177  176  177  180  183  183  181  177  173  170  166  160  155
  150  147  143  138  129  118  107   96   88   81   77   74   71   69   66   63
   61   60   61   63   62   59   55   51   48
    20.0-180.0 180.0   5.0 450.0                            LAT/LON1/LON2/DLON/H
   48   46   44   45   47   49   50   49   47   47   48   49   49   48   47   46
   46   47   50   56   64   72   79   83   86   90   94   99  107  116  129  144
  160  171  176  175  173  174  178  183  186  186  185  184  183  181  176  171
  167  163  160  154  144  131  117  103   91   83   76   72   69   67   64   61
   60   59   60   61   60   57   54   51   48
    17.5-180.0 180.0   5.0 450.0                            LAT/LON1/LON2/DLON/H
   48   46   45   45   48   51   52   51   49   47   46   46   46   45   45   45
   45   46   50   56   63   72   78   83   87   91   95   99  106  115  128  143
  158  169  172  170  168  169  174  181  187  190  191  193  195  195  192  187
  182  178  174  167  156  142  126  110   96   85   77   72   68   65   63   60
   59   58   58   58   56   54   52   50   48
    15.0-180.0 180.0   5.0 450.0                            LAT/LON1/LON2/DLON/H
   47   46   44   45   48   52   54   52   49   47   45   44   44   43   43   44
   44   46   49   55   63   71   78   83   88   92   95   99  104  113  126  141
  156  166  169  166  164  165  172  180  187  192  197  201  205  207  205  200
  194  189  184  176  165  150  133  116  101   88   79   73   69   65   62   60
   58   57   56   55   53   51   49   48   47
    12.5-180.0 180.0   5.0 450.0                            LAT/LON1/LON2/DLON/H
   45   44   43   44   47   51   53   52   49   46   43   42   41   41   42   43
   44   46   49   55   63   70   77   83   88   92   95   99  104  113  125  140
  154  164  167  166  164  166  173  181  189  195  202  208  214  216  214  209
  203  196  189  181  170  155  139  122  107   94   84   77   71   67   64   61
   59   56   54   52   50   47   46   45   45
    10.0-180.0 180.0   5.0 450.0                            LAT/LON1/LON2/DLON/H
   42   41   40   41   44   47   50   49   47   44   41   40   39   40   41   42
   44   46   49   55   62   69   75   81   87   92   96  100  106  114  127  141
  155  165  169  169  169  172  179  187  194  200  207  214  220  223  220  214
  207  199  191  182  172  159  145  129  114  101   91   83   77   71   67   63
   60   57   54   51   48   45   44   43   42
     7.5-180.0 180.0   5.0 450.0                            LAT/LON1/LON2/DLON/H
   40   39   38   38   40   43   45   45   43   41   39   37   37   38   40   41
   43   45   49   55   62   68   74   80   86   92   98  103  109  119  131  145
  159  169  175  177  179  183  189  195  201  207  214  220  226  227  223  217
  209  200  192  182  173  163  151  137  123  110  100   91   84   77   72   68
   63   59   55   52   49   46   43   41   40
     5.0-180.0 180.0   5.0 450.0                            LAT/LON1/LON2/DLON/H
   39   38   37   37   37   39   40   39   38   37   36   35   35   36   38   40
   41   44   48   55   61   67   72   78   86   93  100  107  115  125  138  151
  164  175  183  188  192  196  201  206  210  215  220  226  230  229  225  218
  210  202  193  184  176  168  158  146  133  120  109  100   91   84   78   73
   68   63   59   55   52   48   45   41   39
     2.5-180.0 180.0   5.0 450.0                            LAT/LON1/LON2/DLON/H
   42   40   39   38   37   36   35   35   34   33   33   32   33   34   36   37
   39   42   47   54   61   67   72   78   86   95  104  112  122  133  145  158
  170  181  191  198  203  208  212  215  218  222  226  230  232  230  225  218
  212  205  197  189  182  175  166  155  142  128  117  107   98   91   84   79
   73   68   64   61   58   54   49   45   42
