70_EGNOS_Project/core/files/corg0140.19i
     1.0            IONOSPHERE MAPS     GNSS                IONEX VERSION / TYPE
ADDNEQ2 V5.3        AIUB                15-JAN-19 17:35     PGM / RUN BY / DATE 
CODE'S RAPID IONOSPHERE MAPS FOR DAY 014, 2019              COMMENT             
Global ionosphere maps (GIM) are generated on a daily basis DESCRIPTION         
at CODE using data from about 120 GNSS sites of the IGS and DESCRIPTION         
other institutions. The vertical total electron content     DESCRIPTION         
(VTEC) is modeled in a solar-geomagnetic reference frame    DESCRIPTION         
using a spherical harmonics expansion up to degree and      DESCRIPTION         
order 15. Piece-wise linear functions are used for          DESCRIPTION         
representation in the time domain. The time spacing of      DESCRIPTION         
their vertices is 1 hour, conforming with the epochs of the DESCRIPTION         
VTEC maps.                                                  DESCRIPTION         
To convert line-of-sight TEC into vertical TEC, a modified  DESCRIPTION         
single-layer model mapping function approximating the JPL   DESCRIPTION         
extended slab model mapping function is adopted. The        DESCRIPTION         
mapping function is evaluated at geodetic satellite         DESCRIPTION         
elevation angles. For the computation of the ionospheric    DESCRIPTION         
pierce points, a spherical layer with a radius of 6821 km   DESCRIPTION         
is assumed, implying geocentric, not geodetic IONEX         DESCRIPTION         
latitudes.                                                  DESCRIPTION         
Instrumental biases with respect to each involved GNSS code DESCRIPTION         
observable are estimated as constant values for each        DESCRIPTION         
day. They are modeled with one set of bias parameters for   DESCRIPTION         
each satellite and each station in case of GPS and for each DESCRIPTION         
satellite-station link in case of GLONASS. The code bias    DESCRIPTION         
datum is defined by zero-mean conditions imposed on the     DESCRIPTION         
satellite bias estimates. In this file, just GPS C1W-C2W    DESCRIPTION         
satellite and station bias values are included. The         DESCRIPTION         
complete set of GNSS code bias results is provided in an    DESCRIPTION         
additional Bias-SINEX file as pseudo-absolute values        DESCRIPTION         
specific to each observable.                                DESCRIPTION         
Note: These GIM results correspond to the results for the   DESCRIPTION         
last day of a 3-day combination analysis solving for 73     DESCRIPTION         
times 256, or 18688 VTEC parameters and 3 daily sets of     DESCRIPTION         
GNSS code bias parameters.                                  DESCRIPTION         
Contact address: code(at)aiub.unibe.ch                      DESCRIPTION         
Data archive:    ftp.aiub.unibe.ch/CODE/                    DESCRIPTION         
                 www.aiub.unibe.ch/download/CODE/           DESCRIPTION         
  2019     1    14     0     0     0                        EPOCH OF FIRST MAP  
  2019     1    15     0     0     0                        EPOCH OF LAST MAP   
  3600                                                      INTERVAL            
[...]
    87.5 -87.5  -2.5                                        LAT1 / LAT2 / DLAT  
  -180.0 180.0   5.0                                        LON1 / LON2 / DLON  
    -1                                                      EXPONENT            
TEC/RMS values in 0.1 TECU; 9999, if no value available     COMMENT             
Peak TEC values for the included maps:                      COMMENT             
 303  295  291  299  317  321  306  283  257  245  232  228 COMMENT             
 233  237  242  246  244  244  249  258  263  253  266  280 COMMENT             
 291                                                        COMMENT             
List of stations:                                           COMMENT             
adis albh algo alic alrt ankr areq auck badg bake bako bjco COMMENT             
bor1 brmu brst brux bshm cas1 cedu chpi chti chur coco cord COMMENT             
cro1 darw dav1 dgar dubo fair flin flrs frdn func ganp glps COMMENT             
glsv gode godz gope gras graz guam guat hers hert hob2 hofn COMMENT             
hrao hyde iisc iqal joz2 kerg kir0 kit3 kokb kokv kour lama COMMENT             
lhaz lpal lpgs mac1 mas1 mat1 mate maw1 mcm4 mdvj mizu mkea COMMENT             
mobj mobs mtka nano nklg not1 nril ntus ohi3 onsa park pdel COMMENT             
penc pert pfa2 pimo pots qaq1 rabt rbay reun reyk rio2 sant COMMENT             
sch2 sofi stjo str2 suth sydn tabv tash thti thu2 tid1 tow2 COMMENT             
ulab unbj unsa vald whit wind xmis yarr yssk zim2 zimm      COMMENT             
                                                            END OF HEADER       
[from data line 7293]
    18                                                      START OF TEC MAP    
  2019     1    14    17     0     0                        EPOCH OF CURRENT MAP
    87.5-180.0 180.0   5.0 450.0                            LAT/LON1/LON2/DLON/H
   12   12   12   12   11   11   11   11   11   11   11   11   11   11   11   11
   11   12   12   12   12   12   12   13   13   13   13   14   14   14   15   15
   15   16   16   16   16   17   17   17   18   18   18   18   19   19   19   19
   19   19   19   19   19   18   18   18   18   18   17   17   17   16   16   15
   15   15   14   14   13   13   13   12   12
    85.0-180.0 180.0   5.0 450.0                            LAT/LON1/LON2/DLON/H
   11   10   10   10    9    9    9    9    9    9   10   10   10   10   10   11
   11   11   11   12   12   12   12   12   13   13   13   13   14   14   15   15
   16   17   17   18   19   19   20   20   21   22   22   23   23   23   23   24
   24   24   24   24   23   23   23   22   22   22   21   20   20   19   18   17
   16   16   15   14   13   12   12   11   11
    82.5-180.0 180.0   5.0 450.0                            LAT/LON1/LON2/DLON/H
   10    9    9    8    8    8    8    9    9    9   10   10   11   11   12   12
   13   13   13   14   14   14   14   14   14   14   14   14   14   14   15   15
   16   17   18   19   20   21   22   23   24   24   25   26   26   27   27   27
   27   28   28   28   28   27   27   27   26   26   25   24   23   22   21   20
   19   17   16   15   14   12   11   11   10
    80.0-180.0 180.0   5.0 450.0                            LAT/LON1/LON2/DLON/H
   10    9    8    8    8    8    8    9    9   10   11   12   13   14   15   16
   16   17   17   18   18   17   17   17   16   16   15   15   14   14   15   15
   16   17   18   19   20   21   23   24   25   26   26   27   28   28   28   29
   29   29   30   30   30   30   30   30   30   30   29   28   27   26   25   23
   22   20   18   17   15   13   12   11   10
    77.5-180.0 180.0   5.0 450.0                            LAT/LON1/LON2/DLON/H
   11   10    9    9    9    9    9   10   10   12   13   14   15   17   18   20
   21   22   23   23   23   23   22   21   20   19   18   16   15   15   14   14
   15   15   16   17   19   20   21   22   23   24   25   26   26   26   27   27
   28   28   29   30   30   31   32   32   33   33   33   32   31   30   29   27
   25   23   21   19   17   15   14   12   11
    75.0-180.0 180.0   5.0 450.0                            LAT/LON1/LON2/DLON/H
   13   12   11   10   10   10   10   11   12   13   14   16   18   20   21   23
   25   27   28   29   29   29   29   27   25   23   21   19   17   15   14   13
   13   13   14   15   16   17   18   19   20   20   21   21   22   22   22   23
   24   25   26   27   29   30   32   33   34   35   35   35   35   34   33   31
   29   27   25   23   20   18   16   15   13
    72.5-180.0 180.0   5.0 450.0                            LAT/LON1/LON2/DLON/H
   16   14   13   12   11   11   11   11   12   13   15   17   19   21   24   26
   29   31   33   35   36   36   35   34   32   29   26   23   20   17   14   13
   11   11   10   11   11   12   12   13   14   14   15   15   16   16   16   17
   18   20   22   24   26   28   30   33   34   36   37   37   37   37   35   34
   32   30   28   26   24   22   20   18   16
    70.0-180.0 180.0   5.0 450.0                            LAT/LON1/LON2/DLON/H
   19   18   16   14   13   12   12   12   13   14   15   17   19   22   25   28
   31   34   37   40   41   42   42   40   38   35   31   27   23   19   16   13
   10    8    7    6    6    6    6    6    7    7    8    8    9    9   10   11
   13   15   17   20   22   25   28   31   33   35   36   37   38   37   37   36
   34   33   31   29   27   25   23   21   19
    67.5-180.0 180.0   5.0 450.0                            LAT/LON1/LON2/DLON/H
   23   21   19   17   15   14   13   13   13   14   16   17   20   22   25   29
   32   36   40   43   46   47   47   46   43   40   36   32   27   23   18   14
   11    7    4    2    1    0    0    0    0    1    1    2    3    4    5    7
    9   11   13   16   19   22   25   28   31   33   35   36   36   37   36   36
   35   33   32   31   29   28   26   24   23
    65.0-180.0 180.0   5.0 450.0                            LAT/LON1/LON2/DLON/H
   26   24   22   20   18   16   14   14   14   15   16   18   20   23   26   29
   33   38   42   46   49   50   51   50   47   44   41   36   32   27   23   18
   13    8    4    0    0    0    0    0    0    0    0    0    0    1    3    5
    7    9   12   14   17   20   22   25   28   30   32   33   34   34   34   34
   33   33   32   31   30   29   28   27   26
    62.5-180.0 180.0   5.0 450.0                            LAT/LON1/LON2/DLON/H
   28   26   25   22   20   18   16   16   16   17   18   20   22   25   28   31
   35   39   43   47   50   52   53   52   50   48   45   41   38   33   28   23
   17   11    6    1    0    0    0    0    0    0    0    0    0    2    4    6
    8   10   12   14   16   18   20   23   25   27   28   30   31   31   32   32
   31   31   31   30   30   29   29   28   28
    60.0-180.0 180.0   5.0 450.0                            LAT/LON1/LON2/DLON/H
   29   29   27   25   23   20   19   18   18   20   22   24   26   28   31   33
   37   41   45   48   51   53   54   53   52   50   49   46   44   40   36   30
   24   17   11    6    1    0    0    0    0    0    0    2    4    6    8   10
   12   14   15   16   17   18   20   21   23   24   26   27   28   29   29   29
   29   29   29   29   29   29   29   29   29
    57.5-180.0 180.0   5.0 450.0                            LAT/LON1/LON2/DLON/H
   30   30   30   28   26   23   22   21   22   24   27   29   31   33   35   37
   40   43   47   50   52   54   54   54   53   53   52   52   50   48   44   38
   31   25   18   13    9    6    4    4    4    5    7    9   11   13   15   17
   18   19   20   20   21   21   21   22   23   24   25   26   27   27   27   27
   28   28   27   27   27   28   29   29   30
    55.0-180.0 180.0   5.0 450.0                            LAT/LON1/LON2/DLON/H
   31   32   32   31   29   27   26   26   27   30   33   35   37   39   41   43
   45   47   50   52   54   55   55   55   55   56   57   57   57   55   51   46
   39   33   27   22   19   16   15   15   15   16   18   20   21   22   24   25
   26   27   27   26   26   25   24   24   25   26   26   27   27   27   27   27
   27   27   27   27   27   27   28   30   31
    52.5-180.0 180.0   5.0 450.0                            LAT/LON1/LON2/DLON/H
   33   34   35   35   33   32   31   32   34   36   39   42   44   46   47   49
   51   53   54   56   57   58   58   58   59   60   61   63   63   62   58   52
   46   40   35   32   30   29   28   28   29   30   31   31   32   33   33   34
   34   35   34   33   32   31   30   29   29   30   30   30   30   30   29   29
   29   29   29   28   28   28   29   31   33
    50.0-180.0 180.0   5.0 450.0                            LAT/LON1/LON2/DLON/H
   34   36   38   38   37   37   37   38   40   43   47   49   51   53   54   56
   57   59   60   61   61   62   63   63   64   65   67   69   69   67   62   56
   50   45   42   40   40   41   41   42   43   43   44   44   44   43   43   43
   43   43   42   41   40   38   37   36   36   36   36   35   35   34   33   33
   32   32   32   31   30   30   31   32   34
    47.5-180.0 180.0   5.0 450.0                            LAT/LON1/LON2/DLON/H
   36   39   40   41   41   41   42   44   47   51   54   57   58   60   61   63
   65   66   67   67   68   68   69   70   71   72   73   74   74   71   65   58
   52   48   46   47   49   51   53   54   55   56   56   56   55   53   52   51
   51   51   50   50   48   47   45   44   44   43   43   42   40   38   37   37
   37   36   36   35   34   34   34   35   36
    45.0-180.0 180.0   5.0 450.0                            LAT/LON1/LON2/DLON/H
   39   40   42   43   44   45   47   50   54   58   61   63   65   67   68   70
   72   74   74   75   76   77   78   78   79   79   80   80   78   74   67   59
   53   49   50   52   56   60   63   65   66   67   67   66   65   63   61   59
   58   58   58   57   56   55   53   52   52   51   50   48   45   43   42   41
   41   41   40   40   39   38   38   38   39
    42.5-180.0 180.0   5.0 450.0                            LAT/LON1/LON2/DLON/H
   41   41   43   44   45   47   50   54   59   64   67   70   71   73   75   78
   80   82   83   83   84   86   87   87   87   86   86   85   82   76   68   60
   53   51   53   57   62   66   70   72   74   76   76   76   74   72   69   67
   65   64   64   64   63   62   61   60   59   57   55   53   50   47   46   45
   45   45   45   44   44   42   41   41   41
    40.0-180.0 180.0   5.0 450.0                            LAT/LON1/LON2/DLON/H
   42   42   42   43   45   48   52   57   63   68   73   75   77   79   82   85
   88   90   92   92   93   95   96   96   94   93   91   89   86   80   72   63
   57   55   58   62   67   71   75   78   80   82   83   83   82   80   76   73
   70   69   69   69   69   68   67   65   64   62   59   56   53   50   48   48
   47   47   47   47   47   46   44   43   42
    37.5-180.0 180.0   5.0 450.0                            LAT/LON1/LON2/DLON/H
   42   41   41   41   43   46   52   58   65   71   76   80   82   85   88   92
   96   98  100  101  102  103  103  102  100   98   96   94   91   86   78   71
   66   65   67   71   74   77   79   82   84   87   88   89   88   86   82   78
   74   72   71   71   71   71   70   69   67   65   61   58   54   52   50   49
   49   49   49   49   49   48   46   44   42
    35.0-180.0 180.0   5.0 450.0                            LAT/LON1/LON2/DLON/H
   42   40   39   39   40   44   50   57   65   72   78   82   86   89   93   97
  102  105  108  109  109  110  109  107  104  101  100   99   98   95   90   84
   81   80   82   84   84   84   84   86   88   90   92   92   92   90   86   81
   76   72   71   71   71   71   71   69   67   65   61   57   54   52   51   50
   49   49   49   49   49   49   47   45   42
    32.5-180.0 180.0   5.0 450.0                            LAT/LON1/LON2/DLON/H
   42   39   37   37   38   42   48   56   64   71   78   83   88   92   96  101
  106  110  113  114  115  114  113  110  107  104  104  105  107  108  106  103
  102  102  102  101   98   94   91   90   91   92   93   94   94   92   88   82
   76   71   69   69   69   69   69   68   66   63   59   56   53   52   51   51
   50   48   48   48   48   48   46   44   42
    30.0-180.0 180.0   5.0 450.0                            LAT/LON1/LON2/DLON/H
   42   39   37   36   37   40   46   54   62   70   77   83   88   92   97  101
  107  111  115  117  117  116  114  111  108  107  109  114  119  124  126  127
  128  128  127  122  114  106   99   95   94   93   93   93   93   91   87   81
   74   68   65   65   66   66   65   64   62   59   56   53   51   51   51   51
   49   47   46   46   46   46   45   44   42
    27.5-180.0 180.0   5.0 450.0                            LAT/LON1/LON2/DLON/H
   42   40   38   36   37   40   46   54   61   68   75   82   87   91   95  100
  105  110  114  116  117  115  113  111  110  112  117  125  134  141  147  151
  154  155  152  144  132  119  108  101   97   94   91   90   89   88   84   78
   70   64   61   61   62   62   61   59   58   55   52   50   49   50   51   51
   49   47   45   44   44   44   43   43   42
    25.0-180.0 180.0   5.0 450.0                            LAT/LON1/LON2/DLON/H
   43   42   40   38   39   42   48   55   61   67   74   80   85   89   92   96
  100  106  110  113  114  113  112  112  114  118  126  137  149  159  168  174
  179  180  175  164  148  131  117  107   99   94   89   85   84   83   79   74
   67   61   58   58   58   57   56   54   53   51   48   47   47   48   50   50
   48   46   43   42   42   41   42   42   43
    22.5-180.0 180.0   5.0 450.0                            LAT/LON1/LON2/DLON/H
   43   44   43   41   42   46   52   58   63   68   73   79   83   87   89   92
   95  100  105  109  111  111  112  114  119  128  138  151  164  175  184  192
  197  198  193  179  160  140  124  112  102   93   86   81   79   77   74   70
   64   59   56   55   55   54   52   50   48   46   45   44   44   46   48   49
   47   44   42   41   40   39   40   42   43
    20.0-180.0 180.0   5.0 450.0                            LAT/LON1/LON2/DLON/H
   44   46   45   44   45   50   56   63   67   71   75   79   83   86   87   88
   91   95  101  105  108  110  114  119  128  139  152  165  177  187  196  203
  208  208  202  187  167  147  130  116  105   94   84   78   74   73   70   67
   62   58   56   55   54   51   49   46   45   43   42   41   42   44   46   46
   45   42   41   39   38   38   39   41   44
    17.5-180.0 180.0   5.0 450.0                            LAT/LON1/LON2/DLON/H
   44   46   46   45   48   53   61   68   72   75   78   81   85   86   87   88
   90   93   99  104  108  113  119  128  139  153  166  178  188  195  201  206
  210  210  203  188  170  150  134  120  108   96   85   77   73   70   68   65
   62   59   58   56   54   50   47   44   43   41   40   40   40   42   43   43
   42   40   39   38   37   36   37   40   44
    15.0-180.0 180.0   5.0 450.0                            LAT/LON1/LON2/DLON/H
   43   45   45   45   49   56   65   72   77   80   83   85   88   90   91   91
   92   95  100  106  113  119  128  139  153  167  180  189  195  199  201  204
  205  204  197  184  168  151  137  125  113  100   88   79   74   71   69   67
   64   62   61   58   55   51   47   44   43   42   41   40   40   40   41   40
   38   37   36   36   35   35   36   39   43
    12.5-180.0 180.0   5.0 450.0                            LAT/LON1/LON2/DLON/H
   41   42   42   43   48   56   66   75   81   85   88   91   93   96   97   98
   99  102  107  114  122  130  141  154  168  181  192  198  200  199  198  197
  196  194  188  178  165  152  141  131  119  107   95   85   79   75   73   70
   68   67   65   62   58   53   49   46   45   44   43   42   41   40   39   37
   35   34   34   34   34   33   34   37   41
    10.0-180.0 180.0   5.0 450.0                            LAT/LON1/LON2/DLON/H
   38   39   39   40   46   55   66   77   84   89   93   96   99  103  106  108
  110  113  118  126  135  146  157  170  183  194  201  203  202  198  193  190
  187  184  179  172  164  155  147  138  128  116  104   94   87   82   78   76
   73   71   69   66   61   57   53   51   50   49   48   45   43   41   38   35
   33   32   32   33   33   33   33   35   38
     7.5-180.0 180.0   5.0 450.0                            LAT/LON1/LON2/DLON/H
   35   35   35   37   44   54   65   76   85   92   97  101  105  110  115  119
  123  126  132  141  151  163  174  186  196  204  207  206  202  196  190  185
  181  178  175  171  166  161  156  149  139  127  115  104   97   91   86   82
   79   77   74   70   66   62   59   57   56   55   53   50   47   43   39   36
   33   32   32   33   33   33   33   34   35
     5.0-180.0 180.0   5.0 450.0                            LAT/LON1/LON2/DLON/H
   33   33   33   36   43   53   65   75   85   93  100  106  111  117  124  130
  136  140  147  156  168  180  191  199  206  210  211  208  202  196  190  184
  180  178  176  174  173  171  167  161  151  139  126  115  107  100   94   89
   86   82   78   74   71   68   66   64   64   62   60   56   52   47   42   38
   35   33   34   34   34   34   33   33   33
     2.5-180.0 180.0   5.0 450.0                            LAT/LON1/LON2/DLON/H
   33   32   32   36   44   55   65   75   84   94  102  109  115  123  131  140
  147  153  160  170  183  195  204  209  212  213  211  208  203  198  193  189
  186  184  183  183  184  184  181  174  163  150  136  125  116  108  102   97
   92   87   82   78   76   74   73   72   70   68   65   61   56   51   46   42
   39   37   37   37   37   36   35   34   33
