70_EGNOS_Project/core/files/corg0140.19i
     1.0            IONOSPHERE MAPS     GNSS                IONEX VERSION / TYPE
ADDNEQ2 V5.3        AIUB                15-JAN-19 17:35     PGM / RUN BY / DATE 
CODE'S RAPID IONOSPHERE MAPS FOR DAY 014, 2019              COMMENT             
Global ionosphere maps (GIM) are generated on a daily basis DESCRIPTION         
at CODE using data from about 120 GNSS sites of the IGS and DESCRIPTION         
other institutions. The vertical total electron content     DESCRIPTION         
(VTEC) is modeled in a solar-geomagnetic reference frame    DESCRIPTION         
using a spherical harmonics expansion up to degree and      DESCRIPTION         
order 15. Piece-wise linear functions are used for          DESCRIPTION         
representation in the time domain. The time spacing of      DESCRIPTION         
their vertices is 1 hour, conforming with the epochs of the DESCRIPTION         
VTEC maps.                                                  DESCRIPTION         
To convert line-of-sight TEC into vertical TEC, a modified  DESCRIPTION         
single-layer model mapping function approximating the JPL   DESCRIPTION         
extended slab model mapping function is adopted. The        DESCRIPTION         
mapping function is evaluated at geodetic satellite         DESCRIPTION         
elevation angles. For the computation of the ionospheric    DESCRIPTION         
pierce points, a spherical layer with a radius of 6821 km   DESCRIPTION         
is assumed, implying geocentric, not geodetic IONEX         DESCRIPTION         
latitudes.                                                  DESCRIPTION         
Instrumental biases with respect to each involved GNSS code DESCRIPTION         
observable are estimated as constant values for each        DESCRIPTION         
day. They are modeled with one set of bias parameters for   DESCRIPTION         
each satellite and each station in case of GPS and for each DESCRIPTION         
satellite-station link in case of GLONASS. The code bias    DESCRIPTION         
datum is defined by zero-mean conditions imposed on the     DESCRIPTION         
satellite bias estimates. In this file, just GPS C1W-C2W    DESCRIPTION         
satellite and station bias values are included. The         DESCRIPTION         
complete set of GNSS code bias results is provided in an    DESCRIPTION         
additional Bias-SINEX file as pseudo-absolute values        DESCRIPTION         
specific to each observable.                                DESCRIPTION         
Note: These GIM results correspond to the results for the   DESCRIPTION         
last day of a 3-day combination analysis solving for 73     DESCRIPTION         
times 256, or 18688 VTEC parameters and 3 daily sets of     DESCRIPTION         
GNSS code bias parameters.                                  DESCRIPTION         
Contact address: code(at)aiub.unibe.ch                      DESCRIPTION         
Data archive:    ftp.aiub.unibe.ch/CODE/                    DESCRIPTION         
                 www.aiub.unibe.ch/download/CODE/           DESCRIPTION         
  2019     1    14     0     0     0                        EPOCH OF FIRST MAP  
  2019     1    15     0     0     0                        EPOCH OF LAST MAP   
  3600                                                      INTERVAL            
[...]
    87.5 -87.5  -2.5                                        LAT1 / LAT2 / DLAT  
  -180.0 180.0   5.0                                        LON1 / LON2 / DLON  
    -1                                                      EXPONENT            
TEC/RMS values in 0.1 TECU; 9999, if no value available     COMMENT             
Peak TEC values for the included maps:                      COMMENT             
 303  295  291  299  317  321  306  283  257  245  232  228 COMMENT             
 233  237  242  246  244  244  249  258  263  253  266  280 COMMENT             
 291                                                        COMMENT             
List of stations:                                           COMMENT             
adis albh algo alic alrt ankr areq auck badg bake bako bjco COMMENT             
bor1 brmu brst brux bshm cas1 cedu chpi chti chur coco cord COMMENT             
cro1 darw dav1 dgar dubo fair flin flrs frdn func ganp glps COMMENT             
glsv gode godz gope gras graz guam guat hers hert hob2 hofn COMMENT             
hrao hyde iisc iqal joz2 kerg kir0 kit3 kokb kokv kour lama COMMENT             
lhaz lpal lpgs mac1 mas1 mat1 mate maw1 mcm4 mdvj mizu mkea COMMENT             
mobj mobs mtka nano nklg not1 nril ntus ohi3 onsa park pdel COMMENT             
penc pert pfa2 pimo pots qaq1 rabt rbay reun reyk rio2 sant COMMENT             
sch2 sofi stjo str2 suth sydn tabv tash thti thu2 tid1 tow2 COMMENT             
ulab unbj unsa vald whit wind xmis yarr yssk zim2 zimm      COMMENT             
                                                            END OF HEADER       
[from data line 3432]
     9                                                      START OF TEC MAP    
  2019     1    14     8     0     0                        EPOCH OF CURRENT MAP
    87.5-180.0 180.0   5.0 450.0                            LAT/LON1/LON2/DLON/H
   14   15   15   15   15   15   16   16   16   16   16   16   16   16   15   15
   15   15   15   15   14   14   14   14   14   14   13   13   13   13   12   12
   12   12   12   11   11   11   10   10   10   10    9    9    9    9    9    8
    8    8    8    8    8    8    8    8    9    9    9    9   10   10   10   11
   11   11   12   12   13   13   13   14   14
    85.0-180.0 180.0   5.0 450.0                            LAT/LON1/LON2/DLON/H
   16   16   17   18   18   18   18   18   18   18   18   17   17   16   16   15
   15   15   14   14   14   13   13   13   13   13   13   13   13   12   12   12
   12   11   11   10   10   10    9    8    8    7    7    6    6    6    5    5
    5    4    4    4    4    4    4    4    4    5    5    5    6    6    7    8
    8    9   10   11   12   13   14   15   16
    82.5-180.0 180.0   5.0 450.0                            LAT/LON1/LON2/DLON/H
   16   18   19   19   20   20   20   20   19   19   18   17   16   15   14   13
   12   11   11   11   11   11   11   11   11   11   12   12   12   12   12   12
   12   11   11   10   10    9    8    7    7    6    5    5    4    4    3    3
    3    3    3    2    2    2    2    2    2    2    2    3    3    3    4    5
    6    7    8    9   11   12   14   15   16
    80.0-180.0 180.0   5.0 450.0                            LAT/LON1/LON2/DLON/H
   16   18   19   21   21   21   21   21   19   18   16   15   13   11    9    8
    7    7    6    6    6    7    8    8    9   10   11   11   12   12   12   12
   12   12   11   10   10    9    8    7    6    6    5    5    4    4    4    4
    4    4    4    4    4    4    4    4    3    3    3    3    2    2    3    3
    4    5    6    7    9   11   12   14   16
    77.5-180.0 180.0   5.0 450.0                            LAT/LON1/LON2/DLON/H
   15   17   19   21   21   22   21   20   19   16   14   11    9    7    5    3
    2    2    2    2    3    4    5    7    8    9   10   11   12   12   12   13
   12   12   11   10   10    9    8    7    7    6    6    6    6    7    7    8
    9    9   10   10   10   10   10    9    8    8    7    6    5    4    4    3
    3    4    4    5    7    9   11   13   15
    75.0-180.0 180.0   5.0 450.0                            LAT/LON1/LON2/DLON/H
   14   16   18   20   21   21   21   19   17   15   12    9    6    3    1    0
    0    0    0    0    2    3    5    6    8    9   10   11   12   12   12   12
   12   11   11   10    9    8    7    7    7    7    8    9   10   11   13   14
   16   17   18   18   19   19   18   18   17   15   14   12   11    9    8    6
    5    5    5    5    6    7    9   11   14
    72.5-180.0 180.0   5.0 450.0                            LAT/LON1/LON2/DLON/H
   12   14   17   18   20   20   20   18   16   13   10    6    3    1    0    0
    0    0    0    1    2    4    6    8    9   10   11   11   12   12   12   11
   11   10    9    8    8    7    7    7    7    9   10   12   14   17   19   22
   24   26   27   28   28   28   28   27   26   25   23   21   19   16   14   12
   10    8    7    6    6    7    8   10   12
    70.0-180.0 180.0   5.0 450.0                            LAT/LON1/LON2/DLON/H
   11   13   15   17   18   18   18   17   15   12    9    6    3    0    0    0
    0    0    1    3    5    7    8   10   10   11   11   11   11   11   11   10
    9    8    7    6    6    5    6    7    8   10   13   16   19   23   26   29
   32   34   35   36   37   37   37   36   35   33   31   29   27   24   22   19
   16   14   11   10    9    8    9   10   11
    67.5-180.0 180.0   5.0 450.0                            LAT/LON1/LON2/DLON/H
   11   12   13   15   16   17   17   16   14   12    9    6    3    1    0    0
    1    3    5    7    8   10   11   11   11   11   11   11   10   10    9    8
    7    6    5    4    4    4    5    7    9   12   16   20   24   28   32   35
   38   40   42   42   43   43   43   42   41   40   38   36   34   32   29   26
   23   20   17   14   12   11   10   10   11
    65.0-180.0 180.0   5.0 450.0                            LAT/LON1/LON2/DLON/H
   12   12   13   14   15   15   15   15   13   12    9    7    5    4    3    4
    5    6    8    9   11   12   12   12   11   11   10   10    9    9    8    7
    6    5    4    3    3    4    5    8   11   14   19   23   28   32   36   40
   42   44   45   46   46   46   46   45   44   43   42   40   39   37   35   32
   29   26   23   20   17   15   13   12   12
    62.5-180.0 180.0   5.0 450.0                            LAT/LON1/LON2/DLON/H
   15   14   14   14   14   14   14   14   13   12   10    8    7    6    6    6
    7    8   10   11   11   12   12   11   11   10    9    9    9    9    9    8
    7    6    5    4    5    6    8   11   14   18   23   27   32   36   40   43
   45   46   47   47   47   47   46   46   45   44   43   42   41   40   38   36
   33   30   27   24   21   19   17   16   15
    60.0-180.0 180.0   5.0 450.0                            LAT/LON1/LON2/DLON/H
   18   17   16   15   15   14   14   14   13   12   11   10    9    9    8    9
    9   10   10   10   11   11   10   10   10    9    9   10   10   11   11   10
    9    8    8    8    8   10   13   16   20   24   28   32   36   40   43   45
   47   48   48   48   48   48   47   47   46   45   44   43   42   40   39   37
   35   32   29   27   24   22   21   19   18
    57.5-180.0 180.0   5.0 450.0                            LAT/LON1/LON2/DLON/H
   22   21   19   18   17   16   16   15   15   14   12   11   11   11   11   11
   10   10   10    9    9    9   10   10   10   10   11   12   13   14   14   14
   14   13   13   13   15   18   21   25   29   32   35   38   41   44   47   48
   50   50   50   50   50   50   49   49   48   46   45   43   42   40   39   37
   35   32   30   27   26   25   24   23   22
    55.0-180.0 180.0   5.0 450.0                            LAT/LON1/LON2/DLON/H
   27   26   24   22   21   20   19   18   17   16   14   13   13   13   13   13
   12   11   10    9    9   10   11   12   13   14   15   16   17   18   19   19
   19   19   20   21   24   28   32   36   40   43   45   47   49   50   52   53
   54   54   54   54   55   55   54   53   52   49   47   45   43   41   39   36
   34   31   29   27   26   26   26   27   27
    52.5-180.0 180.0   5.0 450.0                            LAT/LON1/LON2/DLON/H
   31   30   29   28   26   25   24   23   21   19   18   16   15   15   16   16
   15   13   12   11   12   13   16   18   19   20   21   21   22   23   24   25
   25   26   27   30   34   40   45   50   53   55   56   57   58   58   59   60
   61   61   61   62   62   62   62   60   58   55   52   49   46   43   40   37
   33   30   27   26   26   27   28   30   31
    50.0-180.0 180.0   5.0 450.0                            LAT/LON1/LON2/DLON/H
   34   35   34   33   32   32   31   30   28   25   22   20   19   20   20   20
   19   18   17   16   18   20   24   27   29   29   28   28   28   28   29   29
   31   32   35   40   45   52   58   64   67   69   69   69   68   68   69   69
   69   69   70   70   70   71   70   68   65   62   58   54   50   47   43   39
   34   30   27   25   26   27   30   32   34
    47.5-180.0 180.0   5.0 450.0                            LAT/LON1/LON2/DLON/H
   37   38   38   38   38   39   39   38   35   32   29   26   25   25   26   27
   26   25   24   25   27   31   35   39   40   39   37   34   32   31   32   33
   35   38   42   48   55   63   71   77   81   83   83   82   80   80   79   79
   79   79   79   79   79   78   77   75   72   68   64   60   56   52   48   43
   38   33   29   27   27   29   32   34   37
    45.0-180.0 180.0   5.0 450.0                            LAT/LON1/LON2/DLON/H
   38   40   41   42   43   45   46   46   44   40   36   33   32   33   34   35
   35   35   34   36   39   43   48   51   51   49   44   39   35   33   33   35
   37   42   48   55   64   73   82   89   93   96   96   94   93   91   90   89
   88   87   86   86   85   84   82   80   77   73   70   66   63   59   54   49
   43   38   34   31   31   32   34   36   38
    42.5-180.0 180.0   5.0 450.0                            LAT/LON1/LON2/DLON/H
   39   41   42   44   47   50   52   53   51   48   44   41   40   41   42   44
   44   44   45   47   50   55   60   62   61   57   50   43   37   34   34   36
   40   45   53   62   71   81   90   97  103  106  107  105  103  102  100   98
   96   94   92   91   89   87   85   82   80   77   74   71   68   65   61   56
   51   46   41   38   37   37   37   38   39
    40.0-180.0 180.0   5.0 450.0                            LAT/LON1/LON2/DLON/H
   41   41   42   45   48   52   56   58   57   55   51   49   48   49   50   52
   53   53   55   57   60   64   68   70   68   62   54   45   39   35   35   37
   42   49   57   67   77   87   96  104  110  113  115  114  112  110  108  106
  103  100   97   94   92   89   86   84   81   80   78   76   73   70   67   63
   59   54   50   46   44   43   42   41   41
    37.5-180.0 180.0   5.0 450.0                            LAT/LON1/LON2/DLON/H
   43   42   42   44   48   52   57   60   60   59   56   55   54   55   57   58
   59   60   62   64   66   70   72   73   70   64   56   47   41   37   37   40
   45   53   62   72   82   91  100  107  113  118  120  120  118  117  114  112
  108  105  101   98   95   92   89   87   85   84   82   81   78   76   73   70
   66   63   59   55   52   50   47   45   43
    35.0-180.0 180.0   5.0 450.0                            LAT/LON1/LON2/DLON/H
   46   44   43   44   47   51   55   59   60   60   59   58   59   60   61   62
   63   64   65   67   69   71   73   73   70   64   56   49   43   40   41   44
   50   58   67   77   87   95  102  109  115  120  122  123  122  121  119  117
  114  110  107  104  102  100   97   95   93   91   90   87   84   81   79   76
   74   71   67   64   60   57   53   50   46
    32.5-180.0 180.0   5.0 450.0                            LAT/LON1/LON2/DLON/H
   51   47   45   45   46   49   52   56   58   59   59   60   61   62   63   63
   64   65   66   68   68   69   69   69   67   62   56   50   46   45   46   49
   55   63   72   82   90   97  103  109  115  120  123  124  124  124  124  123
  121  118  116  115  114  113  111  109  107  105  102   98   93   88   85   83
   80   77   74   70   67   64   60   55   51
    30.0-180.0 180.0   5.0 450.0                            LAT/LON1/LON2/DLON/H
   57   53   50   47   46   47   49   52   54   55   57   59   61   62   62   62
   62   63   65   66   66   65   65   64   63   60   56   52   50   50   51   55
   60   68   77   86   94  100  105  110  115  120  123  125  127  128  129  130
  130  129  130  131  133  133  133  131  128  124  118  112  104   98   93   90
   87   83   79   75   72   70   66   62   57
    27.5-180.0 180.0   5.0 450.0                            LAT/LON1/LON2/DLON/H
   64   60   55   51   48   46   47   48   50   51   53   56   59   60   60   59
   59   60   62   63   62   61   60   60   59   58   55   53   53   54   56   59
   64   71   80   89   96  102  106  111  116  120  124  127  130  133  137  140
  142  144  147  151  156  158  159  157  153  147  139  129  118  110  103   98
   93   88   83   78   76   74   72   68   64
    25.0-180.0 180.0   5.0 450.0                            LAT/LON1/LON2/DLON/H
   71   67   62   56   51   48   46   47   47   48   50   53   56   57   57   56
   56   57   59   60   59   58   57   56   56   56   54   53   54   55   58   61
   66   72   81   90   98  103  108  113  118  123  127  131  136  141  146  151
  156  160  166  173  180  184  185  183  178  170  159  147  134  123  115  108
  101   93   86   80   78   77   76   74   71
    22.5-180.0 180.0   5.0 450.0                            LAT/LON1/LON2/DLON/H
   76   72   67   61   55   50   48   47   47   47   48   50   52   54   54   53
   53   54   56   57   57   55   54   54   54   53   52   51   52   54   57   60
   65   71   80   89   97  104  110  116  123  129  134  139  144  151  158  164
  170  177  185  193  201  206  208  206  200  190  177  163  149  138  128  119
  110   99   89   82   79   79   79   78   76
    20.0-180.0 180.0   5.0 450.0                            LAT/LON1/LON2/DLON/H
   79   75   70   64   58   53   50   49   49   47   47   48   50   51   51   50
   50   51   54   55   55   54   53   53   52   51   48   47   47   49   52   56
   61   68   77   87   96  105  113  121  129  137  143  149  156  163  170  177
  184  191  199  208  216  221  223  220  213  203  190  176  162  151  141  130
  119  106   94   85   81   80   81   81   79
    17.5-180.0 180.0   5.0 450.0                            LAT/LON1/LON2/DLON/H
   79   75   71   65   59   55   53   53   52   49   47   47   47   49   48   48
   48   50   52   54   54   53   53   52   50   47   43   41   40   42   46   51
   57   64   74   84   94  104  115  126  137  146  154  161  168  175  182  188
  194  201  209  217  223  227  228  225  218  207  195  183  172  162  152  141
  128  113   99   89   84   82   82   81   79
    15.0-180.0 180.0   5.0 450.0                            LAT/LON1/LON2/DLON/H
   77   73   69   64   59   56   55   55   55   52   48   46   46   47   47   46
   47   49   51   52   52   52   51   50   47   42   37   33   32   34   39   45
   52   61   71   81   93  104  117  131  144  156  166  174  180  186  192  197
  201  207  213  219  223  225  224  221  214  204  194  185  178  170  161  150
  136  121  107   95   88   85   84   81   77
    12.5-180.0 180.0   5.0 450.0                            LAT/LON1/LON2/DLON/H
   75   70   65   60   57   55   55   57   57   54   50   46   45   45   45   45
   46   48   50   51   50   50   49   46   42   36   31   26   25   27   33   40
   49   59   69   80   91  104  119  135  151  165  176  184  190  195  198  201
  204  208  213  216  217  217  216  212  206  198  190  185  181  176  169  158
  144  129  115  103   95   90   86   81   75
    10.0-180.0 180.0   5.0 450.0                            LAT/LON1/LON2/DLON/H
   74   67   61   57   54   53   54   56   56   54   50   46   44   44   44   44
   45   47   49   49   48   47   45   42   37   31   25   21   20   23   29   38
   49   59   70   80   91  104  120  138  155  171  182  190  195  198  201  203
  205  208  210  211  211  209  207  204  198  192  187  185  184  181  174  163
  151  137  124  112  103   96   89   82   74
     7.5-180.0 180.0   5.0 450.0                            LAT/LON1/LON2/DLON/H
   74   66   59   55   52   50   51   53   54   53   49   45   43   43   43   43
   45   47   48   47   45   43   41   37   32   26   21   18   18   22   29   39
   50   61   71   82   92  105  120  138  157  172  184  191  195  198  200  202
  204  207  209  208  207  205  203  201  196  191  188  187  188  186  179  168
  157  145  133  122  112  103   95   85   74
     5.0-180.0 180.0   5.0 450.0                            LAT/LON1/LON2/DLON/H
   78   68   61   55   51   49   48   49   50   50   47   44   42   42   42   43
   45   46   47   46   43   40   37   33   28   23   19   17   18   23   31   41
   52   64   74   84   94  105  120  137  155  169  180  187  191  194  196  199
  203  207  209  209  207  206  206  205  202  197  194  194  194  191  183  172
  161  151  141  131  121  111  101   89   78
     2.5-180.0 180.0   5.0 450.0                            LAT/LON1/LON2/DLON/H
   83   73   65   59   54   50   47   46   47   46   45   43   42   41   42   43
   44   46   46   45   41   38   34   30   26   22   19   19   21   26   34   44
   55   66   77   86   95  105  118  134  150  163  172  179  183  187  192  197
  203  208  212  213  213  214  216  217  214  210  206  205  203  198  188  176
  165  156  147  138  128  118  108   96   83
