70_EGNOS_Project/core/files/corg0140.19i
     1.0            IONOSPHERE MAPS     GNSS                IONEX VERSION / TYPE
ADDNEQ2 V5.3        AIUB                15-JAN-19 17:35     PGM / RUN BY / DATE 
CODE'S RAPID IONOSPHERE MAPS FOR DAY 014, 2019              COMMENT             
Global ionosphere maps (GIM) are generated on a daily basis DESCRIPTION         
at CODE using data from about 120 GNSS sites of the IGS and DESCRIPTION         
other institutions. The vertical total electron content     DESCRIPTION         
(VTEC) is modeled in a solar-geomagnetic reference frame    DESCRIPTION         
using a spherical harmonics expansion up to degree and      DESCRIPTION         
order 15. Piece-wise linear functions are used for          DESCRIPTION         
representation in the time domain. The time spacing of      DESCRIPTION         
their vertices is 1 hour, conforming with the epochs of the DESCRIPTION         
VTEC maps.                                                  DESCRIPTION         
To convert line-of-sight TEC into vertical TEC, a modified  DESCRIPTION         
single-layer model mapping function approximating the JPL   DESCRIPTION         
extended slab model mapping function is adopted. The        DESCRIPTION         
mapping function is evaluated at geodetic satellite         DESCRIPTION         
elevation angles. For the computation of the ionospheric    DESCRIPTION         
pierce points, a spherical layer with a radius of 6821 km   DESCRIPTION         
is assumed, implying geocentric, not geodetic IONEX         DESCRIPTION         
latitudes.                                                  DESCRIPTION         
Instrumental biases with respect to each involved GNSS code DESCRIPTION         
observable are estimated as constant values for each        DESCRIPTION         
day. They are modeled with one set of bias parameters for   DESCRIPTION         
each satellite and each station in case of GPS and for each DESCRIPTION         
satellite-station link in case of GLONASS. The code bias    DESCRIPTION         
datum is defined by zero-mean conditions imposed on the     DESCRIPTION         
satellite bias estimates. In this file, just GPS C1W-C2W    DESCRIPTION         
satellite and station bias values are included. The         DESCRIPTION         
complete set of GNSS code bias results is provided in an    DESCRIPTION         
additional Bias-SINEX file as pseudo-absolute values        DESCRIPTION         
specific to each observable.                                DESCRIPTION         
Note: These GIM results correspond to the results for the   DESCRIPTION         
last day of a 3-day combination analysis solving for 73     DESCRIPTION         
times 256, or 18688 VTEC parameters and 3 daily sets of     DESCRIPTION         
GNSS code bias parameters.                                  DESCRIPTION         
Contact address: code(at)aiub.unibe.ch                      DESCRIPTION         
Data archive:    ftp.aiub.unibe.ch/CODE/                    DESCRIPTION         
                 www.aiub.unibe.ch/download/CODE/           DESCRIPTION         
  2019     1    14     0     0     0                        EPOCH OF FIRST MAP  
  2019     1    15     0     0     0                        EPOCH OF LAST MAP   
  3600                                                      INTERVAL            
[...]
    87.5 -87.5  -2.5                                        LAT1 / LAT2 / DLAT  
  -180.0 180.0   5.0                                        LON1 / LON2 / DLON  
    -1                                                      EXPONENT            
TEC/RMS values in 0.1 TECU; 9999, if no value available     COMMENT             
Peak TEC values for the included maps:                      COMMENT             
 303  295  291  299  317  321  306  283  257  245  232  228 COMMENT             
 233  237  242  246  244  244  249  258  263  253  266  280 COMMENT             
 291                                                        COMMENT             
List of stations:                                           COMMENT             
adis albh algo alic alrt ankr areq auck badg bake bako bjco COMMENT             
bor1 brmu brst brux bshm cas1 cedu chpi chti chur coco cord COMMENT             
cro1 darw dav1 dgar dubo fair flin flrs frdn func ganp glps COMMENT             
glsv gode godz gope gras graz guam guat hers hert hob2 hofn COMMENT             
hrao hyde iisc iqal joz2 kerg kir0 kit3 kokb kokv kour lama COMMENT             
lhaz lpal lpgs mac1 mas1 mat1 mate maw1 mcm4 mdvj mizu mkea COMMENT             
mobj mobs mtka nano nklg not1 nril ntus ohi3 onsa park pdel COMMENT             
penc pert pfa2 pimo pots qaq1 rabt rbay reun reyk rio2 sant COMMENT             
sch2 sofi stjo str2 suth sydn tabv tash thti thu2 tid1 tow2 COMMENT             
ulab unbj unsa vald whit wind xmis yarr yssk zim2 zimm      COMMENT             
                                                            END OF HEADER       
[from data line 7722]
    19                                                      START OF TEC MAP    
  2019     1    14    18     0     0                        EPOCH OF CURRENT MAP
    87.5-180.0 180.0   5.0 450.0                            LAT/LON1/LON2/DLON/H
    9    9    9    9    9    9    9    9    9   10   10   10   10   11   11   11
   12   12   13   13   13   14   14   14   15   15   16   16   16   17   17   18
   18   18   19   19   19   19   19   20   20   20   20   20   20   19   19   19
   19   18   18   18   17   17   16   16   15   15   14   14   13   13   12   12
   12   11   11   10   10   10   10    9    9
    85.0-180.0 180.0   5.0 450.0                            LAT/LON1/LON2/DLON/H
    6    6    6    6    6    6    7    7    8    8    9    9   10   10   11   12
   12   13   13   14   14   15   15   16   16   17   18   18   19   19   20   21
   22   22   23   24   24   25   26   26   26   26   26   26   26   26   26   25
   25   24   23   23   22   21   20   19   18   17   16   16   15   14   13   12
   11   10    9    9    8    8    7    7    6
    82.5-180.0 180.0   5.0 450.0                            LAT/LON1/LON2/DLON/H
    5    5    5    5    5    6    6    7    8    8    9   10   11   12   13   14
   15   16   16   17   17   17   18   18   18   18   19   19   20   21   22   23
   24   25   27   28   29   30   31   31   32   32   32   32   32   31   31   30
   30   29   28   27   26   25   24   23   22   21   20   19   17   16   15   14
   12   11   10    9    8    7    7    6    5
    80.0-180.0 180.0   5.0 450.0                            LAT/LON1/LON2/DLON/H
    6    6    6    6    6    6    7    8    9   10   12   13   15   16   17   19
   20   20   21   21   21   21   21   20   20   20   19   20   20   21   22   23
   24   26   28   30   31   32   34   34   35   35   35   35   35   35   34   34
   33   32   32   31   30   30   29   28   26   25   24   23   21   20   19   17
   16   14   13   12   10    9    8    7    6
    77.5-180.0 180.0   5.0 450.0                            LAT/LON1/LON2/DLON/H
    9    8    7    7    7    7    8    9   11   12   14   16   18   20   22   24
   25   26   27   27   27   26   25   23   22   21   20   19   19   19   20   21
   23   25   27   29   31   32   33   34   35   35   35   35   34   34   34   33
   33   33   33   33   33   33   32   31   31   30   29   27   26   25   23   22
   20   19   17   16   14   13   11   10    9
    75.0-180.0 180.0   5.0 450.0                            LAT/LON1/LON2/DLON/H
   12   11   10    9    9    9   10   11   13   15   17   20   22   25   27   29
   31   32   33   33   33   32   30   28   25   23   20   18   17   16   17   17
   19   21   23   25   27   29   30   30   31   30   30   30   29   29   30   30
   31   32   33   34   34   35   35   34   34   33   32   31   30   29   28   26
   25   23   22   20   19   17   15   14   12
    72.5-180.0 180.0   5.0 450.0                            LAT/LON1/LON2/DLON/H
   15   14   12   11   11   11   12   13   15   17   19   22   25   28   31   34
   36   38   39   40   40   38   36   33   29   25   22   18   16   14   13   13
   14   16   17   19   21   22   23   23   23   22   22   21   21   22   23   25
   26   29   31   32   34   35   36   36   36   35   35   34   33   32   31   30
   29   27   26   25   23   21   19   17   15
    70.0-180.0 180.0   5.0 450.0                            LAT/LON1/LON2/DLON/H
   19   16   15   13   13   13   13   14   16   19   21   24   28   31   34   37
   40   43   45   46   46   45   42   39   34   29   25   20   16   13   11   10
   10   10   11   12   13   14   14   13   13   12   12   12   12   13   15   18
   21   24   28   31   33   34   35   36   36   36   35   34   34   33   32   32
   31   30   29   27   26   24   23   21   19
    67.5-180.0 180.0   5.0 450.0                            LAT/LON1/LON2/DLON/H
   21   19   17   15   14   14   15   16   19   21   24   27   30   33   36   40
   43   46   49   50   51   50   48   45   40   35   29   24   19   15   11    9
    7    6    5    5    5    5    4    4    3    2    2    2    4    6    9   12
   17   21   25   28   31   33   34   34   34   34   33   33   32   32   32   31
   31   30   29   29   28   26   25   23   21
    65.0-180.0 180.0   5.0 450.0                            LAT/LON1/LON2/DLON/H
   23   21   19   17   16   16   17   19   21   24   27   29   32   35   38   41
   45   48   51   54   55   55   53   50   46   41   35   29   24   19   14   10
    7    4    1    0    0    0    0    0    0    0    0    0    0    1    5    9
   14   18   23   26   29   30   31   31   31   31   30   30   30   30   30   29
   29   29   28   28   28   27   26   24   23
    62.5-180.0 180.0   5.0 450.0                            LAT/LON1/LON2/DLON/H
   24   22   21   19   19   19   20   23   25   28   30   33   35   37   40   43
   46   49   53   55   57   58   57   54   51   46   42   36   31   25   20   14
    9    4    0    0    0    0    0    0    0    0    0    0    0    1    4    9
   14   18   22   25   27   28   28   28   27   27   27   27   27   27   27   27
   27   27   26   26   26   26   26   25   24
    60.0-180.0 180.0   5.0 450.0                            LAT/LON1/LON2/DLON/H
   25   24   23   22   22   22   24   27   30   33   35   37   39   41   42   45
   47   50   53   56   58   59   59   57   55   52   48   44   39   34   28   21
   14    8    2    0    0    0    0    0    0    0    0    0    2    5    8   12
   16   20   22   24   25   26   26   25   25   24   24   24   25   25   25   25
   25   25   24   24   25   25   26   26   25
    57.5-180.0 180.0   5.0 450.0                            LAT/LON1/LON2/DLON/H
   27   26   26   25   25   27   29   32   36   38   41   42   43   44   46   47
   49   51   54   56   58   60   60   59   58   56   54   51   47   43   37   30
   22   15    8    3    0    0    0    1    3    5    7    9   11   13   16   18
   21   23   24   25   25   25   25   24   23   23   23   24   25   25   25   25
   24   24   23   23   24   25   26   27   27
    55.0-180.0 180.0   5.0 450.0                            LAT/LON1/LON2/DLON/H
   29   29   29   29   30   32   35   39   42   45   47   48   48   49   49   50
   51   53   55   57   59   60   61   60   60   59   59   57   55   51   46   39
   31   23   16   11    8    7    9   12   15   18   20   21   23   24   25   26
   27   28   28   28   27   26   26   25   25   25   25   26   27   27   27   27
   26   24   24   23   24   26   27   29   29
    52.5-180.0 180.0   5.0 450.0                            LAT/LON1/LON2/DLON/H
   32   33   33   34   36   38   42   46   49   51   53   53   53   53   54   54
   55   56   57   58   60   61   62   62   62   62   63   63   61   58   53   46
   39   31   25   20   18   19   21   25   29   32   34   35   36   36   36   35
   35   35   33   32   31   30   29   29   28   28   29   30   31   31   31   31
   29   27   26   26   26   28   29   31   32
    50.0-180.0 180.0   5.0 450.0                            LAT/LON1/LON2/DLON/H
   35   36   37   39   41   44   49   53   56   58   59   59   59   59   59   59
   59   59   60   61   62   64   64   65   65   66   67   67   66   63   58   52
   45   39   33   30   29   31   34   39   43   47   48   49   48   47   46   45
   44   42   40   39   37   36   35   35   35   34   35   35   36   37   36   35
   34   32   30   29   30   31   32   34   35
    47.5-180.0 180.0   5.0 450.0                            LAT/LON1/LON2/DLON/H
   38   39   41   43   46   50   55   59   63   65   65   65   64   64   65   65
   65   65   65   66   67   68   69   69   69   70   71   71   69   66   61   55
   49   45   41   40   40   43   47   52   56   59   61   60   59   57   55   54
   52   51   48   46   45   44   43   43   42   42   41   41   42   42   42   40
   39   37   35   34   34   35   36   37   38
    45.0-180.0 180.0   5.0 450.0                            LAT/LON1/LON2/DLON/H
   40   41   43   45   49   54   60   65   69   71   71   71   70   71   72   73
   72   72   71   72   73   74   75   75   75   76   76   75   72   67   61   56
   51   48   47   48   49   53   57   62   66   69   70   70   68   65   63   62
   61   59   57   55   53   52   52   51   50   49   47   47   47   46   46   45
   43   42   40   39   39   38   39   39   40
    42.5-180.0 180.0   5.0 450.0                            LAT/LON1/LON2/DLON/H
   40   41   43   47   51   57   63   69   74   76   77   77   77   78   80   81
   81   80   79   80   81   82   83   83   82   82   81   79   75   68   61   56
   52   51   52   54   57   61   65   70   74   77   78   77   75   72   70   69
   69   67   66   63   62   60   60   59   57   55   53   51   50   50   49   48
   47   46   44   43   42   42   41   40   40
    40.0-180.0 180.0   5.0 450.0                            LAT/LON1/LON2/DLON/H
   40   41   43   46   51   57   64   71   77   80   82   83   84   86   89   90
   90   89   88   88   89   90   91   90   90   89   88   85   78   70   62   56
   54   54   56   60   63   67   71   75   79   82   83   82   80   77   76   75
   75   74   72   70   68   67   65   64   62   59   56   54   52   51   50   49
   49   48   47   46   45   44   42   41   40
    37.5-180.0 180.0   5.0 450.0                            LAT/LON1/LON2/DLON/H
   39   39   41   45   50   56   63   71   78   83   86   88   90   93   97  100
  100   98   97   96   97   98   98   97   97   96   95   91   84   75   66   60
   57   59   62   66   69   73   76   80   83   87   88   87   84   81   79   79
   79   78   76   74   72   70   69   67   64   61   58   55   54   52   51   50
   49   49   48   48   46   45   42   40   39
    35.0-180.0 180.0   5.0 450.0                            LAT/LON1/LON2/DLON/H
   38   38   40   44   49   55   61   69   77   83   88   91   95   99  104  108
  108  106  104  104  104  105  104  103  102  103  102   99   92   82   73   67
   65   67   70   73   76   78   81   84   87   90   92   91   88   84   81   80
   80   79   77   74   72   70   69   67   64   61   58   56   54   52   50   49
   48   48   48   48   46   45   42   39   38
    32.5-180.0 180.0   5.0 450.0                            LAT/LON1/LON2/DLON/H
   37   37   40   44   48   53   59   67   75   82   88   93   97  103  109  113
  114  112  110  109  109  109  108  107  107  108  109  108  102   94   86   80
   78   79   80   82   83   84   85   87   90   93   94   93   89   84   81   79
   78   77   75   72   69   67   66   64   62   59   57   55   54   51   49   48
   47   47   47   46   46   44   42   39   37
    30.0-180.0 180.0   5.0 450.0                            LAT/LON1/LON2/DLON/H
   38   38   41   46   50   53   58   65   72   80   87   92   97  103  110  114
  116  115  113  112  112  112  110  109  109  112  116  118  115  109  103   98
   96   95   94   93   91   90   89   90   91   94   95   94   89   83   78   75
   73   72   69   66   63   62   61   60   58   57   55   54   53   51   48   46
   45   45   45   45   44   44   42   39   38
    27.5-180.0 180.0   5.0 450.0                            LAT/LON1/LON2/DLON/H
   40   41   44   49   53   56   59   64   71   78   85   90   95  101  107  113
  115  114  112  112  112  112  112  111  112  117  123  128  129  126  123  120
  118  114  110  105  100   96   93   91   92   93   94   92   86   79   73   69
   67   65   62   59   57   56   55   55   54   53   53   53   52   50   47   45
   44   43   43   43   43   43   42   41   40
    25.0-180.0 180.0   5.0 450.0                            LAT/LON1/LON2/DLON/H
   42   44   48   54   58   61   63   66   71   78   83   88   92   97  103  108
  111  111  110  110  112  113  113  113  115  122  131  138  143  144  144  143
  140  135  126  117  108  101   95   91   90   90   90   87   81   73   67   62
   60   58   55   53   51   50   50   49   49   49   50   50   50   48   46   44
   42   41   41   41   42   43   44   43   42
    22.5-180.0 180.0   5.0 450.0                            LAT/LON1/LON2/DLON/H
   44   47   52   59   64   67   68   70   74   79   83   86   89   93   98  102
  105  106  107  108  111  114  116  117  121  129  139  149  156  161  164  165
  162  153  141  127  115  104   96   90   86   84   83   80   74   67   60   56
   54   52   50   47   46   45   45   45   44   45   46   48   48   46   44   42
   41   40   39   40   42   44   45   44   44
    20.0-180.0 180.0   5.0 450.0                            LAT/LON1/LON2/DLON/H
   46   49   55   63   70   74   75   76   79   82   85   87   89   91   95   98
  101  103  105  108  113  118  122  125  130  138  148  159  169  176  181  183
  179  169  153  136  120  107   96   87   81   78   76   72   67   61   56   52
   50   49   46   44   43   42   42   41   41   42   43   44   44   43   41   40
   39   39   38   39   41   44   45   45   46
    17.5-180.0 180.0   5.0 450.0                            LAT/LON1/LON2/DLON/H
   46   49   57   66   74   79   82   83   85   87   89   91   92   93   95   98
  101  103  106  111  118  125  131  136  141  149  159  170  179  186  192  195
  191  179  161  141  123  108   95   85   77   72   69   66   62   58   54   51
   49   48   46   44   43   42   41   40   39   39   40   41   41   39   38   37
   37   37   37   38   40   43   45   45   46
    15.0-180.0 180.0   5.0 450.0                            LAT/LON1/LON2/DLON/H
   44   48   56   66   76   83   87   90   92   94   95   97   98   99  100  102
  105  109  113  119  127  136  144  150  156  163  171  179  186  193  198  200
  196  184  165  145  126  110   96   84   75   69   65   63   60   57   55   53
   51   50   48   46   44   43   42   40   39   39   39   39   38   36   34   34
   35   36   36   37   39   42   43   43   44
    12.5-180.0 180.0   5.0 450.0                            LAT/LON1/LON2/DLON/H
   41   46   54   65   76   85   91   95   98  100  103  105  108  109  110  112
  115  120  126  133  141  151  159  166  172  177  183  188  192  196  200  201
  196  184  167  147  129  113   99   87   77   70   66   63   61   60   58   57
   56   54   52   49   48   46   44   42   41   40   40   39   36   34   32   32
   34   35   35   36   38   40   41   41   41
    10.0-180.0 180.0   5.0 450.0                            LAT/LON1/LON2/DLON/H
   39   44   53   64   74   84   92   98  103  106  110  114  118  121  123  125
  130  136  143  151  159  168  176  182  187  191  194  195  196  196  197  197
  192  182  167  150  134  119  106   94   83   76   71   68   66   65   64   63
   61   59   56   54   52   50   48   47   45   44   42   40   37   33   32   32
   33   35   35   36   37   38   38   38   39
     7.5-180.0 180.0   5.0 450.0                            LAT/LON1/LON2/DLON/H
   37   43   52   63   73   83   92  100  106  111  116  123  129  134  137  140
  146  154  163  171  178  185  192  197  201  203  203  201  198  195  194  192
  188  179  167  154  141  128  116  104   94   86   80   76   73   72   71   70
   67   64   61   59   57   55   53   52   51   49   46   43   39   35   33   33
   34   35   36   36   36   36   36   35   37
     5.0-180.0 180.0   5.0 450.0                            LAT/LON1/LON2/DLON/H
   38   45   54   64   73   82   92  102  109  115  122  130  138  145  150  155
  162  173  183  190  196  201  205  209  211  211  209  205  200  195  191  188
  184  178  170  161  151  140  129  118  107   98   91   86   82   80   78   76
   72   69   66   64   62   60   59   58   57   55   51   47   43   39   36   36
   37   37   37   37   36   35   34   34   38
     2.5-180.0 180.0   5.0 450.0                            LAT/LON1/LON2/DLON/H
   40   49   59   67   75   83   94  104  113  119  127  136  146  153  159  166
  176  188  199  207  211  213  215  216  217  216  213  208  202  196  191  187
  184  181  177  171  163  154  144  133  122  112  103   96   91   87   84   80
   77   74   71   69   66   64   64   63   62   60   56   52   47   44   41   40
   40   40   39   38   37   35   34   35   40
