70_EGNOS_Project/core/files/EMS_136_2019_02_11_15/Ionex_from_h15_Europe/Grid2.5x2.5/ionex_files/ionex_Europe00091.19i
     1.0            IONOSPHERE MAPS     GPS                 IONEX VERSION / TYPE
GINA 1.0            GINA Project        12-02-2019 18:07:54 PGM / RUN BY / DATE 
TEC values in 10e-1 [TEC] 9999, if no value available       COMMENT             
Infrastructure: Robert Bosch Kft., Budapest                 DESCRIPTION         
Creator: Balazs Lupsic                                      DESCRIPTION         
Contact adress: balazs.lupsic@hu.bosch.com                  DESCRIPTION         
Contact adress: balazs.lupsic@gmail.com                     DESCRIPTION         
  2019     2    11    15    18     7                        EPOCH OF FIRST MAP  
  2019     2    11    15    18     7                        EPOCH OF LAST MAP   
     0                                                      INTERVAL            
     1                                                      # OF MAPS IN FILE   
   TBD                                                      MAPPING FUNCTION    
     0.0                                                    ELEVATION CUTOFF    
TEC is obtained from EGNOS                                  OBSERVABLES USED    
  6371.4                                                    BASE RADIUS         
     2                                                      MAP DIMENSION       
   350.0 350.0   0.0                                        HGT1 / HGT2 / DHGT  
    90.0  10.0  -2.5                                        LAT1 / LAT2 / DLAT  
   -60.0  60.0   2.5                                        LON1 / LON2 / DLON  
    -1                                                      EXPONENT            
                                                            END OF HEADER       
     0                                                      START OF TEC MAP    
  2019     2    11    15    18     7                        EPOCH OF CURRENT MAP
    90.0 -60.0  60.0   2.5 350.0                            LAT/LON1/LON2/DLON/H
 9999 9999 9999 9999 9999 9999 9999 9999 9999 9999 9999 9999 9999 9999 9999 9999
 9999 9999 9999 9999 9999 9999 9999 9999 9999 9999 9999 9999 9999 9999 9999 9999
 9999 9999 9999 9999 9999 9999 9999 9999 9999 9999 9999 9999 9999 9999 9999 9999
 9999                                                                           
    87.5 -60.0  60.0   2.5 350.0                            LAT/LON1/LON2/DLON/H
 9999 9999 9999 9999 9999 9999 9999 9999 9999 9999 9999 9999 9999 9999 9999 9999
 9999 9999 9999 9999 9999 9999 9999 9999 9999 9999 9999 9999 9999 9999 9999 9999
 9999 9999 9999 9999 9999 9999 9999 9999 9999 9999 9999 9999 9999 9999 9999 9999
 9999                                                                           
    85.0 -60.0  60.0   2.5 350.0                            LAT/LON1/LON2/DLON/H
 9999 9999 9999 9999 9999 9999 9999 9999 9999 9999 9999 9999   31   31   31   31
   31   31   31   31   31   31   31   31   31   31   31   31   31   31   31   31
   31   31   31   31   31 9999 9999 9999 9999 9999 9999 9999 9999 9999 9999 9999
 9999                                                                           
    82.5 -60.0  60.0   2.5 350.0                            LAT/LON1/LON2/DLON/H
 9999 9999 9999 9999 9999 9999 9999 9999 9999 9999 9999   31   33   33   34   34
   35   34   34   33   33   32   32   31   31   30   30   29   29   29   29   29
   29   29   29   29   29   31 9999 9999 9999 9999 9999 9999 9999 9999 9999 9999
 9999                                                                           
    80.0 -60.0  60.0   2.5 350.0                            LAT/LON1/LON2/DLON/H
 9999 9999 9999 9999 9999 9999 9999 9999 9999 9999   31   33   35   36   37   38
   38   38   37   36   35   34   33   32   31   30   29   28   27   27   27   27
   27   27   27   27   27   29   31 9999 9999 9999 9999 9999 9999 9999 9999 9999
 9999                                                                           
    77.5 -60.0  60.0   2.5 350.0                            LAT/LON1/LON2/DLON/H
 9999 9999 9999 9999 9999 9999 9999 9999 9999   31   33   35   37   38   39   41
   42   41   39   38   37   35   34   32   31   29   28   26   25   25   25   25
   25   25   25   25   25   27   29   31 9999 9999 9999 9999 9999 9999 9999 9999
 9999                                                                           
    75.0 -60.0  60.0   2.5 350.0                            LAT/LON1/LON2/DLON/H
 9999 9999 9999 9999   46   42   38   35   31   33   35   37   38   40   42   44
   46   44   42   40   38   37   35   33   31   29   27   25   23   23   23   23
   23   23   23   23   23   25   27   29   31   33   35   37   38   38   38   38
   38                                                                           
    72.5 -60.0  60.0   2.5 350.0                            LAT/LON1/LON2/DLON/H
 9999 9999 9999 9999 9999   60   54   48   42   44   46   48   50   51   52   53
   54   52   50   48   46   44   42   40   38   37   35   33   31   30   29   28
   27   26   25   24   23   25   27   29   31   33   35   37   38   40   42   44
 9999                                                                           
    70.0 -60.0  60.0   2.5 350.0                            LAT/LON1/LON2/DLON/H
 9999 9999 9999 9999   85   77   69   62   54   56   58   60   62   62   62   62
   62   60   58   56   54   52   50   48   46   44   42   40   38   37   35   33
   31   29   27   25   23   25   27   29   31   33   35   37   38   42   46   50
   54                                                                           
    67.5 -60.0  60.0   2.5 350.0                            LAT/LON1/LON2/DLON/H
 9999 9999 9999 9999 9999   75   81   73   65   67   69   71   73   72   71   70
   69   66   64   61   58   54   50   46   42   40   38   37   35   33   31   29
   27   26   25   24   23   24   25   26   27   28   29   30 9999 9999 9999 9999
 9999                                                                           
    65.0 -60.0  60.0   2.5 350.0                            LAT/LON1/LON2/DLON/H
 9999 9999 9999 9999 9999 9999   65   58   77   79   81   83   85   83   81   79
   77   73   69   65   62   56   50   44   38   37   35   33   31   29   27   25
   23   23   23   23   23   23   23   23   23   23   23   23   23 9999 9999 9999
 9999                                                                           
    62.5 -60.0  60.0   2.5 350.0                            LAT/LON1/LON2/DLON/H
 9999 9999 9999 9999 9999 9999 9999   56   48   77   75   81   89   89   83   85
   77   69   67   62   58   50   48   38   38   38   35   35   31   31   29   27
   27   27   27   27   27   23   27   23   27   27 9999 9999 9999 9999 9999 9999
 9999                                                                           
    60.0 -60.0  60.0   2.5 350.0                            LAT/LON1/LON2/DLON/H
 9999 9999 9999 9999 9999 9999 9999 9999   46   62   77   85   92   92   92   85
   77   69   62   58   54   46   38   38   38   38   38   35   31   31   31   31
   31   31   31   31   31   27   23   27   31   31   31 9999 9999 9999 9999 9999
 9999                                                                           
    57.5 -60.0  60.0   2.5 350.0                            LAT/LON1/LON2/DLON/H
 9999 9999 9999 9999 9999 9999 9999 9999 9999   81   96   96   96   90   85   81
   73   67   62   60   58   52   46   46   46   46   46   42   38   37   35   35
   35   35   35   35   35   35   35   38   42   42 9999 9999 9999 9999 9999 9999
 9999                                                                           
    55.0 -60.0  60.0   2.5 350.0                            LAT/LON1/LON2/DLON/H
 9999 9999 9999 9999 9999 9999 9999 9999 9999 9999  115  108  100   92   85   77
   69   65   62   62   62   58   54   54   54   54   54   50   46   42   38   38
   38   38   38   38   38   42   46   50   54   54   54 9999 9999 9999 9999 9999
 9999                                                                           
    52.5 -60.0  60.0   2.5 350.0                            LAT/LON1/LON2/DLON/H
 9999 9999 9999 9999 9999 9999 9999 9999 9999 9999 9999  100   92   85   83   69
   73   71   69   69   69   65   62   60   58   58   58   54   50   46   42   42
   42   42   42   46   50   60   69   71 9999 9999 9999 9999 9999 9999 9999 9999
 9999                                                                           
    50.0 -60.0  60.0   2.5 350.0                            LAT/LON1/LON2/DLON/H
 9999 9999 9999 9999 9999 9999  123 9999 9999 9999 9999 9999   85   77   69   73
   77   77   77   77   77   73   69   65   62   62   62   58   54   50   46   46
   46   46   46   54   62   77   92   92   92 9999 9999 9999 9999 9999 9999 9999
 9999                                                                           
    47.5 -60.0  60.0   2.5 350.0                            LAT/LON1/LON2/DLON/H
 9999 9999 9999 9999 9999 9999 9999 9999 9999 9999 9999 9999 9999   71   65   71
   77   77   77   77   77   75   73   69   65   64   62   62   62   60   58   56
   54   54   54   58   62   73   85   83 9999 9999 9999 9999 9999 9999 9999 9999
 9999                                                                           
    45.0 -60.0  60.0   2.5 350.0                            LAT/LON1/LON2/DLON/H
 9999 9999 9999 9999 9999 9999 9999 9999 9999 9999 9999 9999   69   65   62   69
   77   77   77   77   77   77   77   73   69   65   62   65   69   69   69   65
   62   62   62   62   62   69   77   73   69 9999 9999 9999 9999 9999 9999 9999
 9999                                                                           
    42.5 -60.0  60.0   2.5 350.0                            LAT/LON1/LON2/DLON/H
 9999 9999 9999 9999 9999 9999 9999 9999 9999 9999 9999 9999 9999   73   73   75
   77   75   73   73   73   75   77   77   77   75   73   75   77   79   81   77
   73   71   69   65   62   65   69   65   62   65 9999 9999 9999 9999 9999 9999
 9999                                                                           
    40.0 -60.0  60.0   2.5 350.0                            LAT/LON1/LON2/DLON/H
 9999 9999 9999 9999 9999 9999 9999 9999 9999 9999 9999 9999   77   81   85   81
   77   73   69   69   69   73   77   81   85   85   85   85   85   89   92   89
   85   81   77   69   62   62   62   58   54   58   62 9999 9999 9999 9999 9999
 9999                                                                           
    37.5 -60.0  60.0   2.5 350.0                            LAT/LON1/LON2/DLON/H
 9999 9999 9999 9999 9999 9999 9999 9999 9999 9999 9999 9999 9999   89   89   85
   81   79   77   77   77   81   85   89   92   94   96   96   96   98  100   96
   92   89   85   79   73   71   69   65   62   64 9999 9999 9999 9999 9999 9999
 9999                                                                           
    35.0 -60.0  60.0   2.5 350.0                            LAT/LON1/LON2/DLON/H
 9999 9999 9999 9999 9999 9999 9999 9999 9999 9999 9999 9999  100   96   92   89
   85   85   85   85   85   89   92   96  100  104  108  108  108  108  108  104
  100   96   92   89   85   81   77   73   69   69   69 9999 9999 9999 9999 9999
 9999                                                                           
    32.5 -60.0  60.0   2.5 350.0                            LAT/LON1/LON2/DLON/H
 9999 9999 9999 9999 9999 9999 9999 9999 9999 9999 9999 9999 9999  104  100  100
  100  100  100  104  108   98   89   92   96  104  112  114  115  115  115  110
  104  100   96   92   89   85   81   79   77   83 9999 9999 9999 9999 9999 9999
 9999                                                                           
    30.0 -60.0  60.0   2.5 350.0                            LAT/LON1/LON2/DLON/H
 9999 9999 9999 9999 9999 9999 9999 9999 9999 9999 9999 9999  115  112  108  112
  115  115  115  123  131  108   85   89   92  104  115  119  123  123  123  115
  108  104  100   96   92   89   85   85   85   96  108 9999 9999 9999 9999 9999
 9999                                                                           
    27.5 -60.0  60.0   2.5 350.0                            LAT/LON1/LON2/DLON/H
 9999 9999 9999 9999 9999 9999 9999 9999 9999 9999 9999 9999 9999  139  142  148
  154  164  173  187  200  169  139  117   96  110  123  125  127  125  123  115
  108  104  100   98   96   92   89   89 9999 9999 9999 9999 9999 9999 9999 9999
 9999                                                                           
    25.0 -60.0  60.0   2.5 350.0                            LAT/LON1/LON2/DLON/H
 9999 9999 9999 9999 9999 9999 9999 9999 9999 9999 9999 9999  154  166  177  185
  192  212  231  250  269  231  192  146  100  115  131  131  131  127  123  115
  108  104  100  100  100   96   92   92   92 9999 9999 9999 9999 9999 9999 9999
 9999                                                                           
    22.5 -60.0  60.0   2.5 350.0                            LAT/LON1/LON2/DLON/H
 9999 9999 9999 9999 9999 9999 9999 9999 9999 9999 9999 9999 9999  208  219  231
  242  258  273  275  277  279  281 9999 9999 9999 9999 9999  146  146  142  137
  131  127  123  121  119  112  104  102 9999 9999 9999 9999 9999 9999 9999 9999
 9999                                                                           
    20.0 -60.0  60.0   2.5 350.0                            LAT/LON1/LON2/DLON/H
 9999 9999 9999 9999 9999 9999 9999 9999 9999 9999 9999 9999 9999 9999  262  277
  293  304  316  300  285  327  370 9999 9999 9999 9999 9999 9999 9999  162  158
  154  150  146  142  139  127  115  112  108 9999 9999 9999 9999 9999 9999 9999
 9999                                                                           
    17.5 -60.0  60.0   2.5 350.0                            LAT/LON1/LON2/DLON/H
 9999 9999 9999 9999 9999 9999 9999 9999 9999 9999 9999 9999 9999 9999 9999  262
  277  281  285  277  269 9999 9999 9999 9999 9999 9999 9999 9999 9999 9999 9999
 9999 9999 9999 9999 9999 9999 9999 9999 9999 9999 9999 9999 9999 9999 9999 9999
 9999                                                                           
    15.0 -60.0  60.0   2.5 350.0                            LAT/LON1/LON2/DLON/H
 9999 9999 9999 9999 9999 9999 9999 9999 9999 9999 9999 9999 9999 9999 9999 9999
  262  258  254  254  254 9999 9999 9999 9999 9999 9999 9999 9999 9999 9999 9999
 9999 9999 9999 9999 9999 9999 9999 9999 9999 9999 9999 9999 9999 9999 9999 9999
 9999                                                                           
    12.5 -60.0  60.0   2.5 350.0                            LAT/LON1/LON2/DLON/H
 9999 9999 9999 9999 9999 9999 9999 9999 9999 9999 9999 9999 9999 9999 9999 9999
 9999 9999 9999 9999 9999 9999 9999 9999 9999 9999 9999 9999 9999 9999 9999 9999
 9999 9999 9999 9999 9999 9999 9999 9999 9999 9999 9999 9999 9999 9999 9999 9999
 9999                                                                           
    10.0 -60.0  60.0   2.5 350.0                            LAT/LON1/LON2/DLON/H
 9999 9999 9999 9999 9999 9999 9999 9999 9999 9999 9999 9999 9999 9999 9999 9999
 9999 9999 9999 9999 9999 9999 9999 9999 9999 9999 9999 9999 9999 9999 9999 9999
 9999 9999 9999 9999 9999 9999 9999 9999 9999 9999 9999 9999 9999 9999 9999 9999
 9999                                                                           
     0                                                      END OF TEC MAP      
     0                                                      START OF RMS MAP    
  2019     2    11    15    18     7                        EPOCH OF CURRENT MAP
    90.0 -60.0  60.0   2.5 350.0                            LAT/LON1/LON2/DLON/H
 9999 9999 9999 9999 9999 9999 9999 9999 9999 9999 9999 9999 9999 9999 9999 9999
 9999 9999 9999 9999 9999 9999 9999 9999 9999 9999 9999 9999 9999 9999 9999 9999
 9999 9999 9999 9999 9999 9999 9999 9999 9999 9999 9999 9999 9999 9999 9999 9999
 9999                                                                           
    87.5 -60.0  60.0   2.5 350.0                            LAT/LON1/LON2/DLON/H
 9999 9999 9999 9999 9999 9999 9999 9999 9999 9999 9999 9999 9999 9999 9999 9999
 9999 9999 9999 9999 9999 9999 9999 9999 9999 9999 9999 9999 9999 9999 9999 9999
 9999 9999 9999 9999 9999 9999 9999 9999 9999 9999 9999 9999 9999 9999 9999 9999
 9999                                                                           
    85.0 -60.0  60.0   2.5 350.0                            LAT/LON1/LON2/DLON/H
 9999 9999 9999 9999 9999 9999 9999 9999 9999 9999 9999 9999  281  281  281  281
  281  281  281  281  281  281  281  281   84   84   84   84   84   84   84   84
   84   84   84   84   84 9999 9999 9999 9999 9999 9999 9999 9999 9999 9999 9999
 9999                                                                           
    82.5 -60.0  60.0   2.5 350.0                            LAT/LON1/LON2/DLON/H
 9999 9999 9999 9999 9999 9999 9999 9999 9999 9999 9999  395  432  248  247  246
  244  244  244  244  244  215  181  139   76   76   76   76   76   76   76   76
   76   76   76   76   48   57 9999 9999 9999 9999 9999 9999 9999 9999 9999 9999
 9999                                                                           
    80.0 -60.0  60.0   2.5 350.0                            LAT/LON1/LON2/DLON/H
 9999 9999 9999 9999 9999 9999 9999 9999 9999 9999  451  531  601  211  208  205
  202  202  202  202  202  178  150  117   68   68   68   68   68   68   68   68
   68   68   68   68   51   57   62 9999 9999 9999 9999 9999 9999 9999 9999 9999
 9999                                                                           
    77.5 -60.0  60.0   2.5 350.0                            LAT/LON1/LON2/DLON/H
 9999 9999 9999 9999 9999 9999 9999 9999 9999  395  531  639  732  165  159  153
