70_EGNOS_Project/core/files/EMS_136_2019_02_11_15/Ionex_from_h15_Europe/Grid2.5x2.5/ionex_files/ionex_Europe00193.19i
     1.0            IONOSPHERE MAPS     GPS                 IONEX VERSION / TYPE
GINA 1.0            GINA Project        12-02-2019 18:09:22 PGM / RUN BY / DATE 
TEC values in 10e-1 [TEC] 9999, if no value available       COMMENT             
Infrastructure: Robert Bosch Kft., Budapest                 DESCRIPTION         
Creator: Balazs Lupsic                                      DESCRIPTION         
Contact adress: balazs.lupsic@hu.bosch.com                  DESCRIPTION         
Contact adress: balazs.lupsic@gmail.com                     DESCRIPTION         
  2019     2    11    15    35     0                        EPOCH OF FIRST MAP  
  2019     2    11    15    35     0                        EPOCH OF LAST MAP   
     0                                                      INTERVAL            
     1                                                      # OF MAPS IN FILE   
   TBD                                                      MAPPING FUNCTION    
     0.0                                                    ELEVATION CUTOFF    
TEC is obtained from EGNOS                                  OBSERVABLES USED    
  6371.4                                                    BASE RADIUS         
     2                                                      MAP DIMENSION       
   350.0 350.0   0.0                                        HGT1 / HGT2 / DHGT  
    90.0  10.0  -2.5                                        LAT1 / LAT2 / DLAT  
   -60.0  60.0   2.5                                        LON1 / LON2 / DLON  
    -1                                                      EXPONENT            
                                                            END OF HEADER       
     0                                                      START OF TEC MAP    
  2019     2    11    15    35     0                        EPOCH OF CURRENT MAP
    90.0 -60.0  60.0   2.5 350.0                            LAT/LON1/LON2/DLON/H
 9999 9999 9999 9999 9999 9999 9999 9999 9999 9999 9999 9999 9999 9999 9999 9999
 9999 9999 9999 9999 9999 9999 9999 9999 9999 9999 9999 9999 9999 9999 9999 9999
 9999 9999 9999 9999 9999 9999 9999 9999 9999 9999 9999 9999 9999 9999 9999 9999
 9999                                                                           
    87.5 -60.0  60.0   2.5 350.0                            LAT/LON1/LON2/DLON/H
 9999 9999 9999 9999 9999 9999 9999 9999 9999 9999 9999 9999 9999 9999 9999 9999
 9999 9999 9999 9999 9999 9999 9999 9999 9999 9999 9999 9999 9999 9999 9999 9999
 9999 9999 9999 9999 9999 9999 9999 9999 9999 9999 9999 9999 9999 9999 9999 9999
 9999                                                                           
    85.0 -60.0  60.0   2.5 350.0                            LAT/LON1/LON2/DLON/H
   31   31   31   31   31   31   31   31   31   31   31   31   31   31   31   31
   31   31   31   31   31   31   31   31   31   31   31   31   31   31   31   31
   31   31   31   31   31   31   31   31   31   31   31   31   31   31   31   31
   31                                                                           
    82.5 -60.0  60.0   2.5 350.0                            LAT/LON1/LON2/DLON/H
 9999   44   44   44   44   43   42   41   40   40   39   39   38   38   38   37
   37   36   36   35   35   34   33   32   31   30   30   29   29   29   29   29
   29   29   29   29   29   29   29   29   29   29   29   29   29   29   30   30
 9999                                                                           
    80.0 -60.0  60.0   2.5 350.0                            LAT/LON1/LON2/DLON/H
 9999 9999   58   58   58   56   54   52   50   49   48   47   46   45   44   43
   42   41   40   39   38   37   35   33   31   30   29   28   27   27   27   27
   27   27   27   27   27   27   27   27   27   27   27   27   27   28   29   30
 9999                                                                           
    77.5 -60.0  60.0   2.5 350.0                            LAT/LON1/LON2/DLON/H
 9999 9999 9999   71   71   68   65   63   60   58   57   55   54   52   51   50
   48   47   45   44   42   39   37   34   31   29   28   26   25   25   25   25
   25   25   25   25   25   25   25   25   25   25   25   25   25   26   28   29
 9999                                                                           
    75.0 -60.0  60.0   2.5 350.0                            LAT/LON1/LON2/DLON/H
 9999 9999 9999 9999   85   81   77   73   69   67   65   64   62   60   58   56
   54   52   50   48   46   42   38   35   31   29   27   25   23   23   23   23
   23   23   23   23   23   23   23   23   23   23   23   23   23   25   27   29
   31                                                                           
    72.5 -60.0  60.0   2.5 350.0                            LAT/LON1/LON2/DLON/H
 9999 9999 9999 9999 9999   83   81   79   77   74   71   68   65   64   64   63
   62   59   56   53   50   45   40   36   31   29   27   25   23   23   23   23
   23   23   23   23   23   23   23   23   23   23   23   23   23   26   29   32
 9999                                                                           
    70.0 -60.0  60.0   2.5 350.0                            LAT/LON1/LON2/DLON/H
 9999 9999 9999 9999   85   85   85   85   85   81   77   73   69   69   69   69
   69   65   62   58   54   48   42   37   31   29   27   25   23   23   23   23
   23   23   23   23   23   23   23   23   23   23   23   23   23   27   31   35
   38                                                                           
    67.5 -60.0  60.0   2.5 350.0                            LAT/LON1/LON2/DLON/H
 9999 9999 9999 9999 9999   79   81   81   81   80   79   78   77   77   77   77
   77   72   67   63   58   51   44   38   31   29   27   25   23   23   23   23
   23   23   23   23   23   23   23   23   23   24   25   26 9999 9999 9999 9999
 9999                                                                           
    65.0 -60.0  60.0   2.5 350.0                            LAT/LON1/LON2/DLON/H
 9999 9999 9999 9999 9999 9999   73   73   77   79   81   83   85   85   85   85
   85   79   73   67   62   54   46   38   31   29   27   25   23   23   23   23
   23   23   23   23   23   23   23   23   23   25   27   29   31 9999 9999 9999
 9999                                                                           
    62.5 -60.0  60.0   2.5 350.0                            LAT/LON1/LON2/DLON/H
 9999 9999 9999 9999 9999 9999 9999   67   67   81   79   85   89   85   83   85
   77   73   67   62   58   54   46   38   35   35   31   31   27   27   27   27
   27   27   27   27   27   27   27   27   27   27   29   31 9999 9999 9999 9999
 9999                                                                           
    60.0 -60.0  60.0   2.5 350.0                            LAT/LON1/LON2/DLON/H
 9999 9999 9999 9999 9999 9999 9999 9999   62   73   85   89   92   89   85   77
   69   65   62   58   54   50   46   42   38   38   38   35   31   31   31   31
   31   31   31   31   31   31   31   31   31   31   31   31   31 9999 9999 9999
 9999                                                                           
    57.5 -60.0  60.0   2.5 350.0                            LAT/LON1/LON2/DLON/H
 9999 9999 9999 9999 9999 9999 9999 9999   81   85   96   92   89   83   77   73
   65   64   62   60   58   56   54   50   46   44   42   40   38   37   35   35
   35   35   35   35   35   37   38   40   42   42 9999 9999 9999 9999 9999 9999
 9999                                                                           
    55.0 -60.0  60.0   2.5 350.0                            LAT/LON1/LON2/DLON/H
 9999 9999 9999 9999 9999 9999   77   85   92  100  108   96   85   79   73   67
   62   62   62   62   62   62   62   58   54   50   46   46   46   42   38   38
   38   38   38   38   38   42   46   50   54   54   54 9999 9999 9999 9999 9999
 9999                                                                           
    52.5 -60.0  60.0   2.5 350.0                            LAT/LON1/LON2/DLON/H
 9999 9999 9999 9999 9999 9999 9999   90   93   97  100   96   85   81   77   69
   69   69   69   69   69   67   65   64   62   58   54   52   50   46   42   42
   42   42   42   40   38   46   54   54   54   54 9999 9999 9999 9999 9999 9999
 9999                                                                           
    50.0 -60.0  60.0   2.5 350.0                            LAT/LON1/LON2/DLON/H
 9999 9999 9999 9999 9999 9999  123   95   94   93   92   89   85   81   77   77
   77   77   77   77   77   73   69   69   69   65   62   58   54   50   46   46
   46   46   46   42   38   50   62   58   54   54   54 9999 9999 9999 9999 9999
 9999                                                                           
    47.5 -60.0  60.0   2.5 350.0                            LAT/LON1/LON2/DLON/H
 9999 9999 9999 9999 9999 9999 9999  110  100   90   85   81   81   75   69   73
   77   77   77   77   77   73   69   69   69   65   62   62   62   60   58   56
   54   52   50   48   46   52   58   54   50   52 9999 9999 9999 9999 9999 9999
 9999                                                                           
    45.0 -60.0  60.0   2.5 350.0                            LAT/LON1/LON2/DLON/H
 9999 9999 9999 9999 9999 9999  115  106   96   87   77   77   77   69   62   69
   77   77   77   77   77   73   69   69   69   65   62   65   69   69   69   65
   62   58   54   54   54   54   54   50   46   50   54 9999 9999 9999 9999 9999
 9999                                                                           
    42.5 -60.0  60.0   2.5 350.0                            LAT/LON1/LON2/DLON/H
 9999 9999 9999 9999 9999 9999 9999  115  104   94   85   85   85   77   69   73
   77   75   73   73   73   73   73   73   73   73   73   75   77   79   81   77
   73   67   62   60   58   54   50   48   46   50 9999 9999 9999 9999 9999 9999
 9999                                                                           
    40.0 -60.0  60.0   2.5 350.0                            LAT/LON1/LON2/DLON/H
 9999 9999 9999 9999 9999 9999 9999 9999  115  106   92   92   92   85   77   77
   77   73   69   69   69   73   77   77   77   81   85   85   85   89   92   89
   85   77   69   65   62   54   46   46   46   50   54 9999 9999 9999 9999 9999
 9999                                                                           
    37.5 -60.0  60.0   2.5 350.0                            LAT/LON1/LON2/DLON/H
 9999 9999 9999 9999 9999 9999 9999 9999 9999  115  106  100   96   90   85   83
   81   79   77   77   77   81   85   87   89   92   96   96   96   98  100   96
   92   87   81   77   73   65   58   56   54   60 9999 9999 9999 9999 9999 9999
 9999                                                                           
    35.0 -60.0  60.0   2.5 350.0                            LAT/LON1/LON2/DLON/H
 9999 9999 9999 9999 9999 9999 9999 9999 9999 9999  115  108  100   96   92   89
   85   85   85   85   85   89   92   96  100  104  108  108  108  108  108  104
  100   96   92   89   85   77   69   65   62   69   77 9999 9999 9999 9999 9999
 9999                                                                           
    32.5 -60.0  60.0   2.5 350.0                            LAT/LON1/LON2/DLON/H
 9999 9999 9999 9999 9999 9999 9999 9999 9999 9999 9999  112  104  104  104  102
  100   98   96   96   96  104  112  112  112  114  115  115  115  114  112  108
  104  100   96   92   89   83   77   64   50   50 9999 9999 9999 9999 9999 9999
 9999                                                                           
    30.0 -60.0  60.0   2.5 350.0                            LAT/LON1/LON2/DLON/H
 9999 9999 9999 9999 9999 9999 9999 9999 9999 9999 9999 9999  108  112  115  115
  115  112  108  108  108  119  131  127  123  123  123  123  123  119  115  112
  108  104  100   96   92   89   85   62   38   31   23 9999 9999 9999 9999 9999
 9999                                                                           
    27.5 -60.0  60.0   2.5 350.0                            LAT/LON1/LON2/DLON/H
 9999 9999 9999 9999 9999 9999 9999 9999 9999 9999 9999 9999 9999  139  142  150
  158  169  181  179  177  162  146  144  142  140  139  135  131  125  119  112
  104  100   96   94   92   89   85   58 9999 9999 9999 9999 9999 9999 9999 9999
 9999                                                                           
    25.0 -60.0  60.0   2.5 350.0                            LAT/LON1/LON2/DLON/H
 9999 9999 9999 9999 9999 9999 9999 9999 9999 9999 9999 9999  162  166  169  185
  200  227  254  250  246  204  162  162  162  158  154  146  139  131  123  112
  100   96   92   92   92   89   85   54   23 9999 9999 9999 9999 9999 9999 9999
 9999                                                                           
    22.5 -60.0  60.0   2.5 350.0                            LAT/LON1/LON2/DLON/H
 9999 9999 9999 9999 9999 9999 9999 9999 9999 9999 9999 9999 9999  212  216  229
  242  260  277  287  296  273  250 9999 9999 9999  169  166  158  150  142  133
  123  121  119  115  112  104   96   87 9999 9999 9999 9999 9999 9999 9999 9999
 9999                                                                           
    20.0 -60.0  60.0   2.5 350.0                            LAT/LON1/LON2/DLON/H
 9999 9999 9999 9999 9999 9999 9999 9999 9999 9999 9999 9999 9999 9999  262  273
  285  293  300  323  346  343  339 9999 9999 9999 9999 9999  177  169  162  154
  146  146  146  139  131  119  108  119  131 9999 9999 9999 9999 9999 9999 9999
 9999                                                                           
    17.5 -60.0  60.0   2.5 350.0                            LAT/LON1/LON2/DLON/H
 9999 9999 9999 9999 9999 9999 9999 9999 9999 9999 9999 9999 9999 9999 9999  262
  273  273  273  291  308 9999 9999 9999 9999 9999 9999 9999 9999 9999 9999 9999
  189  181  181  167 9999 9999 9999 9999 9999 9999 9999 9999 9999 9999 9999 9999
 9999                                                                           
    15.0 -60.0  60.0   2.5 350.0                            LAT/LON1/LON2/DLON/H
 9999 9999 9999 9999 9999 9999 9999 9999 9999 9999 9999 9999 9999 9999 9999 9999
  262  254  246  258  269 9999 9999 9999 9999 9999 9999 9999 9999 9999 9999 9999
 9999 9999  216  196  177 9999 9999 9999 9999 9999 9999 9999 9999 9999 9999 9999
 9999                                                                           
    12.5 -60.0  60.0   2.5 350.0                            LAT/LON1/LON2/DLON/H
 9999 9999 9999 9999 9999 9999 9999 9999 9999 9999 9999 9999 9999 9999 9999 9999
 9999 9999 9999 9999 9999 9999 9999 9999 9999 9999 9999 9999 9999 9999 9999 9999
 9999 9999 9999 9999 9999 9999 9999 9999 9999 9999 9999 9999 9999 9999 9999 9999
 9999                                                                           
    10.0 -60.0  60.0   2.5 350.0                            LAT/LON1/LON2/DLON/H
 9999 9999 9999 9999 9999 9999 9999 9999 9999 9999 9999 9999 9999 9999 9999 9999
 9999 9999 9999 9999 9999 9999 9999 9999 9999 9999 9999 9999 9999 9999 9999 9999
 9999 9999 9999 9999 9999 9999 9999 9999 9999 9999 9999 9999 9999 9999 9999 9999
 9999                                                                           
     0                                                      END OF TEC MAP      
     0                                                      START OF RMS MAP    
  2019     2    11    15    35     0                        EPOCH OF CURRENT MAP
    90.0 -60.0  60.0   2.5 350.0                            LAT/LON1/LON2/DLON/H
 9999 9999 9999 9999 9999 9999 9999 9999 9999 9999 9999 9999 9999 9999 9999 9999
 9999 9999 9999 9999 9999 9999 9999 9999 9999 9999 9999 9999 9999 9999 9999 9999
 9999 9999 9999 9999 9999 9999 9999 9999 9999 9999 9999 9999 9999 9999 9999 9999
 9999                                                                           
    87.5 -60.0  60.0   2.5 350.0                            LAT/LON1/LON2/DLON/H
 9999 9999 9999 9999 9999 9999 9999 9999 9999 9999 9999 9999 9999 9999 9999 9999
 9999 9999 9999 9999 9999 9999 9999 9999 9999 9999 9999 9999 9999 9999 9999 9999
 9999 9999 9999 9999 9999 9999 9999 9999 9999 9999 9999 9999 9999 9999 9999 9999
 9999                                                                           
    85.0 -60.0  60.0   2.5 350.0                            LAT/LON1/LON2/DLON/H
  842  842  842  842  842  842  842  842  842  842  842  842  281  281  281  281
  281  281  281  281  281  281  281  281   84   84   84   84   84   84   84   84
   84   84   84   84   84   84   84   84   84   84   84   84   84   84   84   84
  281                                                                           
    82.5 -60.0  60.0   2.5 350.0                            LAT/LON1/LON2/DLON/H
 9999  842  842  842  842  842  842  842  842  743  628  486  281  272  263  254
  245  245  245  245  244  215  181  139   76   76   76   76   76   76   76   76
   76   77   77   77   77   78   79   80   80   83   86   89   92  256  350  424
 9999                                                                           
    80.0 -60.0  60.0   2.5 350.0                            LAT/LON1/LON2/DLON/H
 9999 9999  842  842  842  842  842  842  842  743  628  486  281  263  245  225
  202  202  202  202  202  178  150  117   68   68   68   68   68   68   68   68
   68   68   68   69   69   71   73   75   76   83   89   94   99  325  449  546
 9999                                                                           
    77.5 -60.0  60.0   2.5 350.0                            LAT/LON1/LON2/DLON/H
 9999 9999 9999  842  842  842  842  842  842  743  628  486  281  254  225  190
