70_EGNOS_Project/files/EMS_136_2019_02_11_15/Ionex_from_h15_Europe/Grid2.5x2.5/ionex_files/ionex_Europe00164.19i
     1.0            IONOSPHERE MAPS     GPS                 IONEX VERSION / TYPE
GINA 1.0            GINA Project        12-02-2019 18:08:59 PGM / RUN BY / DATE 
TEC values in 10e-1 [TEC] 9999, if no value available       COMMENT             
Infrastructure: Robert Bosch Kft., Budapest                 DESCRIPTION         
Creator: Balazs Lupsic                                      DESCRIPTION         
Contact adress: balazs.lupsic@hu.bosch.com                  DESCRIPTION         
Contact adress: balazs.lupsic@gmail.com                     DESCRIPTION         
  2019     2    11    15    29    58                        EPOCH OF FIRST MAP  
  2019     2    11    15    29    58                        EPOCH OF LAST MAP   
     0                                                      INTERVAL            
     1                                                      # OF MAPS IN FILE   
   TBD                                                      MAPPING FUNCTION    
     0.0                                                    ELEVATION CUTOFF    
TEC is obtained from EGNOS                                  OBSERVABLES USED    
  6371.4                                                    BASE RADIUS         
     2                                                      MAP DIMENSION       
   350.0 350.0   0.0                                        HGT1 / HGT2 / DHGT  
    90.0  10.0  -2.5                                        LAT1 / LAT2 / DLAT  
   -60.0  60.0   2.5                                        LON1 / LON2 / DLON  
    -1                                                      EXPONENT            
                                                            END OF HEADER       
     0                                                      START OF TEC MAP    
  2019     2    11    15    29    58                        EPOCH OF CURRENT MAP
    90.0 -60.0  60.0   2.5 350.0                            LAT/LON1/LON2/DLON/H
 9999 9999 9999 9999 9999 9999 9999 9999 9999 9999 9999 9999 9999 9999 9999 9999
 9999 9999 9999 9999 9999 9999 9999 9999 9999 9999 9999 9999 9999 9999 9999 9999
 9999 9999 9999 9999 9999 9999 9999 9999 9999 9999 9999 9999 9999 9999 9999 9999
 9999                                                                           
    87.5 -60.0  60.0   2.5 350.0                            LAT/LON1/LON2/DLON/H
 9999 9999 9999 9999 9999 9999 9999 9999 9999 9999 9999 9999 9999 9999 9999 9999
 9999 9999 9999 9999 9999 9999 9999 9999 9999 9999 9999 9999 9999 9999 9999 9999
 9999 9999 9999 9999 9999 9999 9999 9999 9999 9999 9999 9999 9999 9999 9999 9999
 9999                                                                           
    85.0 -60.0  60.0   2.5 350.0                            LAT/LON1/LON2/DLON/H
   31   31   31   31   31   31   31   31   31   31   31   31   31   31   31   31
   31   31   31   31   31   31   31   31   31   31   31   31   31   31   31   31
   31   31   31   31   31   31   31   31   31   31   31   31   31   31   31   31
   31                                                                           
    82.5 -60.0  60.0   2.5 350.0                            LAT/LON1/LON2/DLON/H
 9999   44   44   44   44   43   42   41   40   40   39   39   38   38   38   37
   37   36   36   35   35   34   33   32   31   30   30   29   29   29   29   29
   29   29   29   29   29   29   30   30   31   31   31   31   31   31   31   31
 9999                                                                           
    80.0 -60.0  60.0   2.5 350.0                            LAT/LON1/LON2/DLON/H
 9999 9999   58   58   58   56   54   52   50   49   48   47   46   45   44   43
   42   41   40   39   38   37   35   33   31   30   29   28   27   27   27   27
   27   27   27   27   27   28   29   30   31   31   31   31   31   31   31   31
 9999                                                                           
    77.5 -60.0  60.0   2.5 350.0                            LAT/LON1/LON2/DLON/H
 9999 9999 9999   71   71   68   65   63   60   58   57   55   54   52   51   50
   48   47   45   44   42   39   37   34   31   29   28   26   25   25   25   25
   25   25   25   25   25   26   28   29   31   31   31   31   31   31   31   31
 9999                                                                           
    75.0 -60.0  60.0   2.5 350.0                            LAT/LON1/LON2/DLON/H
 9999 9999 9999 9999   85   81   77   73   69   67   65   64   62   60   58   56
   54   52   50   48   46   42   38   35   31   29   27   25   23   23   23   23
   23   23   23   23   23   25   27   29   31   31   31   31   31   31   31   31
   31                                                                           
    72.5 -60.0  60.0   2.5 350.0                            LAT/LON1/LON2/DLON/H
 9999 9999 9999 9999 9999   81   77   73   69   68   67   66   65   64   64   63
   62   59   56   53   50   46   42   38   35   33   31   29   27   26   25   24
   23   23   23   23   23   25   27   29   31   31   31   31   31   33   35   37
 9999                                                                           
    70.0 -60.0  60.0   2.5 350.0                            LAT/LON1/LON2/DLON/H
 9999 9999 9999 9999   85   81   77   73   69   69   69   69   69   69   69   69
   69   65   62   58   54   50   46   42   38   37   35   33   31   29   27   25
   23   23   23   23   23   25   27   29   31   31   31   31   31   35   38   42
   46                                                                           
    67.5 -60.0  60.0   2.5 350.0                            LAT/LON1/LON2/DLON/H
 9999 9999 9999 9999 9999   77   81   77   73   73   73   73   73   74   75   76
   77   72   67   63   58   53   48   43   38   37   35   33   31   29   27   25
   23   23   23   23   23   24   25   26   27   28   29   30 9999 9999 9999 9999
 9999                                                                           
    65.0 -60.0  60.0   2.5 350.0                            LAT/LON1/LON2/DLON/H
 9999 9999 9999 9999 9999 9999   69   65   77   77   77   77   77   79   81   83
   85   79   73   67   62   56   50   44   38   37   35   33   31   29   27   25
   23   23   23   23   23   23   23   23   23   25   27   29   31 9999 9999 9999
 9999                                                                           
    62.5 -60.0  60.0   2.5 350.0                            LAT/LON1/LON2/DLON/H
 9999 9999 9999 9999 9999 9999 9999   62   58   77   75   77   85   81   83   85
   81   73   69   62   58   54   48   42   38   38   35   35   31   31   29   27
   27   27   27   27   27   27   29   27   31   27   31   31 9999 9999 9999 9999
 9999                                                                           
    60.0 -60.0  60.0   2.5 350.0                            LAT/LON1/LON2/DLON/H
 9999 9999 9999 9999 9999 9999 9999 9999   54   65   77   85   92   89   85   81
   77   69   62   58   54   50   46   42   38   38   38   35   31   31   31   31
   31   31   31   31   31   31   31   35   38   35   31   31   31 9999 9999 9999
 9999                                                                           
    57.5 -60.0  60.0   2.5 350.0                            LAT/LON1/LON2/DLON/H
 9999 9999 9999 9999 9999 9999 9999 9999   81   81   92   90   89   84   79   73
   69   65   62   60   58   56   54   50   46   44   42   40   38   37   35   35
   35   35   35   35   35   35   35   38   42   42 9999 9999 9999 9999 9999 9999
 9999                                                                           
    55.0 -60.0  60.0   2.5 350.0                            LAT/LON1/LON2/DLON/H
 9999 9999 9999 9999 9999 9999   85   90   96  102  108   96   85   79   73   67
   62   62   62   62   62   62   62   58   54   50   46   46   46   42   38   38
   38   38   38   38   38   38   38   42   46   50   54 9999 9999 9999 9999 9999
 9999                                                                           
    52.5 -60.0  60.0   2.5 350.0                            LAT/LON1/LON2/DLON/H
 9999 9999 9999 9999 9999 9999 9999   96   97   99  100   96   85   81   77   69
   69   69   69   69   69   67   65   64   62   58   54   52   50   46   42   42
   42   42   42   40   38   38   38   46   54   60 9999 9999 9999 9999 9999 9999
 9999                                                                           
    50.0 -60.0  60.0   2.5 350.0                            LAT/LON1/LON2/DLON/H
 9999 9999 9999 9999 9999 9999  123  101   98   95   92   89   85   81   77   77
   77   77   77   77   77   73   69   69   69   65   62   58   54   50   46   46
   46   46   46   42   38   38   38   50   62   69   77 9999 9999 9999 9999 9999
 9999                                                                           
    47.5 -60.0  60.0   2.5 350.0                            LAT/LON1/LON2/DLON/H
 9999 9999 9999 9999 9999 9999 9999  112  100   92   85   81   81   75   69   73
   77   77   77   77   77   73   69   69   69   65   62   62   62   60   58   56
   54   52   50   48   46   44   42   50   58   67 9999 9999 9999 9999 9999 9999
 9999                                                                           
    45.0 -60.0  60.0   2.5 350.0                            LAT/LON1/LON2/DLON/H
 9999 9999 9999 9999 9999 9999  123  112  100   89   77   77   77   69   62   69
   77   77   77   77   77   73   69   69   69   65   62   65   69   69   69   65
   62   58   54   54   54   50   46   50   54   65   77 9999 9999 9999 9999 9999
 9999                                                                           
    42.5 -60.0  60.0   2.5 350.0                            LAT/LON1/LON2/DLON/H
 9999 9999 9999 9999 9999 9999 9999  123  108   96   85   85   85   77   69   73
   77   75   73   73   73   73   73   73   73   73   73   75   77   79   81   77
   73   67   62   60   58   54   50   52   54   65 9999 9999 9999 9999 9999 9999
 9999                                                                           
    40.0 -60.0  60.0   2.5 350.0                            LAT/LON1/LON2/DLON/H
 9999 9999 9999 9999 9999 9999 9999 9999  123  112   92   92   92   85   77   77
   77   73   69   69   69   73   77   77   77   81   85   85   85   89   92   89
   85   77   69   65   62   58   54   54   54   65   77 9999 9999 9999 9999 9999
 9999                                                                           
    37.5 -60.0  60.0   2.5 350.0                            LAT/LON1/LON2/DLON/H
 9999 9999 9999 9999 9999 9999 9999 9999 9999  123  112  102   96   89   81   81
   81   79   77   77   77   81   85   87   89   92   96   96   96   98  100   96
   92   87   81   77   73   69   65   60   54   73 9999 9999 9999 9999 9999 9999
 9999                                                                           
    35.0 -60.0  60.0   2.5 350.0                            LAT/LON1/LON2/DLON/H
 9999 9999 9999 9999 9999 9999 9999 9999 9999 9999  123  112  100   92   85   85
   85   85   85   85   85   89   92   96  100  104  108  108  108  108  108  104
  100   96   92   89   85   81   77   65   54   81  108 9999 9999 9999 9999 9999
 9999                                                                           
    32.5 -60.0  60.0   2.5 350.0                            LAT/LON1/LON2/DLON/H
 9999 9999 9999 9999 9999 9999 9999 9999 9999 9999 9999  115  104  100   96   98
  100   96   92   94   96   96   96  102  108  112  115  115  115  114  112  108
  104  100   96   92   89   85   81   71   62   94 9999 9999 9999 9999 9999 9999
 9999                                                                           
    30.0 -60.0  60.0   2.5 350.0                            LAT/LON1/LON2/DLON/H
 9999 9999 9999 9999 9999 9999 9999 9999 9999 9999 9999 9999  108  108  108  112
  115  108  100  104  108  104  100  108  115  119  123  123  123  119  115  112
  108  104  100   96   92   89   85   77   69  108  146 9999 9999 9999 9999 9999
 9999                                                                           
    27.5 -60.0  60.0   2.5 350.0                            LAT/LON1/LON2/DLON/H
 9999 9999 9999 9999 9999 9999 9999 9999 9999 9999 9999 9999 9999  137  139  146
  154  166  177  177  177  160  142  135  127  133  139  135  131  125  119  112
  104  100   96   94   92   89   85   87 9999 9999 9999 9999 9999 9999 9999 9999
 9999                                                                           
    25.0 -60.0  60.0   2.5 350.0                            LAT/LON1/LON2/DLON/H
 9999 9999 9999 9999 9999 9999 9999 9999 9999 9999 9999 9999  162  166  169  181
  192  223  254  250  246  216  185  162  139  146  154  146  139  131  123  112
  100   96   92   92   92   89   85   96  108 9999 9999 9999 9999 9999 9999 9999
 9999                                                                           
    22.5 -60.0  60.0   2.5 350.0                            LAT/LON1/LON2/DLON/H
 9999 9999 9999 9999 9999 9999 9999 9999 9999 9999 9999 9999 9999  216  219  229
  239  260  281  289  296  279  262 9999 9999 9999  158  166  158  150  142  133
  123  121  119  115  112  104   96  108 9999 9999 9999 9999 9999 9999 9999 9999
 9999                                                                           
    20.0 -60.0  60.0   2.5 350.0                            LAT/LON1/LON2/DLON/H
 9999 9999 9999 9999 9999 9999 9999 9999 9999 9999 9999 9999 9999 9999  269  277
  285  296  308  327  346  343  339 9999 9999 9999 9999 9999  177  169  162  154
  146  146  146  139  131  119  108  119  131 9999 9999 9999 9999 9999 9999 9999
 9999                                                                           
    17.5 -60.0  60.0   2.5 350.0                            LAT/LON1/LON2/DLON/H
 9999 9999 9999 9999 9999 9999 9999 9999 9999 9999 9999 9999 9999 9999 9999  266
  273  275  277  293  308 9999 9999 9999 9999 9999 9999 9999 9999 9999 9999 9999
  189  181  181  167 9999 9999 9999 9999 9999 9999 9999 9999 9999 9999 9999 9999
 9999                                                                           
    15.0 -60.0  60.0   2.5 350.0                            LAT/LON1/LON2/DLON/H
 9999 9999 9999 9999 9999 9999 9999 9999 9999 9999 9999 9999 9999 9999 9999 9999
  262  254  246  258  269 9999 9999 9999 9999 9999 9999 9999 9999 9999 9999 9999
 9999 9999  216  196  177 9999 9999 9999 9999 9999 9999 9999 9999 9999 9999 9999
 9999                                                                           
    12.5 -60.0  60.0   2.5 350.0                            LAT/LON1/LON2/DLON/H
 9999 9999 9999 9999 9999 9999 9999 9999 9999 9999 9999 9999 9999 9999 9999 9999
 9999 9999 9999 9999 9999 9999 9999 9999 9999 9999 9999 9999 9999 9999 9999 9999
 9999 9999 9999 9999 9999 9999 9999 9999 9999 9999 9999 9999 9999 9999 9999 9999
 9999                                                                           
    10.0 -60.0  60.0   2.5 350.0                            LAT/LON1/LON2/DLON/H
 9999 9999 9999 9999 9999 9999 9999 9999 9999 9999 9999 9999 9999 9999 9999 9999
 9999 9999 9999 9999 9999 9999 9999 9999 9999 9999 9999 9999 9999 9999 9999 9999
 9999 9999 9999 9999 9999 9999 9999 9999 9999 9999 9999 9999 9999 9999 9999 9999
 9999                                                                           
     0                                                      END OF TEC MAP      
     0                                                      START OF RMS MAP    
  2019     2    11    15    29    58                        EPOCH OF CURRENT MAP
    90.0 -60.0  60.0   2.5 350.0                            LAT/LON1/LON2/DLON/H
 9999 9999 9999 9999 9999 9999 9999 9999 9999 9999 9999 9999 9999 9999 9999 9999
 9999 9999 9999 9999 9999 9999 9999 9999 9999 9999 9999 9999 9999 9999 9999 9999
 9999 9999 9999 9999 9999 9999 9999 9999 9999 9999 9999 9999 9999 9999 9999 9999
 9999                                                                           
    87.5 -60.0  60.0   2.5 350.0                            LAT/LON1/LON2/DLON/H
 9999 9999 9999 9999 9999 9999 9999 9999 9999 9999 9999 9999 9999 9999 9999 9999
 9999 9999 9999 9999 9999 9999 9999 9999 9999 9999 9999 9999 9999 9999 9999 9999
 9999 9999 9999 9999 9999 9999 9999 9999 9999 9999 9999 9999 9999 9999 9999 9999
 9999                                                                           
    85.0 -60.0  60.0   2.5 350.0                            LAT/LON1/LON2/DLON/H
  842  842  842  842  842  842  842  842  842  842  842  842  281  281  281  281
  281  281  281  281  281  281  281  281   84   84   84   84   84   84   84   84
   84   84   84   84   84   84   84   84   84   84   84   84   84   84   84   84
  281                                                                           
    82.5 -60.0  60.0   2.5 350.0                            LAT/LON1/LON2/DLON/H
 9999  842  842  842  842  819  794  769  743  655  553  428  245  245  245  245
  245  245  244  244  244  215  181  139   76   76   76   76   76   76   76   76
   76   77   77   77   77   79   81   83   84   86   88   90   92  256  350  424
 9999                                                                           
    80.0 -60.0  60.0   2.5 350.0                            LAT/LON1/LON2/DLON/H
 9999 9999  842  842  842  794  743  688  628  553  467  360  204  204  203  203
  202  202  202  201  201  177  150  116   68   68   68   68   68   68   68   68
   68   68   68   69   69   73   77   81   84   88   92   96   99  325  449  546
 9999                                                                           
    77.5 -60.0  60.0   2.5 350.0                            LAT/LON1/LON2/DLON/H
 9999 9999 9999  842  842  769  688  596  486  428  360  277  152  151  150  149
