70_EGNOS_Project/files/EMS_136_2019_02_11_15/Ionex_from_h15_Europe/Grid2.5x2.5/ionex_files/ionex_Europe00312.19i
     1.0            IONOSPHERE MAPS     GPS                 IONEX VERSION / TYPE
GINA 1.0            GINA Project        12-02-2019 18:10:51 PGM / RUN BY / DATE 
TEC values in 10e-1 [TEC] 9999, if no value available       COMMENT             
Infrastructure: Robert Bosch Kft., Budapest                 DESCRIPTION         
Creator: Balazs Lupsic                                      DESCRIPTION         
Contact adress: balazs.lupsic@hu.bosch.com                  DESCRIPTION         
Contact adress: balazs.lupsic@gmail.com                     DESCRIPTION         
  2019     2    11    15    52     5                        EPOCH OF FIRST MAP  
  2019     2    11    15    52     5                        EPOCH OF LAST MAP   
     0                                                      INTERVAL            
     1                                                      # OF MAPS IN FILE   
   TBD                                                      MAPPING FUNCTION    
     0.0                                                    ELEVATION CUTOFF    
TEC is obtained from EGNOS                                  OBSERVABLES USED    
  6371.4                                                    BASE RADIUS         
     2                                                      MAP DIMENSION       
   350.0 350.0   0.0                                        HGT1 / HGT2 / DHGT  
    90.0  10.0  -2.5                                        LAT1 / LAT2 / DLAT  
   -60.0  60.0   2.5                                        LON1 / LON2 / DLON  
    -1                                                      EXPONENT            
                                                            END OF HEADER       
     0                                                      START OF TEC MAP    
  2019     2    11    15    52     5                        EPOCH OF CURRENT MAP
    90.0 -60.0  60.0   2.5 350.0                            LAT/LON1/LON2/DLON/H
 9999 9999 9999 9999 9999 9999 9999 9999 9999 9999 9999 9999 9999 9999 9999 9999
 9999 9999 9999 9999 9999 9999 9999 9999 9999 9999 9999 9999 9999 9999 9999 9999
 9999 9999 9999 9999 9999 9999 9999 9999 9999 9999 9999 9999 9999 9999 9999 9999
 9999                                                                           
    87.5 -60.0  60.0   2.5 350.0                            LAT/LON1/LON2/DLON/H
 9999 9999 9999 9999 9999 9999 9999 9999 9999 9999 9999 9999 9999 9999 9999 9999
 9999 9999 9999 9999 9999 9999 9999 9999 9999 9999 9999 9999 9999 9999 9999 9999
 9999 9999 9999 9999 9999 9999 9999 9999 9999 9999 9999 9999 9999 9999 9999 9999
 9999                                                                           
    85.0 -60.0  60.0   2.5 350.0                            LAT/LON1/LON2/DLON/H
   31   31   31   31   31   31   31   31   31   31   31   31   31   31   31   31
   31   31   31   31   31   31   31   31   31   31   31   31   31   31   31   31
   31   31   31   31   31   31   32   33   33   34   35   35   36   37   37   38
   38                                                                           
    82.5 -60.0  60.0   2.5 350.0                            LAT/LON1/LON2/DLON/H
 9999   44   44   44   44   44   43   43   42   42   41   41   40   39   38   38
   37   36   36   35   35   34   33   32   31   30   30   29   29   29   29   29
   29   29   29   29   29   29   30   30   31   31   32   32   33   34   35   36
 9999                                                                           
    80.0 -60.0  60.0   2.5 350.0                            LAT/LON1/LON2/DLON/H
 9999 9999   58   58   58   57   56   55   54   53   52   51   50   48   46   44
   42   41   40   39   38   37   35   33   31   30   29   28   27   27   27   27
   27   27   27   27   27   27   28   28   28   29   29   29   30   31   32   33
 9999                                                                           
    77.5 -60.0  60.0   2.5 350.0                            LAT/LON1/LON2/DLON/H
 9999 9999 9999   71   71   70   68   67   65   64   63   61   60   57   54   51
   48   47   45   44   42   39   37   34   31   29   28   26   25   25   25   25
   25   25   25   25   25   25   25   26   26   26   26   26   26   28   30   31
 9999                                                                           
    75.0 -60.0  60.0   2.5 350.0                            LAT/LON1/LON2/DLON/H
 9999 9999 9999 9999   85   83   81   79   77   75   73   71   69   65   62   58
   54   52   50   48   46   42   38   35   31   29   27   25   23   23   23   23
   23   23   23   23   23   23   23   23   23   23   23   23   23   25   27   29
   31                                                                           
    72.5 -60.0  60.0   2.5 350.0                            LAT/LON1/LON2/DLON/H
 9999 9999 9999 9999 9999   85   85   85   85   82   79   76   73   70   67   64
   62   58   54   50   46   41   37   32   27   26   25   24   23   23   23   23
   23   23   23   23   23   23   23   23   23   24   25   26   27   30   33   36
 9999                                                                           
    70.0 -60.0  60.0   2.5 350.0                            LAT/LON1/LON2/DLON/H
 9999 9999 9999 9999   85   87   89   90   92   89   85   81   77   75   73   71
   69   64   58   52   46   40   35   29   23   23   23   23   23   23   23   23
   23   23   23   23   23   23   23   23   23   25   27   29   31   35   38   42
   46                                                                           
    67.5 -60.0  60.0   2.5 350.0                            LAT/LON1/LON2/DLON/H
 9999 9999 9999 9999 9999   85   89   90   92   89   87   84   81   79   77   75
   73   66   60   53   46   41   37   32   27   26   25   24   23   23   23   23
   23   23   23   23   23   23   23   23   23   26   29   32 9999 9999 9999 9999
 9999                                                                           
    65.0 -60.0  60.0   2.5 350.0                            LAT/LON1/LON2/DLON/H
 9999 9999 9999 9999 9999 9999   85   87   92   90   89   87   85   83   81   79
   77   69   62   54   46   42   38   35   31   29   27   25   23   23   23   23
   23   23   23   23   23   23   23   23   23   27   31   35   38 9999 9999 9999
 9999                                                                           
    62.5 -60.0  60.0   2.5 350.0                            LAT/LON1/LON2/DLON/H
 9999 9999 9999 9999 9999 9999 9999   89   92   89   87   85   85   81   79   77
   73   69   60   54   46   46   40   38   35   35   31   31   27   27   25   27
   23   23   23   23   23   23   25   23   27   27   33   35 9999 9999 9999 9999
 9999                                                                           
    60.0 -60.0  60.0   2.5 350.0                            LAT/LON1/LON2/DLON/H
 9999 9999 9999 9999 9999 9999   85   89   85   85   85   85   85   81   77   73
   69   65   62   54   46   46   46   42   38   38   38   35   31   31   31   27
   23   23   23   23   23   23   23   27   31   31   31   35   38 9999 9999 9999
 9999                                                                           
    57.5 -60.0  60.0   2.5 350.0                            LAT/LON1/LON2/DLON/H
 9999 9999 9999 9999 9999   81   81   85   89   92   96   89   81   77   73   69
   65   64   62   58   54   54   54   50   46   44   42   40   38   38   38   35
   31   31   31   33   35   35   35   38   42   42 9999 9999 9999 9999 9999 9999
 9999                                                                           
    55.0 -60.0  60.0   2.5 350.0                            LAT/LON1/LON2/DLON/H
 9999 9999   69 9999   77   81   85   89   92  100  108   92   77   73   69   65
   62   62   62   62   62   62   62   58   54   50   46   46   46   46   46   42
   38   38   38   42   46   46   46   50   54   54   54 9999 9999 9999 9999 9999
 9999                                                                           
    52.5 -60.0  60.0   2.5 350.0                            LAT/LON1/LON2/DLON/H
 9999 9999 9999   77   96  100  104   89   89   97   89   96   81   77   73   71
   69   69   69   69   69   67   65   62   58   54   50   50   50   48   46   44
   42   42   42   46   50   48   46   48   50   52 9999 9999 9999 9999 9999 9999
 9999                                                                           
    50.0 -60.0  60.0   2.5 350.0                            LAT/LON1/LON2/DLON/H
 9999 9999 9999 9999   85   89  123   89   85   92   92   79   85   81   77   77
   77   77   77   77   77   73   69   65   62   58   54   54   54   50   46   46
   46   46   46   50   54   50   46   46   46   50   54 9999 9999 9999 9999 9999
 9999                                                                           
    47.5 -60.0  60.0   2.5 350.0                            LAT/LON1/LON2/DLON/H
 9999 9999 9999 9999 9999  127  112  100  100   80   81   81   81   81   81   81
   81   79   77   77   77   73   69   67   65   62   58   58   58   56   54   54
   54   54   54   52   50   46   42   42   42   42 9999 9999 9999 9999 9999 9999
 9999                                                                           
    45.0 -60.0  60.0   2.5 350.0                            LAT/LON1/LON2/DLON/H
 9999 9999 9999 9999  131  115  100   89   77   83   77   77   77   81   85   85
   85   81   77   77   77   73   69   69   69   65   62   62   62   62   62   62
   62   62   62   54   46   42   38   38   38   35   31 9999 9999 9999 9999 9999
 9999                                                                           
    42.5 -60.0  60.0   2.5 350.0                            LAT/LON1/LON2/DLON/H
 9999 9999 9999 9999 9999 9999 9999  104   96   85   85   83   81   81   81   83
   85   81   77   77   77   75   73   73   73   73   73   73   73   73   73   71
   69   65   62   54   46   42   38   40   42   40 9999 9999 9999 9999 9999 9999
 9999                                                                           
    40.0 -60.0  60.0   2.5 350.0                            LAT/LON1/LON2/DLON/H
 9999 9999 9999 9999 9999 9999 9999 9999  108  102   92   89   85   81   77   81
   85   81   77   77   77   77   77   77   77   81   85   85   85   85   85   81
   77   69   62   54   46   42   38   42   46   46   46 9999 9999 9999 9999 9999
 9999                                                                           
    37.5 -60.0  60.0   2.5 350.0                            LAT/LON1/LON2/DLON/H
 9999 9999 9999 9999 9999 9999 9999 9999 9999  112  106  100   96   92   89   89
   89   85   81   81   81   81   81   85   89   90   92   94   96   96   96   92
   89   81   73   67   62   60   58   54   50   42 9999 9999 9999 9999 9999 9999
 9999                                                                           
    35.0 -60.0  60.0   2.5 350.0                            LAT/LON1/LON2/DLON/H
 9999 9999 9999 9999 9999 9999 9999 9999 9999 9999  115  112  108  104  100   96
   92   89   85   85   85   85   85   92  100  100  100  104  108  108  108  104
  100   92   85   81   77   77   77   65   54   38   23 9999 9999 9999 9999 9999
 9999                                                                           
    32.5 -60.0  60.0   2.5 350.0                            LAT/LON1/LON2/DLON/H
 9999 9999 9999 9999 9999 9999 9999 9999 9999 9999 9999  112  108  108  108  100
   92   96  100  108  115  108  100  102  104  108  112  114  115  115  115  110
  104   98   92   89   85   85   85   65   46   35 9999 9999 9999 9999 9999 9999
 9999                                                                           
    30.0 -60.0  60.0   2.5 350.0                            LAT/LON1/LON2/DLON/H
 9999 9999 9999 9999 9999 9999 9999 9999 9999 9999 9999 9999  108  112  115  104
   92  104  115  131  146  131  115  112  108  115  123  123  123  123  123  115
  108  104  100   96   92   92   92   65   38   31   23 9999 9999 9999 9999 9999
 9999                                                                           
    27.5 -60.0  60.0   2.5 350.0                            LAT/LON1/LON2/DLON/H
 9999 9999 9999 9999 9999 9999 9999 9999 9999 9999 9999 9999 9999  135  139  146
  154  166  177  191  204  179  154  139  123  129  135  131  127  121  115  110
  104  100   96   92   89   83   77   54 9999 9999 9999 9999 9999 9999 9999 9999
 9999                                                                           
    25.0 -60.0  60.0   2.5 350.0                            LAT/LON1/LON2/DLON/H
 9999 9999 9999 9999 9999 9999 9999 9999 9999 9999 9999 9999  154  158  162  189
  216  227  239  250  262  227  192  166  139  142  146  139  131  119  108  104
  100   96   92   89   85   73   62   42   23 9999 9999 9999 9999 9999 9999 9999
 9999                                                                           
    22.5 -60.0  60.0   2.5 350.0                            LAT/LON1/LON2/DLON/H
 9999 9999 9999 9999 9999 9999 9999 9999 9999 9999 9999 9999 9999  200  204  229
  254  260  266  262  258  231  204 9999 9999 9999  158  162  154  144  135  135
  135  127  119  112  104   94   85   81 9999 9999 9999 9999 9999 9999 9999 9999
 9999                                                                           
    20.0 -60.0  60.0   2.5 350.0                            LAT/LON1/LON2/DLON/H
 9999 9999 9999 9999 9999 9999 9999 9999 9999 9999 9999 9999 9999 9999  246  269
  293  293  293  273  254  235  216 9999 9999 9999 9999 9999  177  169  162  166
  169  158  146  135  123  115  108  119  131 9999 9999 9999 9999 9999 9999 9999
 9999                                                                           
    17.5 -60.0  60.0   2.5 350.0                            LAT/LON1/LON2/DLON/H
 9999 9999 9999 9999 9999 9999 9999 9999 9999 9999 9999 9999 9999 9999 9999  246
  269  269  269  264  258 9999 9999 9999 9999 9999 9999 9999 9999 9999  231  223
  227  204  181  166  150  142 9999 9999 9999 9999 9999 9999 9999 9999 9999 9999
 9999                                                                           
    15.0 -60.0  60.0   2.5 350.0                            LAT/LON1/LON2/DLON/H
 9999 9999 9999 9999 9999 9999 9999 9999 9999 9999 9999 9999 9999 9999 9999 9999
  246  246  246  254  262 9999 9999 9999 9999 9999 9999 9999 9999 9999 9999 9999
  285  250  216  196  177  169  162 9999 9999 9999 9999 9999 9999 9999 9999 9999
 9999                                                                           
    12.5 -60.0  60.0   2.5 350.0                            LAT/LON1/LON2/DLON/H
 9999 9999 9999 9999 9999 9999 9999 9999 9999 9999 9999 9999 9999 9999 9999 9999
 9999 9999 9999 9999 9999 9999 9999 9999 9999 9999 9999 9999 9999 9999 9999 9999
 9999 9999 9999 9999 9999 9999 9999 9999 9999 9999 9999 9999 9999 9999 9999 9999
 9999                                                                           
    10.0 -60.0  60.0   2.5 350.0                            LAT/LON1/LON2/DLON/H
 9999 9999 9999 9999 9999 9999 9999 9999 9999 9999 9999 9999 9999 9999 9999 9999
 9999 9999 9999 9999 9999 9999 9999 9999 9999 9999 9999 9999 9999 9999 9999 9999
 9999 9999 9999 9999 9999 9999 9999 9999 9999 9999 9999 9999 9999 9999 9999 9999
 9999                                                                           
     0                                                      END OF TEC MAP      
     0                                                      START OF RMS MAP    
  2019     2    11    15    52     5                        EPOCH OF CURRENT MAP
    90.0 -60.0  60.0   2.5 350.0                            LAT/LON1/LON2/DLON/H
 9999 9999 9999 9999 9999 9999 9999 9999 9999 9999 9999 9999 9999 9999 9999 9999
 9999 9999 9999 9999 9999 9999 9999 9999 9999 9999 9999 9999 9999 9999 9999 9999
 9999 9999 9999 9999 9999 9999 9999 9999 9999 9999 9999 9999 9999 9999 9999 9999
 9999                                                                           
    87.5 -60.0  60.0   2.5 350.0                            LAT/LON1/LON2/DLON/H
 9999 9999 9999 9999 9999 9999 9999 9999 9999 9999 9999 9999 9999 9999 9999 9999
 9999 9999 9999 9999 9999 9999 9999 9999 9999 9999 9999 9999 9999 9999 9999 9999
 9999 9999 9999 9999 9999 9999 9999 9999 9999 9999 9999 9999 9999 9999 9999 9999
 9999                                                                           
    85.0 -60.0  60.0   2.5 350.0                            LAT/LON1/LON2/DLON/H
  281  281  281  281  281  281  281  281  281  281  281  281  112  112  112  112
  112  112  112  112  112  112  112  112   67   67   67   67   67   67   67   67
   67   67   67   67   84   84   84   84   84   84   84   84   84   84   84   84
  281                                                                           
    82.5 -60.0  60.0   2.5 350.0                            LAT/LON1/LON2/DLON/H
 9999  743  628  486  281  486  486  486  486  425  352  260  106  105  103  102
  100  100  100  100  100   92   84   74   63   63   63   63   63   63   63   63
   63   66   70   73   76   76   76   76   76   78   80   82   84  158  207  247
 9999                                                                           
    80.0 -60.0  60.0   2.5 350.0                            LAT/LON1/LON2/DLON/H
 9999 9999  628  486  281  628  628  628  628  546  449  325   99   96   93   90
   87   87   87   87   87   81   74   66   57   57   57   57   57   57   57   57
   57   60   63   65   68   68   68   68   68   72   76   80   84  158  207  247
 9999                                                                           
    77.5 -60.0  60.0   2.5 350.0                            LAT/LON1/LON2/DLON/H
 9999 9999 9999  486  281  743  743  743  743  645  529  380   92   87   82   77
