70_EGNOS_Project/files/EMS_136_2019_02_11_15/Ionex_from_h15_Europe/Grid2.5x2.5/ionex_files/ionex_Europe00241.19i
     1.0            IONOSPHERE MAPS     GPS                 IONEX VERSION / TYPE
GINA 1.0            GINA Project        12-02-2019 18:09:58 PGM / RUN BY / DATE 
TEC values in 10e-1 [TEC] 9999, if no value available       COMMENT             
Infrastructure: Robert Bosch Kft., Budapest                 DESCRIPTION         
Creator: Balazs Lupsic                                      DESCRIPTION         
Contact adress: balazs.lupsic@hu.bosch.com                  DESCRIPTION         
Contact adress: balazs.lupsic@gmail.com                     DESCRIPTION         
  2019     2    11    15    42     1                        EPOCH OF FIRST MAP  
  2019     2    11    15    42     1                        EPOCH OF LAST MAP   
     0                                                      INTERVAL            
     1                                                      # OF MAPS IN FILE   
   TBD                                                      MAPPING FUNCTION    
     0.0                                                    ELEVATION CUTOFF    
TEC is obtained from EGNOS                                  OBSERVABLES USED    
  6371.4                                                    BASE RADIUS         
     2                                                      MAP DIMENSION       
   350.0 350.0   0.0                                        HGT1 / HGT2 / DHGT  
    90.0  10.0  -2.5                                        LAT1 / LAT2 / DLAT  
   -60.0  60.0   2.5                                        LON1 / LON2 / DLON  
    -1                                                      EXPONENT            
                                                            END OF HEADER       
     0                                                      START OF TEC MAP    
  2019     2    11    15    42     1                        EPOCH OF CURRENT MAP
    90.0 -60.0  60.0   2.5 350.0                            LAT/LON1/LON2/DLON/H
 9999 9999 9999 9999 9999 9999 9999 9999 9999 9999 9999 9999 9999 9999 9999 9999
 9999 9999 9999 9999 9999 9999 9999 9999 9999 9999 9999 9999 9999 9999 9999 9999
 9999 9999 9999 9999 9999 9999 9999 9999 9999 9999 9999 9999 9999 9999 9999 9999
 9999                                                                           
    87.5 -60.0  60.0   2.5 350.0                            LAT/LON1/LON2/DLON/H
 9999 9999 9999 9999 9999 9999 9999 9999 9999 9999 9999 9999 9999 9999 9999 9999
 9999 9999 9999 9999 9999 9999 9999 9999 9999 9999 9999 9999 9999 9999 9999 9999
 9999 9999 9999 9999 9999 9999 9999 9999 9999 9999 9999 9999 9999 9999 9999 9999
 9999                                                                           
    85.0 -60.0  60.0   2.5 350.0                            LAT/LON1/LON2/DLON/H
   31   31   31   31   31   31   31   31   31   31   31   31   31   31   31   31
   31   31   31   31   31   31   31   31   31   31   31   31   31   31   31   31
   31   31   31   31   31   31   31   31   31   31   31   31   31   31   31   31
   31                                                                           
    82.5 -60.0  60.0   2.5 350.0                            LAT/LON1/LON2/DLON/H
 9999   44   44   44   44   43   42   41   40   40   39   39   38   38   38   37
   37   36   36   35   35   34   33   32   31   30   30   29   29   29   29   29
   29   29   29   29   29   29   29   29   29   29   29   29   29   29   30   30
 9999                                                                           
    80.0 -60.0  60.0   2.5 350.0                            LAT/LON1/LON2/DLON/H
 9999 9999   58   58   58   56   54   52   50   49   48   47   46   45   44   43
   42   41   40   39   38   37   35   33   31   30   29   28   27   27   27   27
   27   27   27   27   27   27   27   27   27   27   27   27   27   28   29   30
 9999                                                                           
    77.5 -60.0  60.0   2.5 350.0                            LAT/LON1/LON2/DLON/H
 9999 9999 9999   71   71   68   65   63   60   58   57   55   54   52   51   50
   48   47   45   44   42   39   37   34   31   29   28   26   25   25   25   25
   25   25   25   25   25   25   25   25   25   25   25   25   25   26   28   29
 9999                                                                           
    75.0 -60.0  60.0   2.5 350.0                            LAT/LON1/LON2/DLON/H
 9999 9999 9999 9999   85   81   77   73   69   67   65   64   62   60   58   56
   54   52   50   48   46   42   38   35   31   29   27   25   23   23   23   23
   23   23   23   23   23   23   23   23   23   23   23   23   23   25   27   29
   31                                                                           
    72.5 -60.0  60.0   2.5 350.0                            LAT/LON1/LON2/DLON/H
 9999 9999 9999 9999 9999   83   81   79   77   75   73   71   69   67   65   64
   62   58   54   50   46   42   38   35   31   29   27   25   23   23   23   23
   23   23   23   23   23   23   23   23   23   23   23   23   23   26   29   32
 9999                                                                           
    70.0 -60.0  60.0   2.5 350.0                            LAT/LON1/LON2/DLON/H
 9999 9999 9999 9999   85   85   85   85   85   83   81   79   77   75   73   71
   69   64   58   52   46   42   38   35   31   29   27   25   23   23   23   23
   23   23   23   23   23   23   23   23   23   23   23   23   23   27   31   35
   38                                                                           
    67.5 -60.0  60.0   2.5 350.0                            LAT/LON1/LON2/DLON/H
 9999 9999 9999 9999 9999   79   81   81   81   81   81   81   81   80   79   78
   77   70   64   57   50   45   40   36   31   29   27   25   23   23   23   23
   23   23   23   23   23   23   23   23   23   24   25   26 9999 9999 9999 9999
 9999                                                                           
    65.0 -60.0  60.0   2.5 350.0                            LAT/LON1/LON2/DLON/H
 9999 9999 9999 9999 9999 9999   73   73   77   79   81   83   85   85   85   85
   85   77   69   62   54   48   42   37   31   29   27   25   23   23   23   23
   23   23   23   23   23   23   23   23   23   25   27   29   31 9999 9999 9999
 9999                                                                           
    62.5 -60.0  60.0   2.5 350.0                            LAT/LON1/LON2/DLON/H
 9999 9999 9999 9999 9999 9999 9999   73   81   81   77   85   85   85   81   85
   77   73   65   58   54   50   44   38   35   35   31   31   27   27   27   27
   27   27   25   27   23   27   25   27   27   27   29   31 9999 9999 9999 9999
 9999                                                                           
    60.0 -60.0  60.0   2.5 350.0                            LAT/LON1/LON2/DLON/H
 9999 9999 9999 9999 9999 9999   69   77   62   73   85   85   85   85   85   77
   69   65   62   58   54   50   46   42   38   38   38   35   31   31   31   31
   31   31   31   27   23   27   31   31   31   31   31   31   31 9999 9999 9999
 9999                                                                           
    57.5 -60.0  60.0   2.5 350.0                            LAT/LON1/LON2/DLON/H
 9999 9999 9999 9999 9999   65   62   69   77   87   96   90   85   81   77   71
   65   64   62   60   58   56   54   50   46   44   42   40   38   37   35   35
   35   35   35   33   31   35   38   38   38   40 9999 9999 9999 9999 9999 9999
 9999                                                                           
    55.0 -60.0  60.0   2.5 350.0                            LAT/LON1/LON2/DLON/H
 9999 9999   54 9999   62   69   77   85   92  100  108   96   85   77   69   65
   62   62   62   62   62   62   62   58   54   50   46   46   46   42   38   38
   38   38   38   38   38   42   46   46   46   50   54 9999 9999 9999 9999 9999
 9999                                                                           
    52.5 -60.0  60.0   2.5 350.0                            LAT/LON1/LON2/DLON/H
 9999 9999 9999   65   89   92  100   86   89   96   89   96   85   79   73   71
   69   69   69   69   69   69   69   65   62   56   50   50   50   48   46   44
   42   42   42   44   46   48   50   48   46   50 9999 9999 9999 9999 9999 9999
 9999                                                                           
    50.0 -60.0  60.0   2.5 350.0                            LAT/LON1/LON2/DLON/H
 9999 9999 9999 9999   77   83  123   88   85   91   92   82   85   81   77   77
   77   77   77   77   77   77   77   73   69   62   54   54   54   54   54   50
   46   46   46   50   54   54   54   50   46   50   54 9999 9999 9999 9999 9999
 9999                                                                           
    47.5 -60.0  60.0   2.5 350.0                            LAT/LON1/LON2/DLON/H
 9999 9999 9999 9999 9999  127  112  100  100   80   81   81   81   79   77   79
   81   79   77   77   77   75   73   69   65   62   58   58   58   58   58   56
   54   54   54   54   54   52   50   46   42   48 9999 9999 9999 9999 9999 9999
 9999                                                                           
    45.0 -60.0  60.0   2.5 350.0                            LAT/LON1/LON2/DLON/H
 9999 9999 9999 9999  131  115  100   89   77   83   77   77   77   77   77   81
   85   81   77   77   77   73   69   65   62   62   62   62   62   62   62   62
   62   62   62   58   54   50   46   42   38   46   54 9999 9999 9999 9999 9999
 9999                                                                           
    42.5 -60.0  60.0   2.5 350.0                            LAT/LON1/LON2/DLON/H
 9999 9999 9999 9999 9999 9999 9999  104   96   85   85   85   85   81   77   79
   81   79   77   75   73   73   73   71   69   71   73   73   73   73   73   71
   69   65   62   58   54   48   42   42   42   46 9999 9999 9999 9999 9999 9999
 9999                                                                           
    40.0 -60.0  60.0   2.5 350.0                            LAT/LON1/LON2/DLON/H
 9999 9999 9999 9999 9999 9999 9999 9999  108  102   92   92   92   85   77   77
   77   77   77   73   69   73   77   77   77   81   85   85   85   85   85   81
   77   69   62   58   54   46   38   42   46   46   46 9999 9999 9999 9999 9999
 9999                                                                           
    37.5 -60.0  60.0   2.5 350.0                            LAT/LON1/LON2/DLON/H
 9999 9999 9999 9999 9999 9999 9999 9999 9999  112  106  102  100   92   85   83
   81   81   81   79   77   81   85   87   89   90   92   94   96   96   96   92
   89   83   77   71   65   62   58   58   58   46 9999 9999 9999 9999 9999 9999
 9999                                                                           
    35.0 -60.0  60.0   2.5 350.0                            LAT/LON1/LON2/DLON/H
 9999 9999 9999 9999 9999 9999 9999 9999 9999 9999  115  112  108  100   92   89
   85   85   85   85   85   89   92   96  100  100  100  104  108  108  108  104
  100   96   92   85   77   77   77   73   69   46   23 9999 9999 9999 9999 9999
 9999                                                                           
    32.5 -60.0  60.0   2.5 350.0                            LAT/LON1/LON2/DLON/H
 9999 9999 9999 9999 9999 9999 9999 9999 9999 9999 9999  112  108  106  104  100
   96   96   96  100  104  108  112  110  108  110  112  115  119  115  112  108
  104  100   96   90   85   83   81   64   46   35 9999 9999 9999 9999 9999 9999
 9999                                                                           
    30.0 -60.0  60.0   2.5 350.0                            LAT/LON1/LON2/DLON/H
 9999 9999 9999 9999 9999 9999 9999 9999 9999 9999 9999 9999  108  112  115  112
  108  108  108  115  123  127  131  123  115  119  123  127  131  123  115  112
  108  104  100   96   92   89   85   54   23   23   23 9999 9999 9999 9999 9999
 9999                                                                           
    27.5 -60.0  60.0   2.5 350.0                            LAT/LON1/LON2/DLON/H
 9999 9999 9999 9999 9999 9999 9999 9999 9999 9999 9999 9999 9999  139  142  150
  158  169  181  179  177  166  154  146  139  135  131  133  135  125  115  110
  104  100   96   92   89   85   81   52 9999 9999 9999 9999 9999 9999 9999 9999
 9999                                                                           
    25.0 -60.0  60.0   2.5 350.0                            LAT/LON1/LON2/DLON/H
 9999 9999 9999 9999 9999 9999 9999 9999 9999 9999 9999 9999  162  166  169  189
  208  231  254  242  231  204  177  169  162  150  139  139  139  127  115  108
  100   96   92   89   85   81   77   50   23 9999 9999 9999 9999 9999 9999 9999
 9999                                                                           
    22.5 -60.0  60.0   2.5 350.0                            LAT/LON1/LON2/DLON/H
 9999 9999 9999 9999 9999 9999 9999 9999 9999 9999 9999 9999 9999  208  212  231
  250  266  281  260  239  210  181 9999 9999 9999  169  158  158  148  139  135
  131  127  123  114  104   96   89   83 9999 9999 9999 9999 9999 9999 9999 9999
 9999                                                                           
    20.0 -60.0  60.0   2.5 350.0                            LAT/LON1/LON2/DLON/H
 9999 9999 9999 9999 9999 9999 9999 9999 9999 9999 9999 9999 9999 9999  254  273
  293  300  308  277  246  216  185 9999 9999 9999 9999 9999  177  169  162  162
  162  158  154  139  123  112  100  115  131 9999 9999 9999 9999 9999 9999 9999
 9999                                                                           
    17.5 -60.0  60.0   2.5 350.0                            LAT/LON1/LON2/DLON/H
 9999 9999 9999 9999 9999 9999 9999 9999 9999 9999 9999 9999 9999 9999 9999  258
  277  277  277  268  258 9999 9999 9999 9999 9999 9999 9999 9999 9999  231  223
  223  204  185  169  154  146 9999 9999 9999 9999 9999 9999 9999 9999 9999 9999
 9999                                                                           
    15.0 -60.0  60.0   2.5 350.0                            LAT/LON1/LON2/DLON/H
 9999 9999 9999 9999 9999 9999 9999 9999 9999 9999 9999 9999 9999 9999 9999 9999
  262  254  246  258  269 9999 9999 9999 9999 9999 9999 9999 9999 9999 9999 9999
  285  250  216  200  185  181  177 9999 9999 9999 9999 9999 9999 9999 9999 9999
 9999                                                                           
    12.5 -60.0  60.0   2.5 350.0                            LAT/LON1/LON2/DLON/H
 9999 9999 9999 9999 9999 9999 9999 9999 9999 9999 9999 9999 9999 9999 9999 9999
 9999 9999 9999 9999 9999 9999 9999 9999 9999 9999 9999 9999 9999 9999 9999 9999
 9999 9999 9999 9999 9999 9999 9999 9999 9999 9999 9999 9999 9999 9999 9999 9999
 9999                                                                           
    10.0 -60.0  60.0   2.5 350.0                            LAT/LON1/LON2/DLON/H
 9999 9999 9999 9999 9999 9999 9999 9999 9999 9999 9999 9999 9999 9999 9999 9999
 9999 9999 9999 9999 9999 9999 9999 9999 9999 9999 9999 9999 9999 9999 9999 9999
 9999 9999 9999 9999 9999 9999 9999 9999 9999 9999 9999 9999 9999 9999 9999 9999
 9999                                                                           
     0                                                      END OF TEC MAP      
     0                                                      START OF RMS MAP    
  2019     2    11    15    42     1                        EPOCH OF CURRENT MAP
    90.0 -60.0  60.0   2.5 350.0                            LAT/LON1/LON2/DLON/H
 9999 9999 9999 9999 9999 9999 9999 9999 9999 9999 9999 9999 9999 9999 9999 9999
 9999 9999 9999 9999 9999 9999 9999 9999 9999 9999 9999 9999 9999 9999 9999 9999
 9999 9999 9999 9999 9999 9999 9999 9999 9999 9999 9999 9999 9999 9999 9999 9999
 9999                                                                           
    87.5 -60.0  60.0   2.5 350.0                            LAT/LON1/LON2/DLON/H
 9999 9999 9999 9999 9999 9999 9999 9999 9999 9999 9999 9999 9999 9999 9999 9999
 9999 9999 9999 9999 9999 9999 9999 9999 9999 9999 9999 9999 9999 9999 9999 9999
 9999 9999 9999 9999 9999 9999 9999 9999 9999 9999 9999 9999 9999 9999 9999 9999
 9999                                                                           
    85.0 -60.0  60.0   2.5 350.0                            LAT/LON1/LON2/DLON/H
  842  842  842  842  842  842  842  842  842  842  842  842  842  842  842  842
  842  842  842  842  842  842  842  842  281  281  281  281  281  281  281  281
  281  281  281  281  281  281  281  281  281  281  281  281  281  281  281  281
  281                                                                           
    82.5 -60.0  60.0   2.5 350.0                            LAT/LON1/LON2/DLON/H
 9999  842  842  842  842  842  842  842  842  816  789  761  732  731  731  730
  730  730  730  730  730  644  544  422  244  244  244  244  244  244  244  244
  244  244  244  244  244  246  247  248  250  258  266  273  281  344  397  444
 9999                                                                           
    80.0 -60.0  60.0   2.5 350.0                            LAT/LON1/LON2/DLON/H
 9999 9999  842  842  842  842  842  842  842  789  732  669  601  600  599  598
  597  597  597  597  597  527  445  346  202  202  202  202  202  202  201  201
  201  201  201  202  202  205  208  211  214  232  250  266  281  397  486  562
 9999                                                                           
    77.5 -60.0  60.0   2.5 350.0                            LAT/LON1/LON2/DLON/H
 9999 9999 9999  842  842  842  842  842  842  761  669  564  432  430  428  426
