70_EGNOS_Project/files/carg0310.18i
     1.0            IONOSPHERE MAPS     MIX                 IONEX VERSION / TYPE
GIM_AOE V1.0        LZSH                2018-02-01 09:43:19 PGM / RUN BY / DATE
Global ionospheric map produced by aoe                      DESCRIPTION
Contact address: Li Zishen                                  DESCRIPTION
                                Chinese Academy of Sciences DESCRIPTION
                              Navigation Headquarter of CAS DESCRIPTION
                 Dengzhuang south Road,Beijing,China,100094 DESCRIPTION
                                   Email:lizishen@aoe.ac.cn DESCRIPTION
  2018     1    31     0     0  0.00                        EPOCH OF FIRST MAP
  2018     2     1     0     0  0.00                        EPOCH OF LAST MAP
  1800.0                                                    INTERVAL
    49                                                      # OF MAPS IN FILE
  COSZ                                                      MAPPING FUNCTION
     0.0                                                    ELEVATION CUTOFF
TEC is obtained by adjusted uncombined raw observation      OBSERVABLES USED
  6371.4                                                    BASE RADIUS 
     2                                                      MAP DIMENSION
   450.0 450.0   0.0                                        HGT1 / HGT2 / DHGT
    87.5 -87.5  -2.5                                        LAT1 / LAT2 / DLAT
  -180.0 180.0   5.0                                        LON1 / LON2 / DLON
    -1                                                      EXPONENT
TEC values in 0.1 tec units;  9999, if no value available   COMMENT
DCB values in nanoseconds, reference is Sum_of_SatDCBs = 0  COMMENT
                                                            END OF HEADER
[from data line 12870]
    31                                                      START OF TEC MAP
  2018     1    31    15     0     0                        EPOCH OF CURRENT MAP
    87.5-180.0 180.0   5.0 450.0                            LAT/LON1/LON2/DLON/H
   25   24   24   24   23   23   23   22   22   22   21   21   20   20   19   19
   19   18   18   18   17   17   17   17   17   17   17   17   17   17   17   17
   18   18   18   19   19   20   20   21   21   22   22   23   23   24   24   24
   25   25   26   26   26   26   27   27   27   27   27   27   27   27   27   27
   27   27   26   26   26   26   25   25   25
    85.0-180.0 180.0   5.0 450.0                            LAT/LON1/LON2/DLON/H
   26   26   25   25   24   24   23   23   22   21   21   20   19   18   17   17
   16   15   14   13   13   12   12   11   11   11   11   11   11   11   12   12
   13   13   14   15   16   16   17   18   19   20   21   22   23   24   25   26
   27   28   28   29   29   30   30   30   30   30   30   30   30   30   30   29
   29   29   28   28   28   27   27   27   26
    82.5-180.0 180.0   5.0 450.0                            LAT/LON1/LON2/DLON/H
   27   26   26   26   25   25   24   23   23   22   21   20   19   18   17   16
   15   13   12   11   11   11   11   11   11   11   11   11   10   10   10   10
   10   10   11   12   13   14   15   16   17   18   19   21   22   24   25   26
   28   29   30   31   32   32   33   33   33   33   32   32   32   31   31   30
   30   29   29   29   28   28   28   27   27
    80.0-180.0 180.0   5.0 450.0                            LAT/LON1/LON2/DLON/H
   28   27   27   26   26   25   25   24   24   23   22   22   21   20   18   17
   16   14   13   11   11   11   11   11   11   11   11   11   10   10   10   10
   10   10   11   11   12   12   13   14   14   15   17   18   20   22   23   25
   27   29   31   32   33   34   34   34   34   34   34   33   33   32   31   31
   30   30   30   29   29   29   28   28   28
    77.5-180.0 180.0   5.0 450.0                            LAT/LON1/LON2/DLON/H
   29   29   28   28   27   26   25   25   24   24   24   23   23   22   21   20
   19   17   16   14   13   11   10   10   10   10   10   10   11   11   12   13
   14   14   14   14   13   13   12   12   12   13   13   15   16   19   21   23
   26   28   30   32   33   35   35   36   36   35   35   34   34   33   32   32
   31   31   31   31   31   30   30   30   29
    75.0-180.0 180.0   5.0 450.0                            LAT/LON1/LON2/DLON/H
   32   31   30   29   28   26   25   25   24   24   24   24   25   25   25   24
   23   22   21   20   18   17   16   16   15   16   16   17   19   20   21   21
   21   21   20   19   17   15   13   12   11   10   10   11   13   15   18   21
   24   27   29   32   33   35   36   36   36   36   36   35   35   35   34   34
   34   34   34   33   33   33   33   33   32
    72.5-180.0 180.0   5.0 450.0                            LAT/LON1/LON2/DLON/H
   36   35   33   31   29   27   25   24   23   23   24   25   26   27   27   28
   28   28   27   26   26   25   24   24   25   25   26   28   29   31   32   32
   32   30   28   25   22   19   15   12   10   10   10   10   10   13   15   18
   22   25   28   30   33   34   35   36   37   37   37   37   37   37   37   37
   37   37   37   37   37   37   37   37   36
    70.0-180.0 180.0   5.0 450.0                            LAT/LON1/LON2/DLON/H
   40   39   36   33   30   27   24   22   21   21   22   24   25   27   29   30
   31   32   32   33   33   33   34   34   35   36   37   39   40   42   43   43
   42   40   37   33   28   23   19   15   12   12   12   12   12   12   14   17
   20   23   26   29   31   33   34   35   36   36   37   38   38   39   40   40
   40   40   40   41   41   41   41   41   40
    67.5-180.0 180.0   5.0 450.0                            LAT/LON1/LON2/DLON/H
   44   43   40   36   32   27   23   20   19   18   20   21   24   26   29   31
   33   34   36   38   39   41   42   43   44   45   47   48   50   52   53   53
   51   49   44   39   34   28   23   18   15   13   12   11   12   13   15   17
   19   22   25   27   29   31   32   33   34   35   36   37   39   40   41   42
   42   42   42   42   43   43   44   44   44
    65.0-180.0 180.0   5.0 450.0                            LAT/LON1/LON2/DLON/H
   47   46   44   40   34   29   23   19   17   17   17   19   22   24   27   29
   32   34   37   40   43   46   49   50   52   53   54   55   57   58   59   59
   58   55   50   44   38   32   27   23   20   18   17   16   16   16   17   18
   19   21   23   24   26   27   29   30   31   32   33   35   37   39   41   41
   42   41   41   41   41   43   44   46   47
    62.5-180.0 180.0   5.0 450.0                            LAT/LON1/LON2/DLON/H
   48   49   47   43   37   31   25   20   17   16   16   18   19   22   24   26
   29   32   36   41   45   50   53   55   57   58   58   59   60   62   63   63
   62   58   54   48   42   36   32   29   27   26   24   23   22   21   20   19
   19   20   21   22   23   24   25   26   27   28   30   32   34   36   38   39
   39   38   37   37   38   40   43   46   48
    60.0-180.0 180.0   5.0 450.0                            LAT/LON1/LON2/DLON/H
   49   51   51   47   41   35   28   23   19   18   17   18   18   19   21   23
   26   30   34   40   46   52   56   58   60   60   60   60   61   63   64   65
   64   61   56   51   45   41   37   36   35   34   33   31   29   26   23   21
   20   19   20   20   21   22   22   23   24   25   26   28   30   32   33   34
   34   33   32   31   32   35   40   45   49
    57.5-180.0 180.0   5.0 450.0                            LAT/LON1/LON2/DLON/H
   49   53   54   51   46   39   33   28   24   22   20   20   19   19   19   21
   23   27   33   40   47   53   57   60   61   61   61   61   62   64   66   66
   66   63   59   54   49   45   43   43   43   43   42   39   35   30   26   23
   21   20   20   20   20   21   22   22   23   23   23   24   25   27   28   29
   29   28   26   26   27   31   37   43   49
    55.0-180.0 180.0   5.0 450.0                            LAT/LON1/LON2/DLON/H
   50   55   56   54   50   44   39   34   31   28   26   24   22   20   20   21
   23   27   33   40   48   54   59   62   62   62   62   62   63   66   68   69
   69   67   63   58   54   51   50   51   51   51   49   46   40   35   29   25
   23   21   21   22   22   23   24   24   24   23   23   22   22   23   25   26
   26   25   23   23   24   29   36   43   50
    52.5-180.0 180.0   5.0 450.0                            LAT/LON1/LON2/DLON/H
   52   57   58   57   53   49   45   42   39   37   34   30   27   24   23   23
   25   30   36   43   50   56   61   64   64   64   64   65   67   70   73   74
   74   73   69   65   61   58   58   58   59   59   56   51   45   39   33   28
   26   25   25   26   27   27   28   28   28   27   25   23   22   22   23   25
   25   25   24   24   26   30   37   45   52
    50.0-180.0 180.0   5.0 450.0                            LAT/LON1/LON2/DLON/H
   55   59   60   58   56   53   51   50   49   46   43   38   33   30   28   28
   31   35   40   47   54   60   64   67   68   68   69   70   73   76   79   81
   81   80   76   73   69   66   65   65   66   65   62   56   50   43   37   33
   31   31   31   32   33   33   34   35   34   33   30   27   24   24   25   27
   29   29   29   29   31   35   41   48   55
    47.5-180.0 180.0   5.0 450.0                            LAT/LON1/LON2/DLON/H
   57   59   60   59   57   57   57   58   58   56   52   47   41   37   36   36
   38   42   47   53   59   64   68   71   72   73   75   78   81   84   87   88
   88   87   84   81   77   74   73   72   72   70   66   61   54   48   43   40
   39   39   39   40   40   40   41   41   41   39   36   32   29   28   29   32
   35   37   37   38   39   42   47   52   57
    45.0-180.0 180.0   5.0 450.0                            LAT/LON1/LON2/DLON/H
   58   59   58   57   57   59   61   65   66   65   61   55   50   46   45   45
   47   50   55   60   65   70   73   76   78   80   83   86   90   92   94   95
   94   93   91   89   85   82   79   78   76   74   70   65   60   54   50   48
   47   47   48   47   47   46   46   47   47   46   42   37   33   33   35   39
   43   46   47   47   48   50   53   56   58
    42.5-180.0 180.0   5.0 450.0                            LAT/LON1/LON2/DLON/H
   57   57   56   55   56   59   64   69   73   73   69   64   59   55   54   55
   57   59   63   67   71   75   79   82   84   87   91   94   97   99   99   99
   98   98   97   95   92   89   86   83   80   78   74   70   66   62   59   57
   56   56   56   54   52   50   50   50   50   49   46   41   38   37   40   45
   50   53   54   55   55   55   56   57   57
    40.0-180.0 180.0   5.0 450.0                            LAT/LON1/LON2/DLON/H
   54   53   52   53   54   59   65   72   77   78   75   71   67   65   64   65
   66   68   70   74   77   81   85   88   91   95   98  101  103  103  102  100
  100  101  101  101   99   95   91   88   84   81   78   75   72   69   68   66
   65   64   62   60   56   53   50   50   51   50   48   43   40   40   44   50
   55   58   59   58   57   57   56   55   54
    37.5-180.0 180.0   5.0 450.0                            LAT/LON1/LON2/DLON/H
   50   49   49   50   52   57   64   72   77   80   78   76   74   73   74   75
   76   76   78   80   84   88   91   94   98  101  104  106  106  105  102  100
  100  103  105  107  105  102   97   93   88   85   81   79   77   76   75   73
   71   69   67   64   59   53   50   49   49   49   47   43   41   41   46   52
   56   58   58   57   55   54   52   51   50
    35.0-180.0 180.0   5.0 450.0                            LAT/LON1/LON2/DLON/H
   44   45   46   48   50   55   61   69   75   78   79   78   79   81   83   84
   84   84   85   87   90   94   98  101  104  106  109  109  108  106  102  100
  102  105  110  113  113  110  105   99   94   89   84   82   81   81   80   78
   75   73   70   66   61   54   49   46   46   46   44   41   39   41   45   51
   55   55   54   51   49   47   46   44   44
    32.5-180.0 180.0   5.0 450.0                            LAT/LON1/LON2/DLON/H
   39   41   44   47   49   52   57   64   70   73   76   78   82   87   91   93
   93   92   92   94   97  101  104  107  109  111  112  112  110  107  104  103
  106  111  118  122  123  120  115  108  101   94   88   85   84   85   84   81
   77   75   72   69   63   56   49   45   44   44   42   39   37   39   43   48
   51   50   47   44   41   39   38   38   39
    30.0-180.0 180.0   5.0 450.0                            LAT/LON1/LON2/DLON/H
   36   40   44   46   47   49   52   57   62   67   70   76   83   91   97  100
  100   99  100  101  104  107  110  112  113  114  115  114  112  109  108  109
  114  121  128  134  135  133  128  120  111  102   93   88   87   87   86   82
   78   76   75   73   67   59   51   46   45   43   41   37   35   37   41   45
   47   44   40   36   34   32   32   33   36
    27.5-180.0 180.0   5.0 450.0                            LAT/LON1/LON2/DLON/H
   36   41   46   47   46   45   46   50   54   58   64   71   81   92  100  105
  106  106  107  108  110  112  114  116  117  117  117  116  116  115  116  120
  126  134  142  148  150  148  143  135  124  112  100   93   90   89   88   83
   79   77   77   77   73   65   56   50   47   45   41   37   35   36   40   43
   44   40   35   31   29   28   28   31   36
    25.0-180.0 180.0   5.0 450.0                            LAT/LON1/LON2/DLON/H
   38   44   48   48   45   42   42   44   47   51   57   66   78   91  102  108
  111  112  113  114  115  116  117  118  120  120  120  121  122  124  128  134
  141  150  157  162  164  164  160  152  140  124  110  100   96   94   91   86
   81   79   80   81   78   71   62   56   52   48   43   38   35   36   40   43
   42   39   34   30   28   27   28   32   38
    22.5-180.0 180.0   5.0 450.0                            LAT/LON1/LON2/DLON/H
   41   47   50   48   44   40   38   40   42   45   51   61   74   89  101  109
  114  116  118  118  118  118  119  120  122  123  124  126  130  135  142  150
  158  165  172  176  178  178  176  170  157  140  123  111  105  102   98   91
   84   82   84   86   83   76   68   61   57   52   46   40   37   38   41   43
   43   40   35   32   30   29   31   35   41
    20.0-180.0 180.0   5.0 450.0                            LAT/LON1/LON2/DLON/H
   44   49   50   47   42   38   37   38   40   43   48   57   71   87   99  109
  115  119  122  122  121  120  121  123  125  127  130  134  140  148  156  165
  172  178  183  186  189  191  191  186  174  157  139  126  119  115  108   99
   90   86   87   89   86   80   72   66   61   56   49   42   39   40   43   45
   44   42   39   36   34   33   35   38   44
    17.5-180.0 180.0   5.0 450.0                            LAT/LON1/LON2/DLON/H
   46   50   49   45   40   37   37   39   41   43   47   57   71   85   98  108
  116  122  125  126  125  124  125  127  130  133  138  143  151  160  169  177
  183  187  190  192  195  199  202  200  191  175  158  145  137  131  122  109
   98   91   90   90   87   80   73   68   64   58   51   44   41   42   44   46
   46   44   42   40   38   37   38   41   46
    15.0-180.0 180.0   5.0 450.0                            LAT/LON1/LON2/DLON/H
   46   48   46   41   37   36   38   42   44   45   50   59   73   87   99  109
  118  126  130  131  130  130  131  134  138  142  148  154  163  171  179  185
  190  191  192  194  198  204  210  211  204  191  176  165  157  150  138  122
  106   96   92   90   86   79   73   69   65   59   51   45   42   44   46   47
   47   46   45   43   41   39   39   42   46
    12.5-180.0 180.0   5.0 450.0                            LAT/LON1/LON2/DLON/H
   45   45   42   37   34   35   40   44   46   48   53   64   77   91  102  112
  122  132  137  139  139  140  142  146  150  154  160  167  174  181  186  190
  192  192  192  193  198  205  213  217  214  205  193  184  177  168  154  134
  115  102   95   90   84   77   72   69   66   60   52   46   44   46   47   47
   46   45   45   43   41   38   38   41   45
    10.0-180.0 180.0   5.0 450.0                            LAT/LON1/LON2/DLON/H
   42   42   38   33   31   34   40   45   47   50   57   69   84   97  108  118
  129  140  147  150  152  154  158  162  165  169  174  180  185  189  191  192
  192  192  192  193  198  206  215  221  220  215  207  201  195  185  168  145
  123  107   98   90   83   77   73   71   68   62   54   49   48   48   48   47
   45   44   43   42   39   36   36   39   42
     7.5-180.0 180.0   5.0 450.0                            LAT/LON1/LON2/DLON/H
   40   39   35   30   29   33   39   43   45   49   59   74   92  106  117  127
  139  151  160  165  168  173  177  180  182  184  188  193  196  196  194  193
  192  193  194  196  200  208  216  222  223  221  217  213  208  198  179  155
  132  114  103   94   86   80   77   75   73   66   59   54   52   52   51   48
   44   42   41   39   36   34   34   37   40
     5.0-180.0 180.0   5.0 450.0                            LAT/LON1/LON2/DLON/H
   40   39   34   29   29   33   38   40   41   45   58   78   98  114  126  137
  150  163  174  181  186  192  197  199  198  199  201  205  205  202  198  195
  195  198  200  203  207  212  218  222  224  223  221  219  216  206  187  164
  141  123  111  102   94   88   85   84   81   74   66   61   59   58   55   49
   44   41   40   38   34   32   33   37   40
     2.5-180.0 180.0   5.0 450.0                            LAT/LON1/LON2/DLON/H
   42   41   36   31   30   33   35   35   34   39   55   79  103  121  134  147
  161  175  187  195  203  209  214  214  212  210  212  214  214  209  202  199
  201  207  212  215  217  219  221  223  224  223  222  221  218  209  192  171
  150  134  122  113  105  100   97   95   91   83   75   70   67   65   60   52
   46   42   40   38   35   33   35   39   42
