70_EGNOS_Project/files/carg0310.18i
     1.0            IONOSPHERE MAPS     MIX                 IONEX VERSION / TYPE
GIM_AOE V1.0        LZSH                2018-02-01 09:43:19 PGM / RUN BY / DATE
Global ionospheric map produced by aoe                      DESCRIPTION
Contact address: Li Zishen                                  DESCRIPTION
                                Chinese Academy of Sciences DESCRIPTION
                              Navigation Headquarter of CAS DESCRIPTION
                 Dengzhuang south Road,Beijing,China,100094 DESCRIPTION
                                   Email:lizishen@aoe.ac.cn DESCRIPTION
  2018     1    31     0     0  0.00                        EPOCH OF FIRST MAP
  2018     2     1     0     0  0.00                        EPOCH OF LAST MAP
  1800.0                                                    INTERVAL
    49                                                      # OF MAPS IN FILE
  COSZ                                                      MAPPING FUNCTION
     0.0                                                    ELEVATION CUTOFF
TEC is obtained by adjusted uncombined raw observation      OBSERVABLES USED
  6371.4                                                    BASE RADIUS 
     2                                                      MAP DIMENSION
   450.0 450.0   0.0                                        HGT1 / HGT2 / DHGT
    87.5 -87.5  -2.5                                        LAT1 / LAT2 / DLAT
  -180.0 180.0   5.0                                        LON1 / LON2 / DLON
    -1                                                      EXPONENT
TEC values in 0.1 tec units;  9999, if no value available   COMMENT
DCB values in nanoseconds, reference is Sum_of_SatDCBs = 0  COMMENT
                                                            END OF HEADER
[from data line 15873]
    38                                                      START OF TEC MAP
  2018     1    31    18    30     0                        EPOCH OF CURRENT MAP
    87.5-180.0 180.0   5.0 450.0                            LAT/LON1/LON2/DLON/H
   20   20   21   21   21   21   22   22   22   22   22   22   22   22   23   23
   23   23   23   23   23   23   23   23   23   23   23   23   24   24   24   24
   24   24   24   24   23   23   23   23   23   22   22   22   21   21   21   20
   20   20   19   19   19   19   18   18   18   18   18   18   18   18   18   18
   18   19   19   19   19   19   20   20   20
    85.0-180.0 180.0   5.0 450.0                            LAT/LON1/LON2/DLON/H
   20   20   21   21   22   22   22   23   23   23   23   23   23   23   22   22
   22   22   22   22   22   22   22   22   22   23   23   24   24   24   25   25
   26   26   26   26   26   26   25   25   24   24   23   22   21   21   20   19
   18   18   17   17   16   16   15   15   15   14   14   14   14   14   15   15
   15   16   16   17   17   18   18   19   20
    82.5-180.0 180.0   5.0 450.0                            LAT/LON1/LON2/DLON/H
   20   21   22   22   23   24   24   24   24   24   24   23   23   22   22   21
   20   20   19   19   18   18   18   19   19   20   21   22   23   24   25   26
   27   28   28   28   28   28   27   26   26   25   23   22   21   20   19   18
   17   17   16   15   14   14   13   13   13   12   12   12   12   12   12   13
   13   14   15   15   16   17   18   19   20
    80.0-180.0 180.0   5.0 450.0                            LAT/LON1/LON2/DLON/H
   21   22   23   24   25   25   26   26   26   25   25   24   23   22   21   20
   19   18   17   16   15   15   15   15   15   16   18   19   21   23   24   26
   28   29   30   30   30   29   28   27   26   25   23   22   21   20   19   18
   17   17   16   16   15   15   15   14   14   13   13   13   13   13   13   13
   14   14   15   16   17   18   19   20   21
    77.5-180.0 180.0   5.0 450.0                            LAT/LON1/LON2/DLON/H
   22   23   24   25   26   26   27   27   27   27   26   25   24   23   22   21
   19   18   17   16   15   14   13   13   13   14   15   17   19   21   24   26
   28   29   30   31   30   30   28   27   25   23   22   21   20   19   19   19
   19   19   19   19   19   19   19   18   18   18   17   17   17   17   17   17
   17   18   18   19   19   20   20   21   22
    75.0-180.0 180.0   5.0 450.0                            LAT/LON1/LON2/DLON/H
   24   24   25   26   27   27   28   28   28   28   28   27   27   26   25   24
   23   22   21   20   19   17   16   15   14   14   15   16   18   21   23   26
   28   29   30   30   29   28   26   25   23   21   20   19   19   19   20   21
   22   23   24   25   25   25   25   25   24   24   23   23   23   23   23   23
   23   23   23   23   23   23   23   23   24
    72.5-180.0 180.0   5.0 450.0                            LAT/LON1/LON2/DLON/H
   26   25   26   26   27   28   29   29   30   30   30   30   30   30   31   31
   31   31   30   29   28   26   24   22   20   18   18   18   19   21   23   25
   27   28   29   28   27   25   23   21   19   18   17   17   18   19   21   24
   26   28   30   32   32   32   32   31   31   30   30   30   30   30   31   31
   31   31   31   30   29   28   27   26   26
    70.0-180.0 180.0   5.0 450.0                            LAT/LON1/LON2/DLON/H
   27   26   26   27   27   28   29   30   31   32   32   33   35   36   38   40
   42   43   44   43   42   40   36   33   29   26   24   23   23   23   25   26
   27   27   27   25   23   21   19   16   15   14   14   15   17   20   23   27
   30   33   36   37   38   38   37   36   35   35   35   35   36   37   38   39
   39   39   38   37   35   33   31   29   27
    67.5-180.0 180.0   5.0 450.0                            LAT/LON1/LON2/DLON/H
   29   28   27   27   28   30   31   32   33   35   36   38   40   43   46   50
   53   56   59   59   58   55   51   46   41   36   32   30   28   27   27   27
   27   26   24   22   19   16   14   12   11   11   12   14   17   21   25   29
   33   37   39   40   41   40   39   38   37   37   38   39   41   43   44   46
   46   46   45   43   41   38   35   32   29
    65.0-180.0 180.0   5.0 450.0                            LAT/LON1/LON2/DLON/H
   31   29   29   29   31   32   34   36   37   39   40   42   45   49   54   59
   64   69   72   74   73   70   66   60   53   47   42   37   34   32   31   29
   27   25   22   19   15   12   10   10   11   11   12   14   18   22   26   31
   34   37   39   40   40   39   37   36   35   36   37   40   43   46   48   50
   51   51   50   48   45   41   37   34   31
    62.5-180.0 180.0   5.0 450.0                            LAT/LON1/LON2/DLON/H
   33   31   31   33   35   37   39   41   43   44   46   48   51   55   61   67
   73   78   82   84   84   82   77   70   63   56   50   45   41   38   35   32
   29   25   21   17   13   12   12   11   11   10   13   16   19   23   27   30
   33   36   37   37   36   34   32   31   31   32   35   39   43   47   50   51
   52   52   51   49   46   43   39   35   33
    60.0-180.0 180.0   5.0 450.0                            LAT/LON1/LON2/DLON/H
   35   35   36   38   41   44   47   48   50   51   52   54   57   61   66   71
   77   83   87   89   89   87   82   76   69   62   56   51   47   43   40   35
   31   26   21   16   13   10   10   11   11   13   16   19   21   24   26   28
   30   32   32   32   30   28   26   25   26   28   33   37   42   46   49   50
   51   50   49   47   45   42   39   37   35
    57.5-180.0 180.0   5.0 450.0                            LAT/LON1/LON2/DLON/H
   37   38   41   45   49   53   56   57   58   58   59   60   62   65   69   74
   79   83   87   89   89   87   83   77   71   65   60   56   52   49   44   39
   34   28   23   18   15   13   13   14   16   18   21   23   24   25   25   26
   27   27   28   27   25   23   21   21   22   26   31   37   42   45   47   48
   47   46   45   44   42   40   39   37   37
    55.0-180.0 180.0   5.0 450.0                            LAT/LON1/LON2/DLON/H
   40   43   47   53   59   63   66   67   67   67   66   66   68   70   72   75
   78   81   83   85   84   83   79   75   70   66   63   60   57   53   49   43
   38   32   27   23   20   19   19   20   23   25   27   28   28   27   26   25
   24   25   25   24   22   20   19   18   21   25   31   38   42   45   46   44
   42   41   39   39   38   38   38   38   40
    52.5-180.0 180.0   5.0 450.0                            LAT/LON1/LON2/DLON/H
   42   47   54   61   68   74   77   77   76   75   74   73   73   74   76   77
   78   79   80   80   80   78   76   72   69   66   65   63   61   58   53   47
   41   36   31   28   27   26   27   29   31   33   34   33   32   30   27   25
   24   24   24   24   23   21   19   19   22   27   33   40   44   46   45   42
   38   36   34   34   35   36   37   39   42
    50.0-180.0 180.0   5.0 450.0                            LAT/LON1/LON2/DLON/H
   44   51   59   69   77   83   86   87   85   83   81   80   80   80   80   80
   80   80   79   78   78   76   74   72   69   68   67   67   65   62   57   50
   44   39   36   35   35   35   37   38   40   41   41   40   38   34   31   29
   28   28   28   28   26   24   22   22   24   30   37   43   47   47   45   40
   36   33   32   32   33   35   37   40   44
    47.5-180.0 180.0   5.0 450.0                            LAT/LON1/LON2/DLON/H
   46   53   63   74   83   90   94   94   93   91   89   88   87   87   87   87
   86   84   83   82   81   79   77   75   73   72   72   72   70   66   60   53
   47   43   41   42   43   45   46   47   48   49   48   47   44   41   38   35
   34   34   34   34   32   29   27   26   28   33   40   46   49   49   46   41
   36   33   32   32   34   36   38   41   46
    45.0-180.0 180.0   5.0 450.0                            LAT/LON1/LON2/DLON/H
   47   54   65   76   87   95   99  100  100   98   97   96   95   95   96   96
   95   94   92   91   89   87   85   82   80   78   78   77   75   71   64   56
   50   47   47   49   51   54   55   56   56   56   55   54   51   48   46   44
   43   43   43   42   39   35   31   29   30   35   41   47   51   51   47   43
   39   36   35   35   36   38   40   42   47
    42.5-180.0 180.0   5.0 450.0                            LAT/LON1/LON2/DLON/H
   46   53   64   76   88   97  102  105  105  105  104  104  104  104  106  107
  108  107  106  104  102  100   97   93   89   87   86   84   81   76   68   60
   55   52   53   56   59   62   64   64   64   63   62   60   58   56   54   52
   51   51   51   49   45   40   35   31   31   35   41   47   51   51   49   46
   43   40   39   40   41   41   42   43   46
    40.0-180.0 180.0   5.0 450.0                            LAT/LON1/LON2/DLON/H
   45   51   61   74   86   96  102  107  109  111  112  112  112  114  116  119
  121  122  121  119  117  114  110  105  100   96   94   91   88   81   73   66
   61   59   60   63   67   70   71   72   71   69   67   66   64   62   60   59
   59   59   57   55   50   44   37   32   31   34   40   46   50   51   51   49
   47   46   45   45   45   45   44   43   45
    37.5-180.0 180.0   5.0 450.0                            LAT/LON1/LON2/DLON/H
   43   48   58   71   83   93  101  107  112  116  119  120  120  122  125  130
  134  136  135  133  130  127  121  115  109  104  101   98   95   88   81   74
   70   68   70   72   75   77   78   78   77   74   72   70   67   66   64   64
   63   63   62   58   53   45   38   32   31   33   39   45   49   51   52   52
   51   50   49   49   48   47   45   43   43
    35.0-180.0 180.0   5.0 450.0                            LAT/LON1/LON2/DLON/H
   41   45   55   67   79   89   98  106  113  120  124  126  126  128  132  138
  143  146  145  143  140  135  129  122  115  110  107  105  102   97   91   86
   82   81   82   82   83   84   84   84   82   79   76   72   69   67   65   65
   65   65   63   60   54   46   39   33   31   33   38   43   48   50   52   53
   54   53   52   50   49   48   45   42   41
    32.5-180.0 180.0   5.0 450.0                            LAT/LON1/LON2/DLON/H
   40   44   53   65   76   86   94  104  114  123  129  131  131  132  136  142
  147  150  150  147  143  139  133  126  119  114  111  111  110  108  104  101
   99   97   96   93   91   90   89   88   86   83   78   73   69   66   64   63
   64   64   63   60   54   47   40   34   32   34   38   43   47   50   52   54
   55   53   51   49   49   47   45   41   40
    30.0-180.0 180.0   5.0 450.0                            LAT/LON1/LON2/DLON/H
   39   43   53   64   74   83   91  102  114  126  133  135  134  134  136  142
  147  150  149  146  142  138  133  127  121  117  116  118  120  120  120  119
  118  115  111  104   98   94   92   92   90   86   80   74   68   64   61   61
   62   63   62   59   55   48   42   37   35   36   39   44   47   50   52   54
   54   52   48   46   46   45   44   40   39
    27.5-180.0 180.0   5.0 450.0                            LAT/LON1/LON2/DLON/H
   40   45   54   66   75   82   90  101  115  128  137  139  137  135  135  139
  143  145  144  141  137  134  130  126  122  120  122  126  131  135  137  139
  138  134  126  114  103   96   94   93   92   88   82   75   68   63   59   58
   60   61   62   60   55   50   45   40   38   38   41   44   47   49   51   53
   52   48   44   42   42   43   42   40   40
    25.0-180.0 180.0   5.0 450.0                            LAT/LON1/LON2/DLON/H
   41   47   58   69   77   83   91  103  118  132  141  143  140  136  134  135
  137  138  137  134  131  130  128  126  125  126  130  137  145  152  156  159
  158  151  138  122  106   96   93   94   93   90   84   77   70   64   60   58
   60   62   62   60   57   52   47   43   40   40   41   44   46   48   50   51
   49   44   40   37   38   40   40   39   41
    22.5-180.0 180.0   5.0 450.0                            LAT/LON1/LON2/DLON/H
   42   50   63   74   81   87   95  107  123  137  147  149  146  140  135  133
  133  133  132  129  128  127  128  129  131  134  141  151  161  169  175  177
  174  165  147  126  107   95   91   93   94   92   87   81   74   68   63   61
   62   64   64   61   57   53   48   44   41   39   40   41   44   46   48   49
   46   41   36   34   35   38   38   39   42
    20.0-180.0 180.0   5.0 450.0                            LAT/LON1/LON2/DLON/H
   43   53   67   79   87   93  102  115  131  145  155  158  155  148  141  135
  132  131  130  128  128  129  132  136  140  145  154  166  177  186  191  192
  187  174  153  128  105   92   88   91   94   94   91   86   80   75   70   67
   66   67   66   62   57   52   48   44   40   37   36   37   40   43   45   46
   44   39   35   33   34   36   37   38   43
    17.5-180.0 180.0   5.0 450.0                            LAT/LON1/LON2/DLON/H
   43   56   71   84   93  101  111  126  142  156  166  171  169  162  152  143
  138  135  134  133  132  135  140  145  151  158  168  181  193  202  205  203
  194  178  155  127  103   89   86   90   95   97   95   92   88   83   78   74
   72   70   67   62   56   50   46   42   37   33   31   32   35   39   42   44
   42   38   35   34   35   36   35   36   43
    15.0-180.0 180.0   5.0 450.0                            LAT/LON1/LON2/DLON/H
   43   58   74   88   99  109  122  138  154  168  179  186  187  180  169  158
  150  146  144  142  142  144  150  157  164  172  182  195  207  214  215  209
  197  179  155  127  103   89   87   91   97  100  100   98   95   91   86   81
   77   73   68   61   54   48   43   39   34   29   26   26   30   34   39   41
   41   39   37   36   37   36   34   35   43
    12.5-180.0 180.0   5.0 450.0                            LAT/LON1/LON2/DLON/H
   43   59   77   92  105  118  134  152  168  181  192  202  206  202  191  178
  168  163  159  156  155  156  161  168  175  183  194  206  217  223  221  211
  197  179  156  130  108   94   91   95  101  104  104  102  100   97   92   86
   80   75   68   60   52   46   42   38   33   27   23   23   26   31   36   39
   40   40   40   40   39   36   33   34   43
    10.0-180.0 180.0   5.0 450.0                            LAT/LON1/LON2/DLON/H
   44   61   80   95  110  126  145  164  180  192  204  216  225  224  214  200
  190  183  178  173  169  168  172  179  185  192  202  213  224  228  223  212
  197  179  160  138  118  104  100  103  107  108  107  105  103  100   95   89
   82   75   67   59   50   45   42   40   35   28   23   22   24   29   34   38
   40   41   43   43   42   37   32   34   44
     7.5-180.0 180.0   5.0 450.0                            LAT/LON1/LON2/DLON/H
   46   64   83   99  114  133  155  175  189  200  212  228  240  242  235  223
  212  205  198  189  182  180  182  187  192  198  206  217  227  230  225  212
  198  184  169  153  135  120  114  113  114  113  110  106  104  101   96   89
   82   75   67   59   51   47   45   44   40   33   27   24   25   29   33   37
   39   42   45   46   44   38   33   35   46
     5.0-180.0 180.0   5.0 450.0                            LAT/LON1/LON2/DLON/H
   50   69   87  102  119  140  163  182  194  204  217  234  249  255  251  241
  232  224  215  204  194  189  190  194  198  201  208  219  228  232  226  215
  203  194  185  173  157  141  130  125  122  118  112  106  102   99   94   88
   82   75   68   60   54   51   51   51   47   40   33   29   29   32   34   36
   39   42   47   48   45   39   34   37   50
     2.5-180.0 180.0   5.0 450.0                            LAT/LON1/LON2/DLON/H
   55   74   91  106  123  145  168  186  197  205  218  236  252  261  260  253
  246  239  229  215  203  197  197  199  202  205  210  220  230  235  231  222
  214  210  206  197  182  163  147  137  130  122  114  106  100   96   92   87
   81   75   69   63   58   56   57   58   55   48   41   36   35   35   36   37
   39   43   47   49   46   40   36   40   55
