70_EGNOS_Project/files/carg0310.18i
     1.0            IONOSPHERE MAPS     MIX                 IONEX VERSION / TYPE
GIM_AOE V1.0        LZSH                2018-02-01 09:43:19 PGM / RUN BY / DATE
Global ionospheric map produced by aoe                      DESCRIPTION
Contact address: Li Zishen                                  DESCRIPTION
                                Chinese Academy of Sciences DESCRIPTION
                              Navigation Headquarter of CAS DESCRIPTION
                 Dengzhuang south Road,Beijing,China,100094 DESCRIPTION
                                   Email:lizishen@aoe.ac.cn DESCRIPTION
  2018     1    31     0     0  0.00                        EPOCH OF FIRST MAP
  2018     2     1     0     0  0.00                        EPOCH OF LAST MAP
  1800.0                                                    INTERVAL
    49                                                      # OF MAPS IN FILE
  COSZ                                                      MAPPING FUNCTION
     0.0                                                    ELEVATION CUTOFF
TEC is obtained by adjusted uncombined raw observation      OBSERVABLES USED
  6371.4                                                    BASE RADIUS 
     2                                                      MAP DIMENSION
   450.0 450.0   0.0                                        HGT1 / HGT2 / DHGT
    87.5 -87.5  -2.5                                        LAT1 / LAT2 / DLAT
  -180.0 180.0   5.0                                        LON1 / LON2 / DLON
    -1                                                      EXPONENT
TEC values in 0.1 tec units;  9999, if no value available   COMMENT
DCB values in nanoseconds, reference is Sum_of_SatDCBs = 0  COMMENT
                                                            END OF HEADER
[from data line 18876]
    45                                                      START OF TEC MAP
  2018     1    31    22     0     0                        EPOCH OF CURRENT MAP
    87.5-180.0 180.0   5.0 450.0                            LAT/LON1/LON2/DLON/H
   32   32   32   32   32   32   31   31   31   31   30   30   29   29   29   28
   27   27   26   26   25   24   24   23   23   22   22   21   21   20   20   20
   20   19   19   19   19   19   19   19   20   20   20   21   21   21   22   22
   23   23   24   24   25   25   26   26   27   27   28   28   29   29   29   30
   30   30   31   31   31   31   31   32   32
    85.0-180.0 180.0   5.0 450.0                            LAT/LON1/LON2/DLON/H
   34   34   34   35   35   35   35   35   34   34   33   33   32   31   30   29
   28   27   26   24   23   22   21   20   19   18   17   16   15   15   14   14
   13   13   13   13   13   13   13   13   14   14   15   16   16   17   18   19
   20   21   22   23   23   24   25   26   27   28   29   29   30   30   31   31
   32   32   32   33   33   33   34   34   34
    82.5-180.0 180.0   5.0 450.0                            LAT/LON1/LON2/DLON/H
   33   33   34   34   35   35   36   36   36   36   35   34   33   32   31   29
   27   26   24   22   20   19   18   16   15   14   13   12   12   11   10   10
   10   10   10   10   10   10   10   10   10   11   12   13   14   15   16   17
   18   19   20   22   23   24   25   26   27   28   29   30   30   31   31   31
   32   32   32   32   32   32   32   32   33
    80.0-180.0 180.0   5.0 450.0                            LAT/LON1/LON2/DLON/H
   29   30   31   32   33   34   35   36   37   37   36   35   34   33   30   28
   26   23   21   19   17   16   14   13   13   12   11   11   11   10   10   10
   10   10   10   10   10   10   10   10   10   10   11   12   13   14   16   17
   18   19   20   21   23   24   25   26   28   29   29   30   31   31   31   31
   30   30   29   29   28   28   28   28   29
    77.5-180.0 180.0   5.0 450.0                            LAT/LON1/LON2/DLON/H
   24   25   26   28   30   32   34   36   37   38   37   37   35   33   30   27
   24   21   18   16   14   13   12   12   12   12   12   12   13   12   12   12
   11   10   10   10   10   10   10   10   11   12   13   14   15   16   17   18
   19   20   21   22   23   24   25   26   28   29   30   30   31   31   30   30
   29   28   27   25   24   24   23   23   24
    75.0-180.0 180.0   5.0 450.0                            LAT/LON1/LON2/DLON/H
   21   22   24   26   29   32   34   37   38   39   39   39   37   34   31   27
   23   19   16   14   12   11   11   11   12   14   15   16   17   17   17   16
   15   14   13   12   12   12   13   13   15   16   17   18   19   20   20   20
   20   21   21   22   22   23   24   26   27   28   29   30   31   31   30   30
   28   27   25   23   22   21   20   20   21
    72.5-180.0 180.0   5.0 450.0                            LAT/LON1/LON2/DLON/H
   21   23   25   27   30   33   36   39   41   43   43   42   40   37   33   28
   24   19   15   13   11   11   10   12   14   16   19   21   22   23   23   22
   21   19   17   16   15   15   16   17   18   20   21   22   23   23   22   22
   21   21   21   21   21   22   23   24   26   27   28   29   30   31   31   30
   29   28   26   24   22   21   20   20   21
    70.0-180.0 180.0   5.0 450.0                            LAT/LON1/LON2/DLON/H
   27   29   31   33   36   38   41   44   46   47   48   47   45   42   37   32
   27   22   17   14   12   11   11   13   16   19   22   25   27   28   28   26
   24   22   20   18   17   17   18   19   21   23   24   25   25   25   24   23
   21   20   20   19   19   20   21   22   23   25   26   28   29   31   31   31
   31   30   29   27   26   25   25   26   27
    67.5-180.0 180.0   5.0 450.0                            LAT/LON1/LON2/DLON/H
   39   41   43   44   46   47   48   50   52   53   54   53   52   48   44   38
   32   27   22   17   14   13   13   14   17   20   23   27   29   30   30   28
   26   23   20   18   17   17   18   20   22   24   25   26   26   25   23   22
   20   19   18   17   17   17   18   19   20   22   23   25   27   29   31   32
   33   33   33   33   33   34   35   37   39
    65.0-180.0 180.0   5.0 450.0                            LAT/LON1/LON2/DLON/H
   54   57   59   59   58   58   57   57   58   59   60   60   59   56   52   46
   40   34   29   23   19   16   15   15   16   19   22   26   28   29   29   28
   25   22   19   17   16   16   17   19   21   23   24   24   24   23   21   20
   18   17   16   15   15   15   15   16   17   18   19   22   24   27   30   33
   35   36   37   39   41   44   47   51   54
    62.5-180.0 180.0   5.0 450.0                            LAT/LON1/LON2/DLON/H
   72   76   77   76   73   69   66   65   64   65   66   67   66   64   61   56
   50   44   38   31   25   20   17   15   15   17   20   23   25   26   26   25
   23   21   18   16   15   15   16   18   19   20   21   21   20   20   19   18
   17   16   15   15   14   14   14   14   14   15   16   18   21   24   28   32
   35   38   41   44   48   54   60   66   72
    60.0-180.0 180.0   5.0 450.0                            LAT/LON1/LON2/DLON/H
   89   94   95   92   87   81   75   72   70   71   72   73   74   72   69   65
   60   54   48   40   33   25   19   15   14   14   16   19   21   22   23   22
   21   19   18   17   16   16   16   17   18   18   18   17   17   16   16   17
   17   16   16   16   15   15   14   13   13   12   13   15   18   21   26   30
   35   39   43   48   54   62   72   81   89
    57.5-180.0 180.0   5.0 450.0                            LAT/LON1/LON2/DLON/H
  103  109  111  107  100   92   84   78   76   76   78   80   81   80   78   74
   70   65   58   49   40   30   22   16   13   13   14   16   18   19   20   20
   20   20   20   19   19   19   19   19   18   17   16   14   14   15   16   18
   19   20   20   19   18   17   16   14   13   12   12   13   16   20   24   29
   34   38   43   49   57   68   80   92  103
    55.0-180.0 180.0   5.0 450.0                            LAT/LON1/LON2/DLON/H
  113  121  123  119  111  101   92   85   82   82   84   86   87   87   85   82
   78   74   67   58   47   36   26   19   16   15   16   17   18   19   19   21
   22   23   25   25   26   25   24   23   21   18   15   14   14   15   18   21
   24   25   25   24   22   21   19   17   16   14   14   14   16   20   24   29
   34   38   43   49   58   70   85  100  113
    52.5-180.0 180.0   5.0 450.0                            LAT/LON1/LON2/DLON/H
  118  127  130  127  119  110  101   94   90   89   91   93   94   93   91   88
   85   81   75   66   55   43   32   25   22   21   22   22   22   21   22   23
   26   29   32   34   34   34   32   30   26   22   18   16   16   18   22   27
   30   32   31   30   27   25   23   21   20   18   18   18   20   23   27   31
   35   38   43   49   58   71   87  104  118
    50.0-180.0 180.0   5.0 450.0                            LAT/LON1/LON2/DLON/H
  120  130  133  131  126  118  110  104  100   99  100  101  101   99   96   94
   91   88   82   74   62   50   39   33   31   31   31   30   28   26   26   28
   32   37   40   43   44   43   42   38   34   29   24   20   20   23   29   34
   38   39   37   35   32   29   28   26   25   24   24   24   25   27   31   34
   38   41   44   49   58   71   88  105  120
    47.5-180.0 180.0   5.0 450.0                            LAT/LON1/LON2/DLON/H
  120  130  133  133  130  125  120  115  112  110  110  110  108  105  102   98
   96   93   88   80   69   58   48   43   42   43   44   41   37   33   32   34
   39   44   49   52   53   53   51   48   43   37   31   27   27   30   35   41
   44   44   41   38   35   33   31   31   30   30   31   31   32   34   36   40
   43   45   48   52   60   72   89  106  120
    45.0-180.0 180.0   5.0 450.0                            LAT/LON1/LON2/DLON/H
  120  128  131  132  132  131  130  127  125  122  120  119  116  112  108  103
  101   98   94   87   77   66   58   55   55   57   57   53   46   41   38   40
   45   52   57   60   61   61   59   56   52   46   40   35   34   36   41   46
   48   46   43   39   36   34   34   34   35   36   37   38   39   41   43   46
   49   51   53   56   63   75   90  106  120
    42.5-180.0 180.0   5.0 450.0                            LAT/LON1/LON2/DLON/H
  120  126  129  130  132  135  138  138  136  133  130  128  124  119  114  109
  106  104  101   94   85   75   68   66   68   70   68   62   54   47   44   46
   52   58   63   66   67   66   65   63   60   54   48   43   41   42   45   48
   49   46   41   37   34   34   35   36   38   41   43   45   46   47   48   51
   55   58   60   63   69   80   94  109  120
    40.0-180.0 180.0   5.0 450.0                            LAT/LON1/LON2/DLON/H
  122  126  126  128  132  138  144  146  145  142  138  135  132  127  121  116
  112  110  107  101   93   84   78   77   79   80   77   70   61   53   50   52
   57   64   68   70   71   70   70   69   66   61   55   50   46   46   48   49
   47   42   37   33   31   32   34   37   40   44   47   50   51   51   53   56
   61   64   67   70   76   86   99  113  122
    37.5-180.0 180.0   5.0 450.0                            LAT/LON1/LON2/DLON/H
  127  128  127  127  131  139  147  151  150  148  144  141  138  134  128  123
  119  116  113  108  101   93   88   87   87   87   83   75   65   59   56   59
   64   69   73   74   73   73   73   73   71   67   61   55   51   49   49   48
   44   38   32   28   28   31   34   37   41   45   49   52   54   54   56   60
   65   70   74   77   83   93  106  119  127
    35.0-180.0 180.0   5.0 450.0                            LAT/LON1/LON2/DLON/H
  134  134  130  129  132  140  148  153  153  151  149  146  144  140  135  130
  126  122  119  114  107  101   96   94   94   92   86   78   70   65   64   67
   71   75   77   77   76   75   75   75   73   70   64   58   54   52   50   48
   42   34   28   24   26   29   33   37   40   45   50   53   55   56   58   63
   69   75   80   83   89  100  114  127  134
    32.5-180.0 180.0   5.0 450.0                            LAT/LON1/LON2/DLON/H
  144  144  139  135  137  143  150  154  155  154  152  151  149  146  141  137
  132  128  124  119  113  107  103  100   98   95   89   82   76   73   74   76
   79   82   82   81   79   77   76   76   74   71   65   60   56   54   52   48
   41   32   25   23   25   29   33   36   39   44   49   53   55   57   59   65
   73   80   85   89   96  107  122  136  144
    30.0-180.0 180.0   5.0 450.0                            LAT/LON1/LON2/DLON/H
  156  157  153  148  148  151  155  158  159  159  158  156  153  150  146  142
  137  132  128  123  118  113  109  106  102   98   92   87   84   84   86   87
   88   88   87   85   81   79   77   76   74   70   65   60   58   56   55   50
   43   33   26   23   25   30   34   36   38   42   47   52   54   56   60   68
   77   85   90   95  102  114  130  146  156
    27.5-180.0 180.0   5.0 450.0                            LAT/LON1/LON2/DLON/H
  168  173  171  168  165  165  165  166  167  168  167  163  158  154  150  146
  141  136  130  125  121  117  114  111  107  102   97   94   95   97   98   98
   96   94   92   88   84   80   78   76   73   69   64   60   59   59   58   54
   47   37   28   25   27   31   35   36   37   41   45   50   53   56   62   71
   81   90   96  101  108  120  138  156  168
    25.0-180.0 180.0   5.0 450.0                            LAT/LON1/LON2/DLON/H
  181  190  193  192  190  186  182  181  181  182  180  173  164  156  152  148
  144  138  132  128  124  122  119  117  113  109  105  104  106  109  110  107
  102   98   94   90   85   81   77   75   71   67   63   60   61   62   62   59
   51   41   32   28   29   33   35   36   36   39   43   47   51   56   64   74
   86   95  102  107  115  128  146  165  181
    22.5-180.0 180.0   5.0 450.0                            LAT/LON1/LON2/DLON/H
  192  207  216  220  219  213  205  201  200  201  197  185  170  158  152  149
  146  141  134  130  128  126  125  123  121  117  114  114  117  120  119  113
  105   99   95   91   85   80   76   73   69   65   62   61   62   65   66   63
   56   46   36   31   31   33   35   35   35   36   40   43   48   55   65   79
   91  101  108  114  123  136  153  173  192
    20.0-180.0 180.0   5.0 450.0                            LAT/LON1/LON2/DLON/H
  200  220  237  247  249  242  231  223  222  222  215  198  176  159  151  150
  148  143  137  134  132  132  132  131  129  126  123  123  126  127  124  115
  105   98   94   89   84   78   74   71   68   65   63   62   64   67   67   65
   58   48   39   33   32   33   33   33   33   34   36   39   44   54   67   83
   96  106  114  122  131  144  160  180  200
    17.5-180.0 180.0   5.0 450.0                            LAT/LON1/LON2/DLON/H
  206  230  252  269  274  268  255  245  242  242  232  209  181  159  150  150
  150  147  142  139  138  139  140  140  139  136  132  130  131  130  124  113
  102   95   91   88   82   75   71   69   68   66   65   65   67   68   68   64
   58   49   40   34   31   31   31   31   30   31   33   35   41   52   69   86
  100  110  118  128  139  152  167  185  206
    15.0-180.0 180.0   5.0 450.0                            LAT/LON1/LON2/DLON/H
  208  233  260  282  291  286  272  261  257  256  244  218  184  159  149  151
  153  151  148  146  147  148  149  150  149  145  139  135  133  129  121  109
   98   92   89   86   80   73   69   69   69   69   68   69   69   68   66   62
   56   48   40   33   30   29   29   28   28   29   30   31   37   51   70   88
  102  111  121  133  146  160  173  188  208
    12.5-180.0 180.0   5.0 450.0                            LAT/LON1/LON2/DLON/H
  208  232  259  283  296  292  279  267  263  261  249  221  185  159  150  153
  157  157  155  155  157  158  159  160  159  153  144  136  131  126  117  105
   94   90   89   87   80   72   69   69   72   73   73   73   72   69   63   58
   52   45   38   33   29   28   27   26   27   27   27   28   35   50   71   90
  102  111  120  135  151  166  178  191  208
    10.0-180.0 180.0   5.0 450.0                            LAT/LON1/LON2/DLON/H
  207  226  251  275  289  287  274  262  258  258  247  219  185  160  153  157
  162  164  163  165  167  169  169  170  168  160  148  137  129  123  115  103
   94   91   91   89   82   74   70   72   75   78   79   78   75   69   61   54
   48   43   38   33   30   27   26   25   26   27   27   27   34   51   72   91
  101  108  118  134  154  171  183  193  207
     7.5-180.0 180.0   5.0 450.0                            LAT/LON1/LON2/DLON/H
  206  220  239  259  272  272  260  249  246  246  238  214  184  163  158  163
  169  171  172  175  178  178  178  178  176  167  152  138  129  123  115  105
   96   94   96   94   87   77   73   76   80   84   84   82   77   69   60   52
   46   42   38   34   31   28   26   26   27   28   28   28   35   53   74   91
  100  104  113  132  154  174  187  196  206
     5.0-180.0 180.0   5.0 450.0                            LAT/LON1/LON2/DLON/H
  206  214  226  240  251  252  242  232  229  230  225  208  184  168  166  172
  177  179  181  184  187  187  186  185  183  173  157  142  132  127  120  110
  102  100  102  100   93   83   79   81   86   88   88   85   79   70   60   52
   46   43   40   37   34   31   28   28   29   30   30   31   38   56   77   92
   98  100  109  128  153  175  190  200  206
     2.5-180.0 180.0   5.0 450.0                            LAT/LON1/LON2/DLON/H
  209  212  216  224  232  234  227  218  214  216  215  203  187  178  178  183
  187  188  190  194  196  195  192  191  189  180  164  148  139  135  129  118
  108  105  106  106   99   90   85   87   91   92   90   86   79   71   61   54
   49   46   43   41   38   34   31   31   32   34   33   34   42   59   79   93
   96   97  105  124  150  174  192  204  209
