70_EGNOS_Project/files/carg0310.18i
     1.0            IONOSPHERE MAPS     MIX                 IONEX VERSION / TYPE
GIM_AOE V1.0        LZSH                2018-02-01 09:43:19 PGM / RUN BY / DATE
Global ionospheric map produced by aoe                      DESCRIPTION
Contact address: Li Zishen                                  DESCRIPTION
                                Chinese Academy of Sciences DESCRIPTION
                              Navigation Headquarter of CAS DESCRIPTION
                 Dengzhuang south Road,Beijing,China,100094 DESCRIPTION
                                   Email:lizishen@aoe.ac.cn DESCRIPTION
  2018     1    31     0     0  0.00                        EPOCH OF FIRST MAP
  2018     2     1     0     0  0.00                        EPOCH OF LAST MAP
  1800.0                                                    INTERVAL
    49                                                      # OF MAPS IN FILE
  COSZ                                                      MAPPING FUNCTION
     0.0                                                    ELEVATION CUTOFF
TEC is obtained by adjusted uncombined raw observation      OBSERVABLES USED
  6371.4                                                    BASE RADIUS 
     2                                                      MAP DIMENSION
   450.0 450.0   0.0                                        HGT1 / HGT2 / DHGT
    87.5 -87.5  -2.5                                        LAT1 / LAT2 / DLAT
  -180.0 180.0   5.0                                        LON1 / LON2 / DLON
    -1                                                      EXPONENT
TEC values in 0.1 tec units;  9999, if no value available   COMMENT
DCB values in nanoseconds, reference is Sum_of_SatDCBs = 0  COMMENT
                                                            END OF HEADER
[from data line 10296]
    25                                                      START OF TEC MAP
  2018     1    31    12     0     0                        EPOCH OF CURRENT MAP
    87.5-180.0 180.0   5.0 450.0                            LAT/LON1/LON2/DLON/H
   21   21   21   21   21   21   21   21   21   21   21   20   20   20   20   20
   19   19   19   19   18   18   18   18   18   17   17   17   17   17   16   16
   16   16   16   15   15   15   15   15   14   14   14   14   14   14   14   14
   14   14   14   14   15   15   15   15   16   16   16   17   17   18   18   18
   19   19   19   20   20   20   21   21   21
    85.0-180.0 180.0   5.0 450.0                            LAT/LON1/LON2/DLON/H
   24   25   25   25   25   25   24   24   24   23   23   22   22   21   20   20
   19   19   19   18   18   18   17   17   17   17   17   17   17   16   16   16
   16   16   16   15   15   15   14   14   13   13   12   12   11   11   11   11
   11   11   11   11   12   12   13   14   14   15   16   17   18   18   19   20
   21   21   22   22   23   23   24   24   24
    82.5-180.0 180.0   5.0 450.0                            LAT/LON1/LON2/DLON/H
   27   28   28   28   28   27   27   26   25   24   23   22   21   20   19   18
   18   17   17   16   16   16   16   16   16   16   16   16   17   17   17   17
   18   18   18   18   17   17   16   16   15   14   13   12   11   11   11   10
   10   10   10   10   10   11   12   13   14   16   17   18   19   20   21   22
   23   23   24   25   25   26   26   27   27
    80.0-180.0 180.0   5.0 450.0                            LAT/LON1/LON2/DLON/H
   29   30   30   30   30   29   29   28   26   25   23   21   20   18   17   16
   15   14   14   14   14   14   14   14   15   15   16   17   17   18   19   20
   21   21   22   22   22   22   22   21   19   18   16   14   13   11   11   11
   11   11   11   11   10   12   13   15   17   19   20   21   22   23   24   24
   25   25   26   26   27   27   28   29   29
    77.5-180.0 180.0   5.0 450.0                            LAT/LON1/LON2/DLON/H
   31   32   32   33   32   32   30   29   27   24   22   20   17   15   14   12
   11   11   11   11   12   12   13   14   15   16   16   17   18   19   21   23
   24   26   28   29   30   30   30   29   27   25   22   20   17   15   13   11
   11   10   11   12   13   15   17   19   21   23   25   26   27   28   28   27
   27   27   27   27   27   28   29   30   31
    75.0-180.0 180.0   5.0 450.0                            LAT/LON1/LON2/DLON/H
   33   34   35   35   35   34   32   30   27   24   21   18   15   13   11   11
   11   10   10   10   11   13   14   15   16   17   18   19   20   21   23   26
   28   31   34   36   38   39   39   38   36   33   30   27   23   20   18   16
   15   15   15   16   18   20   22   24   27   29   31   32   32   32   31   30
   29   27   27   26   27   28   29   31   33
    72.5-180.0 180.0   5.0 450.0                            LAT/LON1/LON2/DLON/H
   35   37   38   38   37   35   33   30   27   24   20   17   14   11   11   11
   11   11   11   10   12   14   16   18   19   20   20   21   22   23   26   28
   32   36   40   44   46   48   48   47   45   42   38   34   30   27   24   22
   21   21   21   22   23   25   27   29   32   34   35   36   36   35   34   32
   29   27   26   26   27   28   30   33   35
    70.0-180.0 180.0   5.0 450.0                            LAT/LON1/LON2/DLON/H
   39   40   41   41   39   37   34   31   27   24   20   17   14   12   11   11
   11   11   10   12   15   17   20   21   23   23   24   24   25   26   28   31
   35   40   45   50   53   55   56   54   52   48   44   40   36   33   30   29
   28   27   27   27   28   29   30   32   34   36   38   39   38   37   35   32
   29   27   26   26   27   30   33   36   39
    67.5-180.0 180.0   5.0 450.0                            LAT/LON1/LON2/DLON/H
   43   45   44   43   40   36   33   30   26   23   20   18   15   13   12   11
   11   11   13   15   17   20   23   25   26   27   27   27   28   29   31   34
   39   44   49   54   58   60   60   59   56   52   47   43   40   38   36   35
   35   34   33   32   31   30   31   31   33   35   37   38   38   36   34   31
   28   26   25   26   29   33   37   41   43
    65.0-180.0 180.0   5.0 450.0                            LAT/LON1/LON2/DLON/H
   48   48   47   43   39   35   31   27   25   22   21   19   18   16   15   14
   14   14   15   17   19   22   24   27   29   30   31   31   31   32   34   37
   41   46   51   56   59   61   61   59   56   52   48   45   42   41   41   41
   40   40   38   35   32   30   28   28   29   31   33   34   35   34   32   29
   27   26   26   28   32   37   42   46   48
    62.5-180.0 180.0   5.0 450.0                            LAT/LON1/LON2/DLON/H
   52   51   47   42   36   31   27   24   23   22   21   21   20   20   19   18
   18   17   17   17   19   21   24   27   29   31   33   33   34   35   37   40
   44   48   52   56   59   60   59   57   54   51   47   44   43   43   44   45
   45   44   42   37   32   28   24   23   23   25   27   29   30   30   29   27
   26   25   27   31   36   42   47   51   52
    60.0-180.0 180.0   5.0 450.0                            LAT/LON1/LON2/DLON/H
   55   51   46   39   33   27   24   22   21   22   22   23   23   23   23   22
   21   19   17   16   17   18   21   24   28   31   34   35   37   38   41   43
   46   50   52   55   56   57   56   54   52   49   46   44   44   45   47   49
   50   48   44   39   32   25   21   18   17   19   22   24   26   27   26   26
   26   27   29   34   40   46   51   55   55
    57.5-180.0 180.0   5.0 450.0                            LAT/LON1/LON2/DLON/H
   54   50   43   35   29   24   22   21   22   23   24   25   25   26   25   24
   23   20   17   14   13   14   16   20   25   30   34   36   39   41   43   46
   48   50   52   53   53   53   53   52   50   48   46   46   46   48   51   53
   53   52   47   40   32   25   19   15   14   16   18   21   23   25   26   26
   27   29   33   38   44   50   54   56   54
    55.0-180.0 180.0   5.0 450.0                            LAT/LON1/LON2/DLON/H
   52   46   39   32   27   24   23   24   26   27   28   28   28   28   27   26
   24   20   16   12   12   12   12   17   23   28   33   37   40   43   46   48
   50   51   51   51   51   51   52   52   52   51   50   50   51   53   55   57
   57   55   50   43   34   26   20   16   15   16   19   21   23   25   27   29
   31   34   38   42   47   52   54   55   52
    52.5-180.0 180.0   5.0 450.0                            LAT/LON1/LON2/DLON/H
   47   42   35   30   27   27   28   31   33   34   34   32   31   30   29   27
   24   20   16   11   12   13   14   15   22   29   34   39   42   45   47   49
   50   51   51   50   50   52   54   55   57   57   57   57   58   60   61   62
   62   59   54   47   38   30   24   21   20   20   22   24   26   28   30   33
   36   40   43   47   50   52   53   51   47
    50.0-180.0 180.0   5.0 450.0                            LAT/LON1/LON2/DLON/H
   43   38   33   31   31   33   37   41   43   43   41   38   35   32   31   29
   26   22   17   12   12   11   11   17   24   32   37   41   44   46   48   50
   51   52   51   51   53   55   59   63   65   67   67   68   68   68   69   69
   67   64   59   52   44   36   31   28   27   27   28   29   31   33   35   39
   43   47   50   52   53   52   50   47   43
    47.5-180.0 180.0   5.0 450.0                            LAT/LON1/LON2/DLON/H
   39   35   34   34   38   43   48   53   55   54   50   46   41   37   34   32
   29   25   20   16   13   13   16   23   30   38   43   46   47   48   49   51
   53   54   54   55   58   62   68   73   76   78   79   79   79   78   77   75
   73   69   63   57   49   43   38   35   34   34   35   35   36   38   41   45
   50   54   56   57   55   52   48   44   39
    45.0-180.0 180.0   5.0 450.0                            LAT/LON1/LON2/DLON/H
   37   35   36   40   46   53   60   64   66   64   60   54   49   44   41   37
   34   30   27   24   22   22   26   32   40   47   51   52   51   51   51   53
   56   58   60   62   67   72   79   85   89   90   90   90   89   87   85   82
   78   73   67   61   54   47   43   40   40   40   40   40   40   42   45   50
   55   60   61   61   58   53   47   42   37
    42.5-180.0 180.0   5.0 450.0                            LAT/LON1/LON2/DLON/H
   38   37   40   46   54   61   68   73   74   72   68   63   58   54   49   45
   41   38   36   34   33   34   38   44   51   58   61   60   57   55   55   57
   61   65   68   72   78   85   92   97  100  101  100   99   98   96   93   88
   82   76   70   63   56   50   45   43   42   42   42   42   43   44   48   53
   58   63   65   64   60   54   48   42   38
    40.0-180.0 180.0   5.0 450.0                            LAT/LON1/LON2/DLON/H
   41   41   45   51   59   66   72   76   77   76   74   71   68   64   60   55
   50   47   46   45   46   47   50   56   63   69   71   69   64   61   60   63
   68   74   79   84   91   98  105  109  111  110  108  107  106  104  100   94
   86   79   71   63   56   49   45   43   42   43   43   43   44   45   48   53
   58   62   65   65   61   56   50   44   41
    37.5-180.0 180.0   5.0 450.0                            LAT/LON1/LON2/DLON/H
   44   45   48   54   61   66   70   73   74   75   75   76   76   74   70   65
   60   56   56   57   58   59   62   66   73   78   79   77   71   67   67   71
   78   85   92   98  104  111  117  119  119  117  114  113  113  111  107   99
   90   81   72   63   55   48   44   42   42   43   43   44   44   45   47   50
   54   59   62   63   62   58   52   47   44
    35.0-180.0 180.0   5.0 450.0                            LAT/LON1/LON2/DLON/H
   47   47   50   54   58   61   63   65   67   69   73   77   80   82   79   74
   68   64   64   66   68   69   70   74   79   84   85   83   78   74   76   81
   90   98  105  112  118  123  127  128  126  122  120  119  119  118  114  105
   95   84   73   64   56   50   45   44   44   45   45   45   45   44   44   45
   48   52   56   59   60   58   54   50   47
    32.5-180.0 180.0   5.0 450.0                            LAT/LON1/LON2/DLON/H
   48   47   48   51   52   53   53   54   56   61   67   74   81   85   84   79
   73   69   69   72   74   75   75   78   82   86   88   86   83   82   85   92
  102  111  119  125  130  133  136  135  132  128  125  125  127  126  122  113
  101   89   78   69   61   55   52   51   51   51   51   50   47   44   41   40
   40   44   48   53   56   57   55   51   48
    30.0-180.0 180.0   5.0 450.0                            LAT/LON1/LON2/DLON/H
   47   45   45   45   45   44   43   43   46   52   59   68   77   83   84   80
   74   70   71   75   78   78   77   78   82   86   88   88   87   88   94  104
  115  124  132  137  140  142  143  141  138  133  131  132  135  136  131  122
  110   98   87   78   72   68   66   66   65   64   61   58   53   47   40   35
   34   36   40   46   51   53   53   51   47
    27.5-180.0 180.0   5.0 450.0                            LAT/LON1/LON2/DLON/H
   45   42   40   39   38   36   35   36   39   44   51   59   68   76   79   77
   72   69   70   74   78   79   77   77   80   83   86   88   90   95  104  116
  127  136  143  147  149  150  149  147  143  140  139  141  144  146  142  134
  122  110  101   94   90   88   88   87   85   80   75   68   60   51   41   33
   30   30   34   40   45   49   50   48   45
    25.0-180.0 180.0   5.0 450.0                            LAT/LON1/LON2/DLON/H
   41   38   35   34   33   31   31   33   36   40   45   50   58   66   71   71
   67   65   66   71   76   78   77   76   78   81   84   88   93  102  115  128
  139  148  153  157  158  157  155  152  148  146  146  149  154  156  154  146
  137  127  120  115  113  113  114  112  107   99   90   80   69   56   44   34
   29   29   31   36   40   44   45   44   41
    22.5-180.0 180.0   5.0 450.0                            LAT/LON1/LON2/DLON/H
   38   34   32   31   31   31   32   35   39   41   41   43   47   55   62   64
   62   60   62   68   74   77   77   77   78   81   84   90   98  111  126  140
  151  158  163  166  166  164  160  157  154  152  153  157  163  166  165  159
  152  146  142  139  139  140  140  137  129  117  103   90   77   62   48   38
   32   31   32   34   36   39   41   41   38
    20.0-180.0 180.0   5.0 450.0                            LAT/LON1/LON2/DLON/H
   36   33   30   30   31   33   37   41   45   45   42   38   39   45   53   58
   58   57   60   66   74   78   80   80   81   83   87   94  106  122  139  153
  162  168  172  174  174  171  166  161  158  158  160  164  169  173  174  171
  168  165  164  164  164  165  163  157  144  129  112   98   83   68   53   43
   38   37   36   35   35   36   38   38   36
    17.5-180.0 180.0   5.0 450.0                            LAT/LON1/LON2/DLON/H
   36   33   31   32   34   38   43   49   53   52   45   37   34   39   48   55
   57   57   60   67   75   82   85   86   88   90   94  103  117  135  153  166
  174  177  180  183  183  179  172  166  163  162  165  170  175  178  180  180
  181  182  184  185  185  184  179  168  152  134  116  101   87   72   59   49
   45   44   43   39   36   36   37   38   36
    15.0-180.0 180.0   5.0 450.0                            LAT/LON1/LON2/DLON/H
   38   35   33   34   37   42   48   55   60   59   50   40   34   37   46   55
   58   59   62   70   80   88   93   95   97  100  105  114  130  150  168  180
  184  185  188  191  191  186  179  171  167  167  170  174  178  181  183  186
  190  195  199  201  200  195  186  171  152  132  115  101   89   76   63   55
   52   52   49   44   38   37   38   39   38
    12.5-180.0 180.0   5.0 450.0                            LAT/LON1/LON2/DLON/H
   41   38   36   37   40   44   50   57   64   64   56   44   36   38   48   57
   62   64   67   75   86   96  103  106  108  112  117  128  144  164  181  191
  192  192  193  197  198  194  186  178  174  174  177  180  182  184  185  188
  194  202  209  210  207  199  186  168  147  127  111  101   91   80   68   60
   58   58   55   48   42   39   41   42   41
    10.0-180.0 180.0   5.0 450.0                            LAT/LON1/LON2/DLON/H
   44   41   39   39   42   44   48   55   63   65   59   48   40   42   51   61
   67   69   73   82   94  105  112  117  120  124  130  141  157  176  191  198
  197  195  196  200  203  201  193  186  182  183  185  188  188  186  186  188
  196  205  212  214  208  197  181  161  140  122  110  103   96   85   73   64
   62   62   59   52   45   43   45   46   44
     7.5-180.0 180.0   5.0 450.0                            LAT/LON1/LON2/DLON/H
   47   43   41   41   42   42   44   50   58   63   60   51   44   45   54   64
   70   73   77   88  101  113  121  126  130  135  142  152  167  183  196  200
  198  194  195  200  206  206  201  196  194  196  198  198  196  191  188  188
  195  204  212  213  207  194  177  158  138  123  114  110  104   92   79   68
   64   63   60   54   48   47   48   49   47
     5.0-180.0 180.0   5.0 450.0                            LAT/LON1/LON2/DLON/H
   49   44   42   41   41   39   39   42   50   57   57   51   45   46   54   63
   70   73   79   91  106  119  128  133  138  144  151  160  172  184  194  197
  193  189  190  198  206  210  210  208  209  211  213  212  207  198  191  189
  194  203  210  211  205  193  178  161  144  132  126  123  116  103   86   72
   66   63   61   56   51   50   51   52   49
     2.5-180.0 180.0   5.0 450.0                            LAT/LON1/LON2/DLON/H
   49   44   42   41   40   37   34   35   43   51   53   50   45   45   51   59
   65   69   77   91  108  122  132  137  143  150  156  163  171  180  187  189
  185  181  183  192  204  213  218  221  225  229  230  227  219  208  198  193
  195  202  208  210  205  197  185  172  159  150  144  140  132  115   95   77
   68   64   61   57   54   53   54   53   49
