70_EGNOS_Project/files/CODG0190.19I
     1.0            IONOSPHERE MAPS     GNSS                IONEX VERSION / TYPE
ADDNEQ2 V5.3        AIUB                23-JAN-19 20:13     PGM / RUN BY / DATE 
CODE'S GLOBAL IONOSPHERE MAPS FOR DAY 019, 2019             COMMENT             
Global ionosphere maps (GIM) are generated on a daily basis DESCRIPTION         
at CODE using data from about 300 GNSS sites of the IGS and DESCRIPTION         
other institutions. The vertical total electron content     DESCRIPTION         
(VTEC) is modeled in a solar-geomagnetic reference frame    DESCRIPTION         
using a spherical harmonics expansion up to degree and      DESCRIPTION         
order 15. Piece-wise linear functions are used for          DESCRIPTION         
representation in the time domain. The time spacing of      DESCRIPTION         
their vertices is 1 hour, conforming with the epochs of the DESCRIPTION         
VTEC maps.                                                  DESCRIPTION         
To convert line-of-sight TEC into vertical TEC, a modified  DESCRIPTION         
single-layer model mapping function approximating the JPL   DESCRIPTION         
extended slab model mapping function is adopted. The        DESCRIPTION         
mapping function is evaluated at geodetic satellite         DESCRIPTION         
elevation angles. For the computation of the ionospheric    DESCRIPTION         
pierce points, a spherical layer with a radius of 6821 km   DESCRIPTION         
is assumed, implying geocentric, not geodetic IONEX         DESCRIPTION         
latitudes.                                                  DESCRIPTION         
Instrumental biases with respect to each involved GNSS code DESCRIPTION         
observable are estimated as constant values for each        DESCRIPTION         
day. They are modeled with one set of bias parameters for   DESCRIPTION         
each satellite and each station in case of GPS and for each DESCRIPTION         
satellite-station link in case of GLONASS. The code bias    DESCRIPTION         
datum is defined by zero-mean conditions imposed on the     DESCRIPTION         
satellite bias estimates. In this file, just GPS C1W-C2W    DESCRIPTION         
satellite and station bias values are included. The         DESCRIPTION         
complete set of GNSS code bias results is provided in an    DESCRIPTION         
additional Bias-SINEX file as pseudo-absolute values        DESCRIPTION         
specific to each observable.                                DESCRIPTION         
Note: These GIM results correspond to the results for the   DESCRIPTION         
middle day of a 3-day combination analysis solving for 73   DESCRIPTION         
times 256, or 18688 VTEC parameters and 3 daily sets of     DESCRIPTION         
GNSS code bias parameters.                                  DESCRIPTION         
Contact address: code(at)aiub.unibe.ch                      DESCRIPTION         
Data archive:    ftp.aiub.unibe.ch/CODE/                    DESCRIPTION         
                 www.aiub.unibe.ch/download/CODE/           DESCRIPTION         
  2019     1    19     0     0     0                        EPOCH OF FIRST MAP  
  2019     1    20     0     0     0                        EPOCH OF LAST MAP   
  3600                                                      INTERVAL            
[...]
coco cord cpvg cpxf cro1 daej darw dav1 dgar drao dubo ebre COMMENT             
faa1 fair flin flrs frdn ftna func ganp glps glsv gmsd gode COMMENT             
godz gol2 gope gras graz guam guug harb hers hert hlfx hnlc COMMENT             
hnpt hob2 hofn holb hrao hyde iddr ieng iisc ineg iqal irkj COMMENT             
isba jog2 joz2 joze karr kerg kir0 kiru kit3 kokb kokv kouc COMMENT             
koug kour krgg lama laut lhaz lmmf lpal lpgs m0se mac1 madr COMMENT             
mag0 maju mana mas1 mat1 mate maui maw1 mcm4 mdo1 mdvj medi COMMENT             
mets mgue mizu mkea mnls mobj mobk mobs morp mqzg mro1 mtka COMMENT             
nain nano naur nico nist nium nklg nnor not1 nrc1 nril nrmd COMMENT             
ntus nya1 nyal ohi2 ohi3 onsa opmt ous2 pado park pbri pdel COMMENT             
penc pert pfa2 pie1 pimo pohn pol2 polv pots pove prds ptag COMMENT             
ptbb qaq1 quin rabt ramo rbay reun reyk rgdg rio2 riop roth COMMENT             
salu samo sant savo sch2 scor scrz sctb seyg shao sofi spt0 COMMENT             
sthl stjo stk2 str2 suth sutm suwn sydn syog tabl tabv tash COMMENT             
thtg thti thu2 thu3 tid1 tixg tixi tlse tn22 tnml tong tow2 COMMENT             
tro1 tsea tskb twtf txes uclu ufpr ulab unb3 unbj unbn untr COMMENT             
urum usn7 vald vill voim vtsp wab1 wab2 wark wes2 wgtn whit COMMENT             
will wind wsrt wtza wtzr wtzs wtzz xmis yakt yar2 yar3 yarr COMMENT             
ycba yell yssk zeck zim2 zim3 zimj zimm                     COMMENT             
                                                            END OF HEADER       
     1                                                      START OF TEC MAP    
  2019     1    19     0     0     0                        EPOCH OF CURRENT MAP
    87.5-180.0 180.0   5.0 450.0                            LAT/LON1/LON2/DLON/H
    0    0    0    1    1    1    1    2    2    2    3    3    3    3    3    3
    4    4    4    4    4    4    4    4    4    4    4    3    3    3    3    3
    3    4    4    4    4    4    4    4    4    4    4    4    4    4    3    3
    3    3    3    2    2    2    2    1    1    1    0    0    0    0    0    0
    0    0    0    0    0    0    0    0    0
    85.0-180.0 180.0   5.0 450.0                            LAT/LON1/LON2/DLON/H
    0    0    0    0    1    1    2    3    4    4    5    5    6    6    6    7
    7    6    6    6    6    5    5    5    4    4    4    3    3    3    3    3
    3    3    4    4    4    5    5    5    6    6    6    6    6    6    6    6
    6    5    5    4    4    3    2    1    1    0    0    0    0    0    0    0
    0    0    0    0    0    0    0    0    0
    82.5-180.0 180.0   5.0 450.0                            LAT/LON1/LON2/DLON/H
    0    0    0    0    2    3    4    5    7    8    8    9   10   10   10   10
   10   10    9    9    8    7    6    5    4    3    2    2    1    1    1    1
    1    2    2    3    4    5    5    6    7    7    8    8    9    9    9    9
    9    8    8    7    6    5    4    2    1    0    0    0    0    0    0    0
    0    0    0    0    0    0    0    0    0
    80.0-180.0 180.0   5.0 450.0                            LAT/LON1/LON2/DLON/H
    0    0    1    2    4    6    7    9   10   11   12   13   14   14   14   14
   14   13   12   11    9    8    6    5    3    2    1    0    0    0    0    0
    0    0    1    2    3    4    5    6    7    8    9   10   10   11   11   11
   11   11   10    9    8    7    5    4    2    0    0    0    0    0    0    0
    0    0    0    0    0    0    0    0    0
    77.5-180.0 180.0   5.0 450.0                            LAT/LON1/LON2/DLON/H
    2    3    5    6    8    9   11   12   13   15   16   17   17   17   17   17
   16   15   13   12   10    8    6    4    2    0    0    0    0    0    0    0
    0    0    0    1    2    3    4    5    6    7    8    9   10   11   11   12
   12   12   11   11   10    8    7    5    3    1    0    0    0    0    0    0
    0    0    0    0    0    0    0    1    2
    75.0-180.0 180.0   5.0 450.0                            LAT/LON1/LON2/DLON/H
    8    9   10   11   12   13   14   15   17   18   18   19   19   19   18   17
   16   14   13   11    9    7    5    3    2    0    0    0    0    0    0    0
    0    0    0    0    1    2    3    4    4    5    6    6    7    8    9   10
   11   11   12   11   10    9    8    6    5    3    1    0    0    0    0    0
    0    0    0    1    3    4    6    7    8
    72.5-180.0 180.0   5.0 450.0                            LAT/LON1/LON2/DLON/H
   16   17   17   18   18   18   18   18   19   20   20   20   20   19   17   16
   14   12   10    9    8    6    5    3    2    0    0    0    0    0    0    0
    0    0    0    1    2    2    2    2    2    2    2    3    4    5    6    8
    9   10   11   11   11   10    9    7    6    5    3    2    2    1    2    2
    3    5    6    8   10   12   14   15   16
    70.0-180.0 180.0   5.0 450.0                            LAT/LON1/LON2/DLON/H
   25   26   25   24   23   22   22   21   21   21   21   20   19   17   15   13
   11    9    7    6    5    5    4    4    3    1    0    0    0    0    0    0
    0    1    2    3    2    2    1    0    0    0    0    0    0    1    3    5
    7    8    9   10   10   10    9    8    7    6    6    5    5    6    7    8
   10   11   14   16   18   21   23   25   25
    67.5-180.0 180.0   5.0 450.0                            LAT/LON1/LON2/DLON/H
   34   34   33   31   29   27   25   24   23   23   22   21   19   16   13   10
    7    5    4    3    3    4    4    4    4    3    2    1    1    1    1    2
    3    4    4    4    4    2    1    0    0    0    0    0    0    0    2    4
    6    7    8    9    9    9    9    8    8    8    8    8    9   11   12   14
   16   18   21   23   26   29   31   33   34
    65.0-180.0 180.0   5.0 450.0                            LAT/LON1/LON2/DLON/H
   42   42   40   38   34   31   28   27   26   25   24   22   20   16   13    9
    5    3    2    2    2    3    4    5    5    5    4    3    3    2    3    4
    5    6    6    6    5    3    1    0    0    0    0    0    0    1    3    4
    6    7    8    9    9    9    8    8    8    8    9   11   13   15   17   20
   22   24   27   30   33   36   39   41   42
    62.5-180.0 180.0   5.0 450.0                            LAT/LON1/LON2/DLON/H
   49   49   48   44   40   36   32   30   28   28   26   25   22   18   14    9
    6    3    2    1    2    3    4    5    5    5    5    4    3    3    4    5
    6    7    7    7    6    5    3    2    1    1    1    2    4    5    7    8
    8    9    9    9    8    8    8    8    8    9   10   12   15   19   22   25
   27   30   32   34   37   41   45   48   49
    60.0-180.0 180.0   5.0 450.0                            LAT/LON1/LON2/DLON/H
   56   56   55   52   47   42   38   34   32   31   30   28   25   21   17   13
    9    6    4    3    3    3    4    4    5    5    4    4    3    3    4    5
    6    8    8    8    8    7    7    6    7    7    9   10   11   12   13   13
   13   12   11   10    9    8    7    7    8    9   11   13   17   21   25   29
   32   34   36   38   41   45   49   53   56
    57.5-180.0 180.0   5.0 450.0                            LAT/LON1/LON2/DLON/H
   62   63   63   60   55   50   45   41   38   36   35   33   30   26   22   18
   14   11    8    6    5    4    3    3    3    4    4    3    3    3    4    6
    7    8   10   10   10   11   11   13   14   16   18   20   21   21   21   20
   18   16   14   12   10    9    8    8    8    9   11   14   18   23   28   32
   35   37   39   41   44   48   53   58   62
    55.0-180.0 180.0   5.0 450.0                            LAT/LON1/LON2/DLON/H
   67   70   71   69   65   60   54   49   45   42   40   38   35   31   27   24
   20   16   13   10    7    5    3    3    3    4    4    5    5    5    6    7
    9   11   12   13   14   16   18   20   23   26   28   30   30   30   29   27
   24   21   18   15   13   11   10    9    9   10   12   15   19   24   30   34
   38   40   42   44   47   51   57   62   67
    52.5-180.0 180.0   5.0 450.0                            LAT/LON1/LON2/DLON/H
   72   77   79   79   76   71   65   59   54   50   47   44   40   36   33   29
   25   22   18   14   10    7    4    4    4    6    7    8    9    9   10   12
   13   15   16   18   20   22   25   29   33   36   38   39   38   37   35   33
   30   27   23   20   17   15   13   13   12   13   14   16   20   26   31   36
   40   42   44   46   50   55   60   66   72
    50.0-180.0 180.0   5.0 450.0                            LAT/LON1/LON2/DLON/H
   76   82   87   89   88   84   78   71   65   60   55   50   46   41   37   33
   30   26   22   18   14   10    8    8    9   12   14   16   17   17   17   18
   20   21   23   24   27   30   34   38   41   44   45   45   44   42   40   38
   35   32   29   25   22   20   18   18   18   18   18   20   23   27   33   37
   41   44   46   49   53   58   63   70   76
    47.5-180.0 180.0   5.0 450.0                            LAT/LON1/LON2/DLON/H
   79   86   92   97   98   96   91   84   77   70   63   57   51   46   41   36
   32   29   25   22   19   16   15   15   18   21   24   26   27   27   27   28
   28   30   31   33   35   38   42   46   49   51   51   49   47   45   43   41
   40   38   35   31   28   26   25   25   25   25   25   25   27   31   35   39
   42   45   47   51   55   61   66   72   79
    45.0-180.0 180.0   5.0 450.0                            LAT/LON1/LON2/DLON/H
   79   87   95  102  105  105  101   95   87   80   73   65   58   51   45   39
   34   30   28   27   26   25   25   27   30   34   37   39   39   38   37   37
   38   39   40   42   44   47   50   53   55   55   54   51   48   45   44   44
   44   43   41   38   35   33   32   32   33   33   33   33   34   36   38   41
   43   45   48   52   58   63   68   73   79
    42.5-180.0 180.0   5.0 450.0                            LAT/LON1/LON2/DLON/H
   78   85   94  103  108  110  107  102   96   89   82   74   66   58   49   41
   35   32   31   33   36   37   39   41   44   48   50   51   50   48   47   46
   47   48   49   50   53   55   58   60   60   59   56   52   49   46   45   46
   47   48   47   44   41   38   38   39   40   42   43   42   42   42   43   44
   45   46   49   54   60   65   70   74   78
    40.0-180.0 180.0   5.0 450.0                            LAT/LON1/LON2/DLON/H
   77   83   91  100  106  108  108  105  100   95   89   82   74   66   56   46
   38   35   37   42   48   52   54   55   57   60   61   61   59   56   54   53
   54   55   56   58   60   62   64   65   65   62   59   54   50   47   47   48
   50   52   51   49   45   43   42   44   47   50   52   52   51   50   49   48
   48   48   51   56   62   68   72   74   77
    37.5-180.0 180.0   5.0 450.0                            LAT/LON1/LON2/DLON/H
   77   81   87   94   99  102  102  101  100   98   94   89   83   74   64   52
   44   41   44   53   61   66   68   67   67   68   68   67   63   60   57   57
   58   60   62   64   66   68   69   69   68   65   61   57   52   49   49   50
   52   54   54   52   48   45   44   46   51   57   60   62   61   59   56   54
   52   52   54   60   66   72   75   76   77
    35.0-180.0 180.0   5.0 450.0                            LAT/LON1/LON2/DLON/H
   80   81   84   88   91   92   92   94   96   97   96   94   90   83   73   61
   52   49   54   64   74   79   78   75   72   71   70   68   64   60   58   59
   61   63   66   68   71   72   72   72   71   68   65   60   56   52   51   51
   53   54   55   52   48   44   43   46   53   60   67   69   69   67   64   61
   59   59   61   66   73   79   82   82   80
    32.5-180.0 180.0   5.0 450.0                            LAT/LON1/LON2/DLON/H
   89   87   86   85   83   81   81   84   88   92   95   96   95   91   82   71
   61   59   65   75   84   87   83   77   72   70   68   66   63   59   58   59
   62   65   68   71   73   74   74   73   72   70   67   63   59   55   52   51
   51   52   53   51   47   43   41   44   52   62   70   74   75   73   71   69
   69   69   71   76   84   90   93   92   89
    30.0-180.0 180.0   5.0 450.0                            LAT/LON1/LON2/DLON/H
  103   98   93   87   80   74   73   76   81   87   92   95   98   96   90   80
   72   69   75   84   90   89   81   72   66   65   65   64   61   59   58   60
   62   66   69   72   73   73   73   72   71   70   67   64   59   55   51   49
   47   48   48   47   44   40   38   42   50   61   70   76   78   78   77   78
   79   81   85   90   98  104  107  106  103
    27.5-180.0 180.0   5.0 450.0                            LAT/LON1/LON2/DLON/H
  122  115  107   96   84   74   70   72   78   83   88   93   98   99   96   88
   81   78   82   88   90   85   74   64   59   59   62   64   63   61   60   62
   64   67   69   71   72   71   69   68   67   67   65   62   57   52   48   44
   42   42   43   43   41   38   36   39   47   59   69   76   79   80   82   86
   91   95  100  106  114  121  126  125  122
    25.0-180.0 180.0   5.0 450.0                            LAT/LON1/LON2/DLON/H
  143  137  126  112   96   83   76   77   80   83   86   91   96  100   99   94
   87   84   86   87   84   75   63   55   53   57   64   67   68   67   66   66
   67   68   69   70   69   67   64   62   61   61   59   55   51   46   42   37
   34   34   37   39   39   36   34   37   45   57   67   75   78   81   86   93
  102  110  117  124  131  139  145  146  143
    22.5-180.0 180.0   5.0 450.0                            LAT/LON1/LON2/DLON/H
  166  160  149  132  114   99   91   89   90   89   89   91   96  100  100   96
   91   88   86   82   75   64   53   48   52   61   70   76   77   75   74   73
   71   70   68   67   65   61   57   54   53   52   49   45   41   37   33   29
   26   27   31   35   37   35   34   37   45   56   66   73   77   82   89  100
  113  124  132  140  148  156  163  166  166
    20.0-180.0 180.0   5.0 450.0                            LAT/LON1/LON2/DLON/H
  185  181  171  155  137  122  113  109  106  101   96   95   98  101  101   98
   93   88   83   75   64   53   47   49   58   71   82   87   88   85   82   79
   75   71   67   63   60   55   50   46   44   41   38   33   30   27   25   22
   20   21   27   32   35   35   35   38   46   57   66   72   77   83   93  106
  122  135  145  153  161  169  178  183  185
    17.5-180.0 180.0   5.0 450.0                            LAT/LON1/LON2/DLON/H
  199  198  191  177  160  146  138  133  127  118  109  104  103  104  102   98
   94   88   81   69   56   48   48   57   71   86   96   99   98   94   90   84
   78   70   64   59   54   49   43   38   35   31   27   21   18   18   17   16
   15   17   23   30   34   35   36   41   49   59   67   73   78   86   97  112
  129  144  154  162  169  178  187  194  199
    15.0-180.0 180.0   5.0 450.0                            LAT/LON1/LON2/DLON/H
  206  209  205  195  181  169  162  157  149  137  124  116  113  110  106  101
   96   90   80   66   54   50   57   72   89  103  109  108  104   99   94   87
   78   68   60   54   49   44   38   32   28   23   17   12    9   10   12   12
   12   15   22   28   32   34   37   43   53   62   70   75   81   90  102  118
  135  149  159  166  173  181  190  199  206
    12.5-180.0 180.0   5.0 450.0                            LAT/LON1/LON2/DLON/H
  208  214  214  206  196  187  183  178  169  155  141  132  126  120  113  106
  100   93   82   68   58   59   73   93  109  118  117  111  104   98   93   87
   77   65   55   49   44   40   34   29   24   18   11    5    4    7   10   12
   12   15   21   27   31   33   38   46   57   67   73   79   86   96  109  124
  139  151  160  166  172  180  189  199  208
    10.0-180.0 180.0   5.0 450.0                            LAT/LON1/LON2/DLON/H
  206  214  217  213  205  199  197  193  184  170  156  147  141  133  123  114
  107  100   89   76   69   76   94  115  127  127  118  107   98   93   90   84
   74   61   51   44   41   38   33   28   23   16    9    3    3    7   12   14
   14   17   21   26   29   32   38   49   61   70   77   82   90  102  115  129
  141  151  158  163  169  176  185  195  206
     7.5-180.0 180.0   5.0 450.0                            LAT/LON1/LON2/DLON/H
  203  213  218  216  210  206  205  202  194  181  169  162  156  146  134  124
  118  111  100   87   84   95  117  135  140  130  113   97   88   85   84   80
   71   58   48   42   39   38   34   30   24   17   10    5    6   11   16   18
   18   19   23   26   28   31   39   51   64   73   79   85   94  107  120  132
  142  149  154  159  164  171  179  190  203
     5.0-180.0 180.0   5.0 450.0                            LAT/LON1/LON2/DLON/H
  200  212  219  217  212  209  209  207  199  188  179  174  169  160  148  137
  130  123  112  102  101  115  136  150  146  127  103   85   77   77   80   78
   70   58   47   41   39   39   36   32   26   20   14   10   11   16   21   23
   22   23   25   27   28   31   40   53   66   75   80   86   97  110  123  134
  141  146  150  154  159  166  175  187  200
     2.5-180.0 180.0   5.0 450.0                            LAT/LON1/LON2/DLON/H
  201  214  221  220  215  212  212  211  204  194  187  184  182  174  161  151
  144  136  126  116  117  131  150  157  145  119   93   76   71   74   79   79
   72   60   48   42   40   40   38   34   29   23   18   16   18   23   27   28
   27   27   29   30   30   33   42   55   68   76   80   86   97  111  124  133
  138  141  144  149  155  163  173  186  201
