70_EGNOS_Project/files/CODG0200.19I
     1.0            IONOSPHERE MAPS     GNSS                IONEX VERSION / TYPE
ADDNEQ2 V5.3        AIUB                24-JAN-19 22:15     PGM / RUN BY / DATE 
CODE'S GLOBAL IONOSPHERE MAPS FOR DAY 020, 2019             COMMENT             
Global ionosphere maps (GIM) are generated on a daily basis DESCRIPTION         
at CODE using data from about 300 GNSS sites of the IGS and DESCRIPTION         
other institutions. The vertical total electron content     DESCRIPTION         
(VTEC) is modeled in a solar-geomagnetic reference frame    DESCRIPTION         
using a spherical harmonics expansion up to degree and      DESCRIPTION         
order 15. Piece-wise linear functions are used for          DESCRIPTION         
representation in the time domain. The time spacing of      DESCRIPTION         
their vertices is 1 hour, conforming with the epochs of the DESCRIPTION         
VTEC maps.                                                  DESCRIPTION         
To convert line-of-sight TEC into vertical TEC, a modified  DESCRIPTION         
single-layer model mapping function approximating the JPL   DESCRIPTION         
extended slab model mapping function is adopted. The        DESCRIPTION         
mapping function is evaluated at geodetic satellite         DESCRIPTION         
elevation angles. For the computation of the ionospheric    DESCRIPTION         
pierce points, a spherical layer with a radius of 6821 km   DESCRIPTION         
is assumed, implying geocentric, not geodetic IONEX         DESCRIPTION         
latitudes.                                                  DESCRIPTION         
Instrumental biases with respect to each involved GNSS code DESCRIPTION         
observable are estimated as constant values for each        DESCRIPTION         
day. They are modeled with one set of bias parameters for   DESCRIPTION         
each satellite and each station in case of GPS and for each DESCRIPTION         
satellite-station link in case of GLONASS. The code bias    DESCRIPTION         
datum is defined by zero-mean conditions imposed on the     DESCRIPTION         
satellite bias estimates. In this file, just GPS C1W-C2W    DESCRIPTION         
satellite and station bias values are included. The         DESCRIPTION         
complete set of GNSS code bias results is provided in an    DESCRIPTION         
additional Bias-SINEX file as pseudo-absolute values        DESCRIPTION         
specific to each observable.                                DESCRIPTION         
Note: These GIM results correspond to the results for the   DESCRIPTION         
middle day of a 3-day combination analysis solving for 73   DESCRIPTION         
times 256, or 18688 VTEC parameters and 3 daily sets of     DESCRIPTION         
GNSS code bias parameters.                                  DESCRIPTION         
Contact address: code(at)aiub.unibe.ch                      DESCRIPTION         
Data archive:    ftp.aiub.unibe.ch/CODE/                    DESCRIPTION         
                 www.aiub.unibe.ch/download/CODE/           DESCRIPTION         
  2019     1    20     0     0     0                        EPOCH OF FIRST MAP  
  2019     1    21     0     0     0                        EPOCH OF LAST MAP   
  3600                                                      INTERVAL            
[...]
chti chur coco cord cpvg cpxf cro1 daej darw dav1 dgar drao COMMENT             
dubo ebre faa1 fair flin flrs frdn ftna func ganp glps glsv COMMENT             
gmsd gode godz gol2 gope gras graz guam guug harb hers hert COMMENT             
hlfx hnlc hnpt hob2 hofn holb hrao hyde iddr ieng iisc impz COMMENT             
ineg iqal irkj isba jog2 joz2 joze karr kerg kir0 kiru kit3 COMMENT             
kokb kokv kouc koug kour krgg lama laut lhaz lmmf lpal lpgs COMMENT             
m0se mac1 madr mag0 maju mana mas1 mat1 mate maui maw1 mcm4 COMMENT             
mdo1 mdvj medi mets mgue mizu mkea mnls mobj mobk mobs morp COMMENT             
mqzg mro1 mtka nain nano naur nico nist nium nklg nnor not1 COMMENT             
nrc1 nril nrmd ntus nya1 nyal ohi2 ohi3 onsa opmt ous2 pado COMMENT             
park pdel penc pert pfa2 pie1 pimo pohn pol2 polv pots pove COMMENT             
prds ptag ptbb qaq1 quin rabt ramo rbay reun reyk rgdg rio2 COMMENT             
riop roth salu samo sant savo sch2 scor scrz sctb seyg shao COMMENT             
sofi spt0 sthl stjo stk2 str2 suth sutm suwn sydn syog tabl COMMENT             
tabv tash thtg thti thu2 thu3 tid1 tidb tixg tixi tlse tn22 COMMENT             
tong tow2 tro1 tsea tskb twtf txes uclu ufpr ulab unb3 unbj COMMENT             
unbn untr urum usn7 vald vill voim vtsp wab1 wab2 wark wes2 COMMENT             
wgtn whit will wind wsrt wtza wtzr wtzs wtzz xmis yakt yar2 COMMENT             
yar3 yarr ycba yell yssk zeck zim2 zim3 zimj zimm           COMMENT             
                                                            END OF HEADER       
[from data line 5148]
    13                                                      START OF TEC MAP    
  2019     1    20    12     0     0                        EPOCH OF CURRENT MAP
    87.5-180.0 180.0   5.0 450.0                            LAT/LON1/LON2/DLON/H
   18   18   18   18   17   17   17   16   16   16   15   15   14   14   13   13
   13   12   12   11   11   11   11   10   10   10   10   10   10   10   10   10
   10   10   11   11   11   11   12   12   12   12   13   13   13   14   14   14
   15   15   15   16   16   16   17   17   17   17   18   18   18   18   18   18
   19   19   19   19   19   19   19   18   18
    85.0-180.0 180.0   5.0 450.0                            LAT/LON1/LON2/DLON/H
   21   21   20   20   20   19   19   18   17   16   16   15   14   13   12   11
   10    9    8    8    7    6    6    5    5    5    5    5    5    5    6    6
    6    7    7    8    8    9    9    9   10   10   11   11   12   12   13   13
   14   14   15   15   16   16   17   17   18   18   19   19   19   20   20   20
   20   21   21   21   21   21   21   21   21
    82.5-180.0 180.0   5.0 450.0                            LAT/LON1/LON2/DLON/H
   21   21   21   21   21   20   20   19   18   17   16   15   13   12   11    9
    8    6    5    4    3    2    2    1    1    1    1    1    2    2    3    4
    4    5    6    6    7    7    8    8    9    9    9    9   10   10   10   11
   12   12   13   14   14   15   16   16   17   18   18   18   19   19   20   20
   20   20   21   21   21   21   21   21   21
    80.0-180.0 180.0   5.0 450.0                            LAT/LON1/LON2/DLON/H
   20   21   21   21   21   21   20   20   19   18   16   15   13   12   10    8
    7    5    3    2    1    0    0    0    0    0    0    0    0    1    3    4
    5    6    7    7    8    8    9    9    8    8    8    8    8    8    8    8
    9   10   10   11   12   13   14   15   15   16   16   17   17   17   18   18
   18   18   19   19   19   19   20   20   20
    77.5-180.0 180.0   5.0 450.0                            LAT/LON1/LON2/DLON/H
   18   18   19   19   20   20   20   19   19   18   16   15   14   12   10    8
    7    5    3    2    1    0    0    0    0    0    0    0    1    3    4    6
    7    9   10   11   11   11   11   11   10    9    8    7    7    6    6    6
    7    7    8    9   10   11   12   12   13   14   14   14   15   15   15   15
   16   16   16   16   16   17   17   17   18
    75.0-180.0 180.0   5.0 450.0                            LAT/LON1/LON2/DLON/H
   15   16   16   17   17   18   18   18   17   17   16   15   13   12   11    9
    8    6    5    4    2    2    1    1    1    1    2    3    4    6    8   10
   11   13   14   15   16   16   15   14   13   11   10    8    7    6    6    6
    6    6    7    8    9   10   10   11   11   11   12   12   12   12   13   13
   13   14   14   14   14   14   14   15   15
    72.5-180.0 180.0   5.0 450.0                            LAT/LON1/LON2/DLON/H
   13   13   14   15   15   15   16   16   15   15   14   13   12   12   11   10
    9    8    8    7    6    5    4    4    4    5    5    7    8   10   12   14
   16   18   19   20   21   21   20   19   17   15   13   11   10    8    7    7
    7    7    8    8    9    9   10   10   10   10   10   10   10   10   11   12
   12   13   13   13   13   13   13   13   13
    70.0-180.0 180.0   5.0 450.0                            LAT/LON1/LON2/DLON/H
   12   12   13   13   13   13   13   13   12   12   11   11   11   11   11   11
   11   11   10   10    9    9    8    8    8    9    9   11   12   14   16   18
   20   22   24   25   26   26   25   24   23   21   19   17   14   13   11   10
   10   10   10   10   10   10   10    9    9    8    8    8    8    9   10   12
   13   14   15   15   14   14   13   13   12
    67.5-180.0 180.0   5.0 450.0                            LAT/LON1/LON2/DLON/H
   14   13   13   13   13   12   12   11   10    9    8    8    8    9   10   11
   12   13   12   12   11   11   11   11   11   12   13   14   15   17   19   21
   23   25   27   29   30   30   31   30   29   28   26   24   22   19   18   16
   15   14   14   13   12   11   10    9    8    7    6    7    7    9   11   13
   15   17   18   18   18   17   16   15   14
    65.0-180.0 180.0   5.0 450.0                            LAT/LON1/LON2/DLON/H
   17   16   15   15   14   13   12   10    8    7    6    5    6    8    9   11
   13   13   13   13   12   11   11   12   13   14   15   17   18   20   22   24
   26   28   30   32   33   34   35   35   35   35   34   32   30   28   25   23
   21   20   18   16   15   13   11    9    8    6    6    6    7    9   12   15
   18   21   22   23   22   21   20   18   17
    62.5-180.0 180.0   5.0 450.0                            LAT/LON1/LON2/DLON/H
   21   20   19   19   18   16   14   11    8    6    4    4    5    6    9   11
   12   13   13   11   10   10   10   11   13   15   17   19   21   23   25   27
   29   31   33   34   35   37   38   40   41   42   42   41   39   37   34   31
   28   25   22   20   17   15   12   10    8    6    6    6    7   10   13   17
   21   24   27   28   28   26   25   23   21
    60.0-180.0 180.0   5.0 450.0                            LAT/LON1/LON2/DLON/H
   27   26   25   25   24   21   19   15   11    8    5    4    4    6    8   10
   12   12   11    9    7    7    7    9   12   15   18   22   24   27   30   32
   33   35   36   36   37   39   41   44   46   49   50   50   48   45   42   38
   34   30   26   23   20   17   14   11    9    8    7    7    9   11   15   19
   24   28   30   32   32   31   29   28   27
    57.5-180.0 180.0   5.0 450.0                            LAT/LON1/LON2/DLON/H
   32   32   33   32   31   29   26   22   17   13    9    7    6    7    8   10
   11   11    9    6    4    3    4    7   11   16   20   25   29   32   35   37
   39   39   39   39   39   41   43   47   50   54   56   57   56   52   48   43
   39   34   30   26   23   19   16   14   12   11   10   10   12   14   17   21
   25   29   32   34   35   34   34   33   32
    55.0-180.0 180.0   5.0 450.0                            LAT/LON1/LON2/DLON/H
   38   39   40   41   40   38   35   31   26   21   16   12   10    9   10   11
   12   10    8    5    2    2    3    7   12   18   24   29   34   38   42   44
   45   45   44   43   42   43   45   49   54   58   61   62   61   58   53   48
   43   39   35   31   27   23   20   17   16   15   15   15   15   17   19   22
   26   30   33   35   36   37   37   37   38
    52.5-180.0 180.0   5.0 450.0                            LAT/LON1/LON2/DLON/H
   42   45   47   48   48   47   44   40   36   31   25   20   16   13   13   13
   13   12    9    6    3    3    5   10   16   22   29   35   40   45   49   51
   52   51   49   47   46   46   48   52   56   61   65   67   66   63   58   53
   48   44   40   36   32   28   25   23   22   21   21   21   21   21   22   24
   27   30   33   35   37   38   39   40   42
    50.0-180.0 180.0   5.0 450.0                            LAT/LON1/LON2/DLON/H
   46   49   52   55   56   55   53   50   46   42   36   29   23   19   17   16
   16   15   13   10    8    8   11   16   22   29   35   41   46   51   55   58
   59   57   55   52   50   50   52   55   60   64   68   70   70   67   63   58
   54   51   48   44   40   35   32   30   29   29   28   27   26   25   25   26
   27   29   32   35   37   39   41   43   46
    47.5-180.0 180.0   5.0 450.0                            LAT/LON1/LON2/DLON/H
   48   52   56   59   60   60   59   58   56   52   47   40   32   26   22   21
   20   20   19   17   16   17   20   25   31   37   42   47   52   57   60   63
   63   62   60   57   56   56   57   60   64   68   72   74   74   72   68   65
   62   60   58   55   50   44   40   37   36   36   35   34   32   30   28   28
   28   29   32   34   37   39   42   45   48
    45.0-180.0 180.0   5.0 450.0                            LAT/LON1/LON2/DLON/H
   49   53   57   60   62   62   62   63   63   61   57   50   41   33   28   26
   26   27   27   26   27   28   32   36   41   46   50   54   57   60   64   66
   67   66   64   63   62   63   64   67   70   73   76   78   79   77   75   73
   72   71   70   66   60   54   48   44   43   42   41   39   36   34   32   30
   30   30   32   34   37   40   43   46   49
    42.5-180.0 180.0   5.0 450.0                            LAT/LON1/LON2/DLON/H
   49   52   56   59   60   61   62   64   66   68   65   59   50   41   35   32
   33   34   36   37   39   41   44   48   51   54   57   59   61   63   65   67
   68   68   68   68   69   71   73   75   77   80   82   84   85   85   83   82
   82   83   82   78   71   63   56   51   48   47   45   43   40   37   35   33
   32   32   33   35   38   41   44   46   49
    40.0-180.0 180.0   5.0 450.0                            LAT/LON1/LON2/DLON/H
   48   50   53   55   56   57   58   62   67   70   70   66   57   48   42   39
   40   42   45   48   50   53   56   59   61   62   63   63   64   65   66   68
   70   71   73   75   77   81   84   85   86   87   89   91   92   92   92   91
   92   93   92   88   80   70   61   56   52   50   48   45   42   39   37   36
   34   34   34   36   39   42   44   46   48
    37.5-180.0 180.0   5.0 450.0                            LAT/LON1/LON2/DLON/H
   45   46   48   50   51   51   53   57   63   69   72   70   63   55   49   46
   47   50   53   57   60   63   65   67   68   68   68   68   67   67   68   70
   72   76   79   83   87   91   95   96   96   95   96   98  100  100  100   99
  100  101  100   95   85   74   65   59   55   52   49   46   43   41   40   39
   37   36   36   38   40   43   44   44   45
    35.0-180.0 180.0   5.0 450.0                            LAT/LON1/LON2/DLON/H
   42   42   43   45   45   45   46   50   57   65   71   71   67   60   55   53
   54   56   60   63   66   69   71   72   72   72   72   71   71   71   71   74
   78   83   88   93   98  102  106  107  106  104  104  105  107  107  106  105
  105  106  104   98   88   77   67   61   58   54   50   47   44   43   43   42
   41   40   39   40   41   43   43   42   42
    32.5-180.0 180.0   5.0 450.0                            LAT/LON1/LON2/DLON/H
   38   38   39   41   41   40   40   43   50   59   66   69   68   64   60   59
   59   61   63   66   69   72   74   74   74   74   75   75   76   76   78   82
   88   95  100  105  109  114  117  117  115  112  111  112  114  113  111  108
  107  107  105   98   88   77   68   63   60   57   53   48   46   45   46   47
   46   44   42   41   42   42   41   40   38
    30.0-180.0 180.0   5.0 450.0                            LAT/LON1/LON2/DLON/H
   36   36   37   38   38   37   35   37   43   52   60   65   66   65   63   62
   62   63   65   67   70   72   73   74   74   75   77   79   81   83   87   94
  103  111  116  120  122  125  126  126  123  120  118  119  120  118  114  110
  108  106  103   97   86   76   70   66   64   61   57   52   49   49   51   52
   52   49   46   44   42   41   40   37   36
    27.5-180.0 180.0   5.0 450.0                            LAT/LON1/LON2/DLON/H
   34   35   37   39   39   36   34   34   38   45   53   59   62   63   63   63
   63   63   64   65   68   70   71   72   73   75   79   83   87   92   99  109
  120  129  134  135  135  135  135  134  131  128  126  127  127  124  118  112
  108  106  102   95   86   77   72   71   70   67   62   57   54   54   56   58
   58   55   51   47   43   41   39   36   34
    25.0-180.0 180.0   5.0 450.0                            LAT/LON1/LON2/DLON/H
   35   36   39   41   42   39   35   34   35   40   47   52   57   60   62   62
   62   61   61   62   64   67   69   70   72   75   80   86   93  101  111  124
  138  149  153  151  147  144  143  142  139  136  135  135  135  130  123  115
  110  107  103   96   87   80   77   77   77   74   69   63   59   59   62   64
   65   62   57   51   46   42   39   36   35
    22.5-180.0 180.0   5.0 450.0                            LAT/LON1/LON2/DLON/H
   37   39   42   45   46   43   39   36   35   38   42   46   51   55   58   59
   59   58   57   58   60   63   66   68   70   74   80   88   98  109  123  139
  155  166  169  164  157  153  151  150  148  147  146  146  145  140  130  121
  115  111  107  100   92   86   84   85   85   82   76   69   64   64   66   70
   71   68   62   55   49   44   40   38   37
    20.0-180.0 180.0   5.0 450.0                            LAT/LON1/LON2/DLON/H
   40   42   46   49   50   48   44   39   37   37   39   42   45   49   53   54
   54   53   52   54   57   61   65   67   70   74   81   90  102  116  133  151
  169  180  181  175  166  160  159  159  159  159  159  160  158  152  141  131
  124  120  115  108  100   95   94   95   94   90   83   75   69   68   70   73
   75   73   67   60   53   47   43   41   40
    17.5-180.0 180.0   5.0 450.0                            LAT/LON1/LON2/DLON/H
   44   46   49   52   53   51   47   43   40   38   38   39   41   44   47   49
   48   47   48   50   55   60   64   68   71   75   82   92  105  122  140  160
  177  188  188  182  173  167  167  169  171  172  174  176  174  166  155  144
  137  132  127  119  111  106  105  105  103   97   89   80   73   71   72   75
   77   76   71   64   57   51   47   45   44
    15.0-180.0 180.0   5.0 450.0                            LAT/LON1/LON2/DLON/H
   47   48   50   53   54   52   49   45   42   39   37   37   38   40   43   43
   43   42   44   48   54   60   66   70   73   77   84   95  109  126  146  165
  181  190  191  185  178  174  176  180  183  187  190  192  190  182  170  159
  151  146  140  132  124  119  117  115  111  104   94   84   76   73   73   75
   77   77   73   67   61   56   52   49   47
    12.5-180.0 180.0   5.0 450.0                            LAT/LON1/LON2/DLON/H
   49   48   49   51   51   50   47   44   42   39   37   36   36   37   39   39
   38   38   41   47   54   62   69   74   77   81   88   99  113  131  150  167
  180  188  189  185  182  181  185  191  196  200  204  206  204  197  185  174
  166  159  153  145  137  132  129  126  120  110   99   88   80   75   73   75
   76   75   73   68   64   59   56   52   49
    10.0-180.0 180.0   5.0 450.0                            LAT/LON1/LON2/DLON/H
   50   47   47   47   46   45   43   41   39   38   36   35   35   35   35   35
   34   35   39   47   56   65   73   79   83   88   94  104  119  136  153  166
  177  183  184  184  185  188  194  200  206  210  214  217  215  208  197  186
  177  171  163  155  149  144  141  136  128  117  105   94   85   79   75   74
   74   73   71   68   65   63   59   54   50
     7.5-180.0 180.0   5.0 450.0                            LAT/LON1/LON2/DLON/H
   49   45   43   42   40   38   36   35   35   35   34   34   33   34   33   31
   30   32   38   48   59   69   78   85   90   95  101  111  125  141  155  166
  172  177  180  183  188  194  202  208  213  216  220  222  221  214  204  193
  185  178  171  164  158  154  151  146  136  125  113  102   92   85   80   77
   74   72   70   68   66   65   61   55   49
     5.0-180.0 180.0   5.0 450.0                            LAT/LON1/LON2/DLON/H
   49   43   40   37   35   32   29   28   29   30   31   31   32   32   31   29
   28   30   38   49   62   74   84   92   98  103  110  119  132  146  158  165
  169  172  177  183  191  200  207  212  215  217  220  222  221  214  205  196
  189  182  175  169  165  163  160  155  145  133  122  112  102   94   87   82
   77   73   69   68   67   66   63   56   49
     2.5-180.0 180.0   5.0 450.0                            LAT/LON1/LON2/DLON/H
   49   43   38   35   31   27   24   23   23   25   26   28   29   30   29   27
   26   29   39   52   66   79   89   98  105  111  117  126  138  150  159  165
  167  170  176  184  195  204  210  213  213  213  215  216  215  210  202  195
  188  182  176  172  169  169  168  162  153  143  133  123  115  106   98   90
   83   76   71   69   68   68   64   57   49
