70_EGNOS_Project/files/CODG0190.19I
     1.0            IONOSPHERE MAPS     GNSS                IONEX VERSION / TYPE
ADDNEQ2 V5.3        AIUB                23-JAN-19 20:13     PGM / RUN BY / DATE 
CODE'S GLOBAL IONOSPHERE MAPS FOR DAY 019, 2019             COMMENT             
Global ionosphere maps (GIM) are generated on a daily basis DESCRIPTION         
at CODE using data from about 300 GNSS sites of the IGS and DESCRIPTION         
other institutions. The vertical total electron content     DESCRIPTION         
(VTEC) is modeled in a solar-geomagnetic reference frame    DESCRIPTION         
using a spherical harmonics expansion up to degree and      DESCRIPTION         
order 15. Piece-wise linear functions are used for          DESCRIPTION         
representation in the time domain. The time spacing of      DESCRIPTION         
their vertices is 1 hour, conforming with the epochs of the DESCRIPTION         
VTEC maps.                                                  DESCRIPTION         
To convert line-of-sight TEC into vertical TEC, a modified  DESCRIPTION         
single-layer model mapping function approximating the JPL   DESCRIPTION         
extended slab model mapping function is adopted. The        DESCRIPTION         
mapping function is evaluated at geodetic satellite         DESCRIPTION         
elevation angles. For the computation of the ionospheric    DESCRIPTION         
pierce points, a spherical layer with a radius of 6821 km   DESCRIPTION         
is assumed, implying geocentric, not geodetic IONEX         DESCRIPTION         
latitudes.                                                  DESCRIPTION         
Instrumental biases with respect to each involved GNSS code DESCRIPTION         
observable are estimated as constant values for each        DESCRIPTION         
day. They are modeled with one set of bias parameters for   DESCRIPTION         
each satellite and each station in case of GPS and for each DESCRIPTION         
satellite-station link in case of GLONASS. The code bias    DESCRIPTION         
datum is defined by zero-mean conditions imposed on the     DESCRIPTION         
satellite bias estimates. In this file, just GPS C1W-C2W    DESCRIPTION         
satellite and station bias values are included. The         DESCRIPTION         
complete set of GNSS code bias results is provided in an    DESCRIPTION         
additional Bias-SINEX file as pseudo-absolute values        DESCRIPTION         
specific to each observable.                                DESCRIPTION         
Note: These GIM results correspond to the results for the   DESCRIPTION         
middle day of a 3-day combination analysis solving for 73   DESCRIPTION         
times 256, or 18688 VTEC parameters and 3 daily sets of     DESCRIPTION         
GNSS code bias parameters.                                  DESCRIPTION         
Contact address: code(at)aiub.unibe.ch                      DESCRIPTION         
Data archive:    ftp.aiub.unibe.ch/CODE/                    DESCRIPTION         
                 www.aiub.unibe.ch/download/CODE/           DESCRIPTION         
  2019     1    19     0     0     0                        EPOCH OF FIRST MAP  
  2019     1    20     0     0     0                        EPOCH OF LAST MAP   
  3600                                                      INTERVAL            
[...]
coco cord cpvg cpxf cro1 daej darw dav1 dgar drao dubo ebre COMMENT             
faa1 fair flin flrs frdn ftna func ganp glps glsv gmsd gode COMMENT             
godz gol2 gope gras graz guam guug harb hers hert hlfx hnlc COMMENT             
hnpt hob2 hofn holb hrao hyde iddr ieng iisc ineg iqal irkj COMMENT             
isba jog2 joz2 joze karr kerg kir0 kiru kit3 kokb kokv kouc COMMENT             
koug kour krgg lama laut lhaz lmmf lpal lpgs m0se mac1 madr COMMENT             
mag0 maju mana mas1 mat1 mate maui maw1 mcm4 mdo1 mdvj medi COMMENT             
mets mgue mizu mkea mnls mobj mobk mobs morp mqzg mro1 mtka COMMENT             
nain nano naur nico nist nium nklg nnor not1 nrc1 nril nrmd COMMENT             
ntus nya1 nyal ohi2 ohi3 onsa opmt ous2 pado park pbri pdel COMMENT             
penc pert pfa2 pie1 pimo pohn pol2 polv pots pove prds ptag COMMENT             
ptbb qaq1 quin rabt ramo rbay reun reyk rgdg rio2 riop roth COMMENT             
salu samo sant savo sch2 scor scrz sctb seyg shao sofi spt0 COMMENT             
sthl stjo stk2 str2 suth sutm suwn sydn syog tabl tabv tash COMMENT             
thtg thti thu2 thu3 tid1 tixg tixi tlse tn22 tnml tong tow2 COMMENT             
tro1 tsea tskb twtf txes uclu ufpr ulab unb3 unbj unbn untr COMMENT             
urum usn7 vald vill voim vtsp wab1 wab2 wark wes2 wgtn whit COMMENT             
will wind wsrt wtza wtzr wtzs wtzz xmis yakt yar2 yar3 yarr COMMENT             
ycba yell yssk zeck zim2 zim3 zimj zimm                     COMMENT             
                                                            END OF HEADER       
[from data line 4290]
    11                                                      START OF TEC MAP    
  2019     1    19    10     0     0                        EPOCH OF CURRENT MAP
    87.5-180.0 180.0   5.0 450.0                            LAT/LON1/LON2/DLON/H
   19   19   19   19   19   19   19   19   19   19   18   18   18   18   18   17
   17   17   17   17   16   16   16   16   16   16   16   16   16   16   16   16
   16   16   16   16   16   16   16   16   16   16   16   16   16   17   17   17
   17   17   17   17   17   17   17   17   18   18   18   18   18   18   18   19
   19   19   19   19   19   19   19   19   19
    85.0-180.0 180.0   5.0 450.0                            LAT/LON1/LON2/DLON/H
   20   20   20   20   20   20   20   19   19   18   18   17   17   16   16   15
   15   14   14   13   13   13   13   12   12   12   13   13   13   13   13   13
   14   14   14   14   14   14   14   14   14   14   14   14   14   15   15   15
   15   15   15   15   15   15   15   15   16   16   16   16   16   17   17   17
   18   18   18   19   19   19   19   20   20
    82.5-180.0 180.0   5.0 450.0                            LAT/LON1/LON2/DLON/H
   19   19   20   20   20   20   20   19   18   18   17   16   15   14   13   12
   11   10   10    9    9    8    8    8    8    9    9    9   10   10   11   11
   12   12   12   13   13   13   13   13   13   13   13   12   12   12   12   12
   12   12   12   13   13   13   13   13   13   13   13   13   14   14   14   14
   15   15   16   16   17   17   18   19   19
    80.0-180.0 180.0   5.0 450.0                            LAT/LON1/LON2/DLON/H
   17   18   18   19   19   19   19   18   18   17   16   14   13   11   10    9
    8    7    6    5    5    4    4    4    5    5    6    6    7    8    9   10
   10   11   11   12   12   12   12   12   12   11   11   11   11   11   11   11
   11   11   11   11   11   11   11   11   10   10   10   10   10   10   10   11
   11   11   12   13   13   14   15   16   17
    77.5-180.0 180.0   5.0 450.0                            LAT/LON1/LON2/DLON/H
   14   15   16   17   18   18   18   18   17   16   14   13   11    9    8    6
    5    4    3    3    2    2    2    2    2    3    4    5    6    7    8    9
   10   11   12   12   12   12   12   12   11   11   11   11   11   11   11   11
   11   11   11   11   11   10   10    9    9    8    8    8    7    7    7    7
    7    7    8    8    9   10   11   13   14
    75.0-180.0 180.0   5.0 450.0                            LAT/LON1/LON2/DLON/H
   11   12   14   15   16   17   17   17   16   15   13   12   10    8    7    5
    4    3    3    2    2    1    1    1    2    2    3    4    5    6    7    9
   10   11   12   13   13   13   13   12   12   12   12   12   12   12   13   13
   14   14   14   13   13   12   11   10    9    8    7    6    5    5    4    4
    4    4    4    5    5    6    8    9   11
    72.5-180.0 180.0   5.0 450.0                            LAT/LON1/LON2/DLON/H
    8   10   12   13   15   15   16   16   15   14   12   11    9    8    7    6
    5    5    4    4    4    3    3    2    2    2    3    3    4    6    8    9
   11   12   13   14   14   14   14   14   13   13   14   14   15   16   17   18
   18   18   18   17   16   15   13   11    9    8    7    6    5    4    4    3
    3    3    2    2    3    4    5    6    8
    70.0-180.0 180.0   5.0 450.0                            LAT/LON1/LON2/DLON/H
    6    8   10   12   13   14   15   15   14   13   12   11    9    8    8    8
    7    7    7    7    7    6    6    5    4    3    3    4    5    6    8   10
   12   13   15   15   16   16   16   15   16   16   17   18   20   21   23   24
   24   24   24   23   21   18   16   13   11    9    7    6    6    5    5    4
    4    3    3    2    2    3    4    5    6
    67.5-180.0 180.0   5.0 450.0                            LAT/LON1/LON2/DLON/H
    7    8    9   11   12   13   13   14   13   12   12   11   10   10   10   10
   11   11   11   11   11   10    8    7    5    4    4    4    5    6    8   11
   13   15   16   17   17   17   18   18   19   20   22   24   26   28   29   31
   31   31   30   28   25   22   18   15   12   10    8    8    7    7    7    7
    7    6    5    4    4    4    5    6    7
    65.0-180.0 180.0   5.0 450.0                            LAT/LON1/LON2/DLON/H
    9   10   11   11   12   13   13   13   13   12   11   11   11   11   12   12
   13   14   15   14   13   12   10    8    6    5    4    4    5    7    9   12
   14   16   18   19   19   20   20   21   22   24   27   30   32   34   36   37
   37   37   35   32   29   25   20   16   13   11    9    9   10   10   11   11
   10   10    9    8    8    7    8    8    9
    62.5-180.0 180.0   5.0 450.0                            LAT/LON1/LON2/DLON/H
   14   14   14   13   13   13   13   13   13   12   12   11   11   12   13   14
   16   16   16   16   14   13   11    8    6    5    4    4    5    8   10   14
   16   19   20   21   22   22   23   24   27   29   33   36   39   41   42   42
   42   41   39   35   31   27   22   17   14   12   11   11   12   13   14   15
   14   14   13   12   12   12   13   13   14
    60.0-180.0 180.0   5.0 450.0                            LAT/LON1/LON2/DLON/H
   19   19   18   17   16   16   15   15   14   14   13   12   12   13   14   15
   16   17   16   15   13   11    9    7    6    5    4    5    7    9   13   16
   19   22   24   25   25   26   27   28   31   35   39   42   45   46   47   46
   45   43   41   38   34   29   24   19   16   13   12   13   14   16   17   18
   18   17   16   16   17   17   18   19   19
    57.5-180.0 180.0   5.0 450.0                            LAT/LON1/LON2/DLON/H
   26   25   24   22   21   20   19   19   18   16   15   14   14   14   15   16
   16   16   15   13   11    9    8    6    5    5    5    6    9   12   16   20
   23   26   28   29   29   30   31   33   37   41   45   49   51   51   50   49
   47   45   42   40   36   32   27   22   19   16   15   16   17   19   20   20
   20   19   19   19   20   22   24   26   26
    55.0-180.0 180.0   5.0 450.0                            LAT/LON1/LON2/DLON/H
   33   32   30   28   27   26   25   24   23   21   19   17   15   15   15   16
   16   15   13   11    9    7    6    6    6    6    7    9   12   16   20   24
   28   31   33   34   34   35   37   40   43   48   52   55   57   56   54   51
   48   46   45   43   40   36   32   28   24   21   20   20   21   21   22   21
   21   20   20   21   23   26   29   32   33
    52.5-180.0 180.0   5.0 450.0                            LAT/LON1/LON2/DLON/H
   38   38   36   35   33   33   32   32   30   28   24   21   18   16   16   16
   15   14   12   10    8    7    7    8    8    9   11   13   16   20   25   29
   33   36   38   40   41   42   44   47   51   56   60   62   62   60   57   54
   51   49   48   47   46   44   40   36   32   29   27   25   25   24   24   22
   21   20   20   22   25   29   33   37   38
    50.0-180.0 180.0   5.0 450.0                            LAT/LON1/LON2/DLON/H
   42   43   42   40   40   40   41   41   40   36   31   26   22   19   18   17
   16   15   13   11   10   10   11   12   14   15   17   19   22   26   30   34
   38   41   44   46   47   49   52   55   59   63   67   69   68   65   61   57
   55   54   54   55   55   53   51   47   42   38   35   32   30   28   26   24
   22   21   21   22   26   31   36   40   42
    47.5-180.0 180.0   5.0 450.0                            LAT/LON1/LON2/DLON/H
   44   45   45   45   46   47   49   50   49   46   40   33   27   23   21   20
   20   19   18   16   16   17   18   20   22   23   25   27   29   32   36   40
   43   46   49   52   55   57   60   64   68   72   75   76   74   71   66   63
   61   61   62   64   65   65   62   59   54   49   44   39   35   32   29   26
   23   22   22   23   27   32   37   41   44
    45.0-180.0 180.0   5.0 450.0                            LAT/LON1/LON2/DLON/H
   44   46   47   47   50   53   56   59   58   55   49   41   34   29   26   25
   26   26   26   25   25   27   28   30   32   33   34   35   37   39   42   45
   48   51   55   58   62   66   69   72   76   80   82   82   81   77   73   70
   69   70   72   75   76   76   74   70   65   59   53   47   41   36   32   29
   26   24   24   25   27   32   37   41   44
    42.5-180.0 180.0   5.0 450.0                            LAT/LON1/LON2/DLON/H
   43   45   46   48   51   56   61   64   65   63   58   50   42   36   33   33
   34   35   36   37   38   39   40   42   43   43   44   44   46   47   49   51
   53   56   60   65   70   74   78   81   84   87   88   88   86   83   80   77
   77   79   82   85   87   87   85   81   75   68   61   54   47   42   37   33
   30   28   27   27   28   32   36   40   43
    40.0-180.0 180.0   5.0 450.0                            LAT/LON1/LON2/DLON/H
   40   42   43   46   50   56   61   67   69   69   65   59   51   45   41   41
   44   47   49   50   50   51   52   52   53   53   53   54   54   55   56   57
   58   61   65   71   77   82   86   89   91   93   94   94   92   89   87   86
   86   88   91   93   95   95   93   89   83   76   68   60   53   47   42   38
   35   33   30   29   29   31   34   37   40
    37.5-180.0 180.0   5.0 450.0                            LAT/LON1/LON2/DLON/H
   37   38   40   42   47   52   59   65   70   72   71   66   59   53   50   51
   54   58   61   62   62   61   61   60   60   60   61   62   62   63   63   63
   64   67   71   77   84   90   94   96   97   98   99   98   97   95   93   93
   94   96   98   99  100  101   99   95   89   82   74   66   59   52   47   43
   40   37   34   31   30   31   32   35   37
    35.0-180.0 180.0   5.0 450.0                            LAT/LON1/LON2/DLON/H
   34   35   36   39   42   47   53   60   66   71   73   70   65   60   58   59
   63   68   71   71   70   68   66   65   65   65   67   68   69   70   70   70
   71   74   78   85   91   97  101  102  102  103  103  103  102  101  101  101
  101  102  102  102  103  103  102   99   93   86   78   71   64   58   52   48
   45   41   37   33   31   30   31   33   34
    32.5-180.0 180.0   5.0 450.0                            LAT/LON1/LON2/DLON/H
   32   33   33   35   38   42   47   53   60   67   72   72   69   65   63   65
   70   75   77   76   74   71   67   65   65   67   70   73   74   75   76   77
   79   82   87   93   99  104  107  108  107  107  107  108  108  108  108  108
  108  106  105  104  104  104  104  102   97   90   83   76   69   63   58   53
   49   45   40   35   31   30   30   31   32
    30.0-180.0 180.0   5.0 450.0                            LAT/LON1/LON2/DLON/H
   32   32   32   33   35   37   40   45   52   60   67   71   70   67   66   68
   73   77   78   76   72   68   64   62   63   66   70   74   77   79   81   84
   87   91   96  102  108  112  113  113  112  112  113  114  116  117  117  117
  114  111  107  104  104  105  106  104  100   94   88   81   75   69   63   58
   53   48   42   37   33   31   31   32   32
    27.5-180.0 180.0   5.0 450.0                            LAT/LON1/LON2/DLON/H
   34   33   33   34   35   35   36   39   44   53   61   67   67   66   65   68
   72   75   74   71   66   62   58   56   57   61   67   73   77   81   85   90
   96  101  107  112  117  119  119  118  117  118  120  123  126  128  128  126
  122  116  109  105  104  106  108  108  105  100   94   88   81   75   69   63
   57   51   45   39   35   33   33   34   34
    25.0-180.0 180.0   5.0 450.0                            LAT/LON1/LON2/DLON/H
   37   36   36   36   36   36   35   35   39   46   55   61   63   62   62   64
   67   69   67   62   57   53   50   48   50   55   63   69   75   81   88   96
  104  112  118  123  126  127  126  124  124  126  130  135  139  141  141  138
  131  123  114  108  107  110  113  113  111  106  101   95   89   82   75   68
   62   55   48   43   39   38   38   38   37
    22.5-180.0 180.0   5.0 450.0                            LAT/LON1/LON2/DLON/H
   41   40   40   40   40   39   37   35   37   42   49   54   57   57   57   59
   61   60   57   52   47   44   42   41   43   49   57   64   72   80   89  101
  112  122  129  133  135  135  133  131  132  136  142  149  154  156  155  150
  142  131  121  114  113  115  119  120  118  115  110  104   98   90   82   74
   67   60   53   48   45   44   44   43   41
    20.0-180.0 180.0   5.0 450.0                            LAT/LON1/LON2/DLON/H
   46   44   43   44   45   44   42   39   38   40   45   49   51   51   52   53
   54   52   47   41   37   36   35   36   38   43   50   59   68   78   90  105
  119  131  138  143  144  143  141  140  142  147  155  163  169  171  169  164
  154  142  130  123  120  122  126  128  127  124  120  114  107   99   90   81
   74   66   60   55   53   52   51   49   46
    17.5-180.0 180.0   5.0 450.0                            LAT/LON1/LON2/DLON/H
   50   47   46   48   49   49   47   44   41   41   44   46   47   47   47   48
   48   44   38   33   31   31   32   32   34   38   45   55   65   77   92  108
  125  138  146  150  152  151  149  149  152  160  169  178  183  185  182  176
  166  153  141  133  129  131  134  136  136  134  131  125  118  108   99   89
   81   73   67   63   61   60   58   54   50
    15.0-180.0 180.0   5.0 450.0                            LAT/LON1/LON2/DLON/H
   53   49   48   49   51   53   52   49   46   44   45   45   45   45   45   46
   44   40   34   29   28   30   31   31   32   35   42   52   63   77   93  111
  129  142  151  156  157  157  157  158  163  172  181  190  195  195  192  185
  175  164  152  143  139  140  143  145  146  144  142  136  128  118  107   97
   88   80   74   70   68   66   63   58   53
    12.5-180.0 180.0   5.0 450.0                            LAT/LON1/LON2/DLON/H
   54   49   48   48   51   53   54   53   50   48   47   46   46   45   45   45
   43   39   32   28   29   31   33   33   32   34   41   51   64   79   96  114
  131  144  153  158  161  163  164  167  173  182  191  199  202  201  197  191
  182  172  162  153  149  148  151  153  155  154  152  147  138  127  116  105
   95   87   80   75   73   71   67   61   54
    10.0-180.0 180.0   5.0 450.0                            LAT/LON1/LON2/DLON/H
   54   49   46   46   47   50   52   53   52   50   49   48   47   47   47   47
   45   40   34   31   32   35   37   35   34   36   42   53   67   82   99  116
  131  144  152  159  163  167  170  174  181  190  198  204  205  203  199  193
  186  178  169  161  157  156  158  160  162  163  161  156  147  136  124  112
  101   91   83   79   76   74   69   61   54
     7.5-180.0 180.0   5.0 450.0                            LAT/LON1/LON2/DLON/H
   54   48   44   42   42   43   47   50   51   50   50   49   49   48   48   48
   47   43   38   36   37   40   40   38   36   38   45   57   71   86  101  117
  130  141  150  157  163  169  174  180  187  195  201  205  205  201  197  192
  187  181  174  167  163  162  163  166  168  169  168  163  154  143  130  117
  105   94   85   80   77   74   69   61   54
     5.0-180.0 180.0   5.0 450.0                            LAT/LON1/LON2/DLON/H
   53   48   43   39   36   36   39   44   47   48   48   48   49   48   49   49
   48   45   42   40   41   43   43   40   38   41   49   61   75   89  103  116
  128  137  146  154  162  169  176  183  190  197  201  203  202  198  193  189
  185  181  176  171  167  166  167  169  172  173  172  168  159  147  134  121
  108   95   85   79   76   73   68   60   53
     2.5-180.0 180.0   5.0 450.0                            LAT/LON1/LON2/DLON/H
   54   49   44   38   32   30   32   37   41   44   45   46   46   47   47   47
   47   45   44   43   44   45   44   41   40   44   53   65   79   92  104  115
  124  133  142  151  160  168  176  183  190  196  199  200  198  194  189  185
  181  179  175  171  168  167  168  170  172  173  173  169  161  150  137  123
  109   96   85   78   75   72   67   60   54
