70_EGNOS_Project/files/CODG0200.19I
     1.0            IONOSPHERE MAPS     GNSS                IONEX VERSION / TYPE
ADDNEQ2 V5.3        AIUB                24-JAN-19 22:15     PGM / RUN BY / DATE 
CODE'S GLOBAL IONOSPHERE MAPS FOR DAY 020, 2019             COMMENT             
Global ionosphere maps (GIM) are generated on a daily basis DESCRIPTION         
at CODE using data from about 300 GNSS sites of the IGS and DESCRIPTION         
other institutions. The vertical total electron content     DESCRIPTION         
(VTEC) is modeled in a solar-geomagnetic reference frame    DESCRIPTION         
using a spherical harmonics expansion up to degree and      DESCRIPTION         
order 15. Piece-wise linear functions are used for          DESCRIPTION         
representation in the time domain. The time spacing of      DESCRIPTION         
their vertices is 1 hour, conforming with the epochs of the DESCRIPTION         
VTEC maps.                                                  DESCRIPTION         
To convert line-of-sight TEC into vertical TEC, a modified  DESCRIPTION         
single-layer model mapping function approximating the JPL   DESCRIPTION         
extended slab model mapping function is adopted. The        DESCRIPTION         
mapping function is evaluated at geodetic satellite         DESCRIPTION         
elevation angles. For the computation of the ionospheric    DESCRIPTION         
pierce points, a spherical layer with a radius of 6821 km   DESCRIPTION         
is assumed, implying geocentric, not geodetic IONEX         DESCRIPTION         
latitudes.                                                  DESCRIPTION         
Instrumental biases with respect to each involved GNSS code DESCRIPTION         
observable are estimated as constant values for each        DESCRIPTION         
day. They are modeled with one set of bias parameters for   DESCRIPTION         
each satellite and each station in case of GPS and for each DESCRIPTION         
satellite-station link in case of GLONASS. The code bias    DESCRIPTION         
datum is defined by zero-mean conditions imposed on the     DESCRIPTION         
satellite bias estimates. In this file, just GPS C1W-C2W    DESCRIPTION         
satellite and station bias values are included. The         DESCRIPTION         
complete set of GNSS code bias results is provided in an    DESCRIPTION         
additional Bias-SINEX file as pseudo-absolute values        DESCRIPTION         
specific to each observable.                                DESCRIPTION         
Note: These GIM results correspond to the results for the   DESCRIPTION         
middle day of a 3-day combination analysis solving for 73   DESCRIPTION         
times 256, or 18688 VTEC parameters and 3 daily sets of     DESCRIPTION         
GNSS code bias parameters.                                  DESCRIPTION         
Contact address: code(at)aiub.unibe.ch                      DESCRIPTION         
Data archive:    ftp.aiub.unibe.ch/CODE/                    DESCRIPTION         
                 www.aiub.unibe.ch/download/CODE/           DESCRIPTION         
  2019     1    20     0     0     0                        EPOCH OF FIRST MAP  
  2019     1    21     0     0     0                        EPOCH OF LAST MAP   
  3600                                                      INTERVAL            
[...]
chti chur coco cord cpvg cpxf cro1 daej darw dav1 dgar drao COMMENT             
dubo ebre faa1 fair flin flrs frdn ftna func ganp glps glsv COMMENT             
gmsd gode godz gol2 gope gras graz guam guug harb hers hert COMMENT             
hlfx hnlc hnpt hob2 hofn holb hrao hyde iddr ieng iisc impz COMMENT             
ineg iqal irkj isba jog2 joz2 joze karr kerg kir0 kiru kit3 COMMENT             
kokb kokv kouc koug kour krgg lama laut lhaz lmmf lpal lpgs COMMENT             
m0se mac1 madr mag0 maju mana mas1 mat1 mate maui maw1 mcm4 COMMENT             
mdo1 mdvj medi mets mgue mizu mkea mnls mobj mobk mobs morp COMMENT             
mqzg mro1 mtka nain nano naur nico nist nium nklg nnor not1 COMMENT             
nrc1 nril nrmd ntus nya1 nyal ohi2 ohi3 onsa opmt ous2 pado COMMENT             
park pdel penc pert pfa2 pie1 pimo pohn pol2 polv pots pove COMMENT             
prds ptag ptbb qaq1 quin rabt ramo rbay reun reyk rgdg rio2 COMMENT             
riop roth salu samo sant savo sch2 scor scrz sctb seyg shao COMMENT             
sofi spt0 sthl stjo stk2 str2 suth sutm suwn sydn syog tabl COMMENT             
tabv tash thtg thti thu2 thu3 tid1 tidb tixg tixi tlse tn22 COMMENT             
tong tow2 tro1 tsea tskb twtf txes uclu ufpr ulab unb3 unbj COMMENT             
unbn untr urum usn7 vald vill voim vtsp wab1 wab2 wark wes2 COMMENT             
wgtn whit will wind wsrt wtza wtzr wtzs wtzz xmis yakt yar2 COMMENT             
yar3 yarr ycba yell yssk zeck zim2 zim3 zimj zimm           COMMENT             
                                                            END OF HEADER       
[from data line 8580]
    21                                                      START OF TEC MAP    
  2019     1    20    20     0     0                        EPOCH OF CURRENT MAP
    87.5-180.0 180.0   5.0 450.0                            LAT/LON1/LON2/DLON/H
   15   15   15   15   15   15   15   15   15   15   15   15   15   15   15   15
   15   15   15   15   14   14   14   14   13   13   13   13   13   12   12   12
   12   12   12   12   12   12   12   12   12   12   12   12   12   12   12   12
   13   13   13   13   13   13   13   13   14   14   14   14   14   14   14   14
   14   14   14   15   15   15   15   15   15
    85.0-180.0 180.0   5.0 450.0                            LAT/LON1/LON2/DLON/H
   15   15   16   16   16   16   17   17   17   17   18   18   18   18   18   18
   18   18   18   17   17   16   16   15   14   14   13   13   12   12   11   11
   11   11   11   11   11   11   11   11   11   11   11   12   12   12   12   12
   13   13   13   13   13   14   14   14   14   14   14   14   15   15   15   15
   15   15   15   15   15   15   15   15   15
    82.5-180.0 180.0   5.0 450.0                            LAT/LON1/LON2/DLON/H
   14   14   15   15   15   16   16   17   18   19   20   20   21   22   22   22
   22   22   22   21   20   19   18   17   16   15   14   13   12   11   11   11
   10   10   10   11   11   11   11   11   12   12   12   12   13   13   13   13
   13   14   14   14   14   14   14   14   14   14   14   14   14   14   14   14
   14   14   14   14   14   14   14   14   14
    80.0-180.0 180.0   5.0 450.0                            LAT/LON1/LON2/DLON/H
   12   12   12   13   13   14   15   16   18   19   21   22   24   25   26   27
   27   27   27   26   25   23   21   20   18   16   15   13   12   11   11   11
   11   11   11   12   12   12   13   13   13   13   13   13   14   14   14   14
   14   14   14   15   15   15   15   14   14   14   14   14   13   13   13   13
   13   13   13   13   13   13   12   12   12
    77.5-180.0 180.0   5.0 450.0                            LAT/LON1/LON2/DLON/H
   10    9    9   10   10   11   13   14   17   19   22   24   27   29   30   32
   32   32   32   31   29   27   25   22   20   17   15   14   12   11   11   11
   11   12   12   13   14   14   14   15   15   14   14   14   14   14   14   14
   14   14   15   15   15   15   14   14   13   13   12   11   11   11   11   11
   11   11   11   11   11   10   10   10   10
    75.0-180.0 180.0   5.0 450.0                            LAT/LON1/LON2/DLON/H
    8    7    7    7    8    9   11   13   16   19   22   26   29   32   34   36
   37   37   36   34   32   30   27   24   21   18   15   13   12   11   11   11
   11   12   13   14   15   15   15   15   15   14   14   13   12   12   12   12
   13   13   14   14   14   14   13   13   12   11   10    9    8    8    8    8
    8    8    9    9    9    9    9    8    8
    72.5-180.0 180.0   5.0 450.0                            LAT/LON1/LON2/DLON/H
    8    7    7    7    8    9   11   13   16   20   24   28   31   34   37   39
   40   40   39   37   35   32   28   25   22   18   16   13   12   10   10   10
   11   11   12   13   14   14   14   14   13   12   11   10    9    9    9   10
   11   12   12   13   13   13   13   12   10    9    8    7    6    6    6    6
    7    7    8    8    9    9    9    8    8
    70.0-180.0 180.0   5.0 450.0                            LAT/LON1/LON2/DLON/H
   10   10   10   10   10   11   13   16   19   22   26   30   34   37   39   41
   41   41   40   38   36   33   29   26   22   19   16   13   11   10    9    9
    9    9   10   10   11   11   10   10    9    8    6    5    5    5    5    6
    8    9   11   12   13   13   12   11    9    8    6    6    5    5    6    6
    7    8    9   10   10   11   11   10   10
    67.5-180.0 180.0   5.0 450.0                            LAT/LON1/LON2/DLON/H
   15   15   15   16   16   17   19   21   24   27   30   34   37   40   41   42
   42   42   40   38   36   33   30   26   23   20   17   14   12   10    9    8
    7    6    6    6    6    6    5    5    4    3    2    1    0    0    1    3
    5    7   10   11   12   12   12   11    9    8    7    7    7    7    8    9
   11   12   12   13   14   14   14   15   15
    65.0-180.0 180.0   5.0 450.0                            LAT/LON1/LON2/DLON/H
   21   22   23   24   25   26   27   28   31   33   36   39   41   43   44   44
   44   42   41   38   36   33   31   28   25   22   19   16   14   11    9    7
    5    3    2    1    0    0    0    0    0    0    0    0    0    0    0    2
    4    7    9   11   13   13   12   11   10    9    9   10   11   12   14   15
   17   17   18   18   19   19   20   21   21
    62.5-180.0 180.0   5.0 450.0                            LAT/LON1/LON2/DLON/H
   29   31   33   34   35   36   37   38   39   41   42   44   46   47   47   47
   45   44   42   40   37   35   33   30   28   26   23   20   17   14   11    7
    4    1    0    0    0    0    0    0    0    0    0    0    0    0    1    3
    6    9   11   13   14   14   14   13   12   12   13   15   17   20   22   24
   25   25   25   24   24   24   25   27   29
    60.0-180.0 180.0   5.0 450.0                            LAT/LON1/LON2/DLON/H
   36   39   42   44   46   47   47   48   48   48   49   50   51   51   51   50
   49   47   44   42   40   38   36   34   32   30   28   25   22   18   14    9
    5    1    0    0    0    0    0    0    0    1    2    3    4    5    7    9
   11   14   16   17   17   17   16   15   15   16   18   21   25   28   31   33
   33   33   31   30   29   29   30   33   36
    57.5-180.0 180.0   5.0 450.0                            LAT/LON1/LON2/DLON/H
   42   46   51   54   56   57   58   57   57   56   56   56   55   55   55   54
   53   51   49   46   44   42   40   38   37   35   33   30   27   23   18   13
    8    3    0    0    0    0    1    3    6    8   10   12   13   15   17   18
   20   21   23   23   22   21   19   18   18   20   23   27   32   36   39   40
   40   39   37   35   33   33   34   37   42
    55.0-180.0 180.0   5.0 450.0                            LAT/LON1/LON2/DLON/H
   46   52   58   63   66   67   67   66   65   64   62   61   60   60   59   59
   58   56   54   51   49   46   44   43   42   40   38   36   32   28   23   18
   13    8    5    3    4    6    9   13   16   19   21   23   26   27   29   30
   31   31   31   31   29   26   24   22   22   23   27   32   37   42   45   45
   44   42   39   37   35   35   37   41   46
    52.5-180.0 180.0   5.0 450.0                            LAT/LON1/LON2/DLON/H
   49   56   63   69   73   75   75   75   73   71   69   67   65   64   63   63
   62   61   59   56   54   51   49   48   47   46   44   41   37   33   28   23
   19   15   12   12   14   17   21   25   28   31   34   36   39   41   42   43
   43   42   41   39   36   32   29   26   25   27   30   35   40   44   47   47
   45   42   39   37   36   36   39   43   49
    50.0-180.0 180.0   5.0 450.0                            LAT/LON1/LON2/DLON/H
   52   60   68   74   79   82   83   82   81   79   76   73   70   68   67   67
   66   66   64   61   59   56   55   54   53   51   49   45   41   37   32   28
   25   22   21   23   26   30   34   37   40   42   45   48   52   54   55   55
   54   53   51   48   44   39   34   30   29   29   33   37   41   44   45   44
   42   40   37   35   35   36   40   45   52
    47.5-180.0 180.0   5.0 450.0                            LAT/LON1/LON2/DLON/H
   54   62   70   78   83   87   89   89   89   87   83   79   75   72   70   70
   69   69   68   66   64   62   61   60   59   57   54   49   44   39   35   32
   30   29   30   33   37   42   46   48   50   52   55   58   62   65   66   65
   63   61   59   55   51   45   39   35   32   32   34   37   40   42   42   40
   37   35   33   33   34   36   41   46   54
    45.0-180.0 180.0   5.0 450.0                            LAT/LON1/LON2/DLON/H
   55   64   72   80   86   90   93   95   96   95   91   86   81   76   73   72
   72   71   71   70   69   68   67   67   66   64   60   54   47   41   37   34
   33   34   37   42   47   52   55   57   57   59   61   66   70   73   73   72
   70   67   64   61   56   50   44   38   35   35   36   37   39   39   37   35
   32   30   29   30   33   37   42   48   55
    42.5-180.0 180.0   5.0 450.0                            LAT/LON1/LON2/DLON/H
   57   65   73   81   87   92   96  100  102  102   99   94   88   82   77   75
   74   74   74   75   75   75   76   76   74   71   66   59   50   43   38   35
   36   38   43   48   55   60   62   63   62   63   66   71   76   78   78   76
   73   69   66   63   58   53   47   42   38   37   37   38   38   37   34   31
   28   26   26   29   33   38   43   50   57
    40.0-180.0 180.0   5.0 450.0                            LAT/LON1/LON2/DLON/H
   59   67   74   80   86   91   96  102  106  108  106  101   94   87   82   79
   77   77   79   81   83   85   86   85   84   80   74   65   55   46   39   37
   38   41   47   53   60   65   67   66   65   66   69   75   80   82   81   77
   72   69   65   62   58   53   48   44   41   39   39   39   38   36   33   29
   26   25   25   28   33   39   45   52   59
    37.5-180.0 180.0   5.0 450.0                            LAT/LON1/LON2/DLON/H
   62   68   75   80   85   89   95  101  107  111  111  107  100   93   87   84
   82   83   85   88   92   95   96   96   93   89   82   72   61   50   43   40
   41   45   50   57   64   69   70   69   67   68   72   78   83   84   81   76
   70   65   62   59   56   52   48   44   42   41   41   41   40   38   35   31
   28   26   26   29   34   41   47   55   62
    35.0-180.0 180.0   5.0 450.0                            LAT/LON1/LON2/DLON/H
   64   71   76   80   84   87   93  100  107  113  114  111  106   99   93   90
   89   90   93   97  102  106  107  105  102   97   90   80   69   58   50   46
   46   50   55   62   68   72   73   71   70   71   75   81   85   85   80   73
   67   61   57   55   52   49   46   44   42   42   42   42   42   41   38   35
   31   29   28   30   35   42   49   57   64
    32.5-180.0 180.0   5.0 450.0                            LAT/LON1/LON2/DLON/H
   67   74   79   82   84   87   92   99  107  113  116  114  109  104   99   97
   96   98  101  106  112  115  115  113  108  103   97   88   78   68   60   56
   55   57   62   67   73   76   76   74   72   74   78   83   85   84   78   70
   62   57   53   50   48   45   43   42   42   42   42   43   44   44   42   40
   36   32   31   32   36   43   51   59   67
    30.0-180.0 180.0   5.0 450.0                            LAT/LON1/LON2/DLON/H
   71   78   83   87   88   91   95  102  109  115  118  116  112  108  104  103
  104  106  109  113  118  121  120  116  111  106  102   96   88   80   72   68
   67   67   70   74   78   80   79   77   75   76   79   83   84   81   74   66
   58   52   48   46   44   42   41   40   40   41   41   43   44   45   45   44
   40   35   33   33   37   44   53   62   71
    27.5-180.0 180.0   5.0 450.0                            LAT/LON1/LON2/DLON/H
   75   83   90   94   97   99  103  109  115  120  121  119  115  111  108  108
  110  111  114  117  121  123  121  116  110  107  105  103   99   93   87   83
   80   79   79   80   83   84   82   79   76   76   78   80   79   75   68   61
   54   49   45   43   41   40   39   38   38   38   39   41   43   45   46   45
   41   37   33   33   38   45   55   65   75
    25.0-180.0 180.0   5.0 450.0                            LAT/LON1/LON2/DLON/H
   80   90   98  104  109  113  117  123  128  130  130  125  119  114  111  112
  113  115  116  117  119  120  117  112  108  106  107  109  108  106  102   98
   94   91   88   87   87   86   84   80   76   75   74   74   71   66   61   55
   50   46   43   41   39   38   37   36   35   35   35   37   40   42   44   43
   40   35   32   33   38   47   58   69   80
    22.5-180.0 180.0   5.0 450.0                            LAT/LON1/LON2/DLON/H
   85   96  107  116  123  130  136  142  146  147  143  135  126  118  114  114
  115  115  114  113  113  113  111  108  104  104  108  113  116  117  115  111
  106  100   95   91   89   87   83   78   74   70   68   65   60   56   52   49
   47   44   42   40   39   38   36   35   33   32   31   33   35   38   39   39
   36   32   30   32   39   50   62   73   85
    20.0-180.0 180.0   5.0 450.0                            LAT/LON1/LON2/DLON/H
   90  102  115  127  138  148  157  164  168  167  160  149  136  125  118  116
  116  115  112  109  107  107  106  104  103  104  110  117  123  125  125  122
  116  107   99   93   89   86   81   75   70   65   60   55   49   45   43   43
   43   42   41   39   38   37   36   33   31   29   28   29   30   32   34   33
   30   27   27   31   41   53   66   78   90
    17.5-180.0 180.0   5.0 450.0                            LAT/LON1/LON2/DLON/H
   94  107  121  136  151  164  176  185  190  189  180  167  150  135  124  120
  118  116  111  106  103  103  104  105  105  107  113  121  127  132  132  129
  121  111  101   93   87   83   78   72   66   59   53   46   40   36   36   38
   40   40   39   38   38   37   35   32   29   27   26   26   27   28   28   27
   24   22   24   32   44   58   71   82   94
    15.0-180.0 180.0   5.0 450.0                            LAT/LON1/LON2/DLON/H
   97  110  126  142  159  175  189  201  208  208  200  185  166  148  135  128
  125  122  116  109  105  106  109  112  113  115  119  125  131  136  136  132
  124  112  101   91   85   81   76   70   63   56   48   40   33   31   32   35
   37   38   38   37   37   36   33   31   28   26   25   25   25   25   24   22
   20   19   23   33   48   63   75   86   97
    12.5-180.0 180.0   5.0 450.0                            LAT/LON1/LON2/DLON/H
   99  112  128  145  162  179  195  209  218  220  214  201  183  164  148  140
  136  133  126  119  115  116  121  125  126  126  128  131  136  139  139  134
  125  112  100   91   85   80   75   69   63   56   48   39   32   30   31   34
   36   37   37   36   36   34   32   30   28   27   26   26   26   25   23   21
   18   19   24   36   52   67   80   89   99
    10.0-180.0 180.0   5.0 450.0                            LAT/LON1/LON2/DLON/H
  100  113  128  145  161  177  193  208  219  224  221  212  197  179  165  156
  153  150  145  137  133  134  139  143  143  141  139  139  141  142  141  136
  126  114  102   93   87   82   77   72   67   60   51   43   36   33   34   35
   36   37   36   36   35   33   31   30   29   29   29   28   28   27   25   22
   20   20   26   39   56   71   83   92  100
     7.5-180.0 180.0   5.0 450.0                            LAT/LON1/LON2/DLON/H
  102  114  129  144  157  170  184  199  211  218  220  215  206  193  182  175
  174  173  169  162  157  157  161  163  161  156  151  148  148  148  146  139
  129  118  107   98   92   87   82   77   72   66   58   50   43   40   39   39
   39   38   38   37   35   33   31   30   31   31   32   32   31   30   28   25
   23   24   30   43   59   74   86   94  102
     5.0-180.0 180.0   5.0 450.0                            LAT/LON1/LON2/DLON/H
  105  117  132  145  154  163  174  186  198  206  210  211  209  203  197  194
  195  196  195  189  184  182  183  183  179  171  164  159  157  156  153  146
  136  125  115  107  100   94   89   83   79   73   66   58   52   49   47   45
   43   42   41   40   37   34   31   31   33   34   35   35   35   33   32   30
   28   29   35   46   62   76   87   95  105
     2.5-180.0 180.0   5.0 450.0                            LAT/LON1/LON2/DLON/H
  108  122  137  148  155  160  166  176  185  191  197  202  205  207  207  209
  213  218  218  214  208  204  202  199  193  184  175  170  168  166  162  155
  144  134  125  117  110  102   95   89   84   79   73   66   61   57   54   51
   48   46   45   44   40   36   33   33   35   37   38   38   37   36   35   34
   33   34   39   50   64   77   88   97  108
