70_EGNOS_Project/files/CODG0200.19I
     1.0            IONOSPHERE MAPS     GNSS                IONEX VERSION / TYPE
ADDNEQ2 V5.3        AIUB                24-JAN-19 22:15     PGM / RUN BY / DATE 
CODE'S GLOBAL IONOSPHERE MAPS FOR DAY 020, 2019             COMMENT             
Global ionosphere maps (GIM) are generated on a daily basis DESCRIPTION         
at CODE using data from about 300 GNSS sites of the IGS and DESCRIPTION         
other institutions. The vertical total electron content     DESCRIPTION         
(VTEC) is modeled in a solar-geomagnetic reference frame    DESCRIPTION         
using a spherical harmonics expansion up to degree and      DESCRIPTION         
order 15. Piece-wise linear functions are used for          DESCRIPTION         
representation in the time domain. The time spacing of      DESCRIPTION         
their vertices is 1 hour, conforming with the epochs of the DESCRIPTION         
VTEC maps.                                                  DESCRIPTION         
To convert line-of-sight TEC into vertical TEC, a modified  DESCRIPTION         
single-layer model mapping function approximating the JPL   DESCRIPTION         
extended slab model mapping function is adopted. The        DESCRIPTION         
mapping function is evaluated at geodetic satellite         DESCRIPTION         
elevation angles. For the computation of the ionospheric    DESCRIPTION         
pierce points, a spherical layer with a radius of 6821 km   DESCRIPTION         
is assumed, implying geocentric, not geodetic IONEX         DESCRIPTION         
latitudes.                                                  DESCRIPTION         
Instrumental biases with respect to each involved GNSS code DESCRIPTION         
observable are estimated as constant values for each        DESCRIPTION         
day. They are modeled with one set of bias parameters for   DESCRIPTION         
each satellite and each station in case of GPS and for each DESCRIPTION         
satellite-station link in case of GLONASS. The code bias    DESCRIPTION         
datum is defined by zero-mean conditions imposed on the     DESCRIPTION         
satellite bias estimates. In this file, just GPS C1W-C2W    DESCRIPTION         
satellite and station bias values are included. The         DESCRIPTION         
complete set of GNSS code bias results is provided in an    DESCRIPTION         
additional Bias-SINEX file as pseudo-absolute values        DESCRIPTION         
specific to each observable.                                DESCRIPTION         
Note: These GIM results correspond to the results for the   DESCRIPTION         
middle day of a 3-day combination analysis solving for 73   DESCRIPTION         
times 256, or 18688 VTEC parameters and 3 daily sets of     DESCRIPTION         
GNSS code bias parameters.                                  DESCRIPTION         
Contact address: code(at)aiub.unibe.ch                      DESCRIPTION         
Data archive:    ftp.aiub.unibe.ch/CODE/                    DESCRIPTION         
                 www.aiub.unibe.ch/download/CODE/           DESCRIPTION         
  2019     1    20     0     0     0                        EPOCH OF FIRST MAP  
  2019     1    21     0     0     0                        EPOCH OF LAST MAP   
  3600                                                      INTERVAL            
[...]
chti chur coco cord cpvg cpxf cro1 daej darw dav1 dgar drao COMMENT             
dubo ebre faa1 fair flin flrs frdn ftna func ganp glps glsv COMMENT             
gmsd gode godz gol2 gope gras graz guam guug harb hers hert COMMENT             
hlfx hnlc hnpt hob2 hofn holb hrao hyde iddr ieng iisc impz COMMENT             
ineg iqal irkj isba jog2 joz2 joze karr kerg kir0 kiru kit3 COMMENT             
kokb kokv kouc koug kour krgg lama laut lhaz lmmf lpal lpgs COMMENT             
m0se mac1 madr mag0 maju mana mas1 mat1 mate maui maw1 mcm4 COMMENT             
mdo1 mdvj medi mets mgue mizu mkea mnls mobj mobk mobs morp COMMENT             
mqzg mro1 mtka nain nano naur nico nist nium nklg nnor not1 COMMENT             
nrc1 nril nrmd ntus nya1 nyal ohi2 ohi3 onsa opmt ous2 pado COMMENT             
park pdel penc pert pfa2 pie1 pimo pohn pol2 polv pots pove COMMENT             
prds ptag ptbb qaq1 quin rabt ramo rbay reun reyk rgdg rio2 COMMENT             
riop roth salu samo sant savo sch2 scor scrz sctb seyg shao COMMENT             
sofi spt0 sthl stjo stk2 str2 suth sutm suwn sydn syog tabl COMMENT             
tabv tash thtg thti thu2 thu3 tid1 tidb tixg tixi tlse tn22 COMMENT             
tong tow2 tro1 tsea tskb twtf txes uclu ufpr ulab unb3 unbj COMMENT             
unbn untr urum usn7 vald vill voim vtsp wab1 wab2 wark wes2 COMMENT             
wgtn whit will wind wsrt wtza wtzr wtzs wtzz xmis yakt yar2 COMMENT             
yar3 yarr ycba yell yssk zeck zim2 zim3 zimj zimm           COMMENT             
                                                            END OF HEADER       
[from data line 6006]
    15                                                      START OF TEC MAP    
  2019     1    20    14     0     0                        EPOCH OF CURRENT MAP
    87.5-180.0 180.0   5.0 450.0                            LAT/LON1/LON2/DLON/H
   15   15   15   14   14   14   14   14   14   14   13   13   13   13   13   12
   12   12   11   11   11   11   10   10   10   10   10   10   10    9   10   10
   10   10   10   10   10   11   11   11   11   12   12   12   13   13   13   13
   14   14   14   14   15   15   15   15   15   15   15   15   15   15   15   15
   15   15   15   15   15   15   15   15   15
    85.0-180.0 180.0   5.0 450.0                            LAT/LON1/LON2/DLON/H
   14   14   15   15   15   15   15   15   15   15   15   15   14   14   13   13
   12   11   11   10    9    9    8    7    7    7    6    6    6    6    6    6
    6    7    7    7    8    8    9    9   10   10   11   12   12   13   13   14
   15   15   16   16   16   17   17   17   17   17   17   17   17   16   16   16
   15   15   15   15   14   14   14   14   14
    82.5-180.0 180.0   5.0 450.0                            LAT/LON1/LON2/DLON/H
   12   12   13   14   14   15   15   16   16   17   17   16   16   15   15   14
   13   12   11    9    8    7    6    6    5    5    4    4    4    4    4    5
    5    5    6    6    7    7    8    8    9    9   10   11   12   12   13   14
   15   16   16   17   18   18   18   18   18   18   18   17   16   16   15   14
   13   13   12   12   12   11   12   12   12
    80.0-180.0 180.0   5.0 450.0                            LAT/LON1/LON2/DLON/H
    8    9   10   11   12   14   15   16   17   18   18   18   18   17   16   15
   14   12   11   10    8    7    6    5    5    4    4    4    5    5    5    6
    6    7    7    8    8    8    8    9    9    9    9   10   10   11   12   13
   14   15   16   17   18   18   19   19   18   18   17   16   15   14   13   11
   10    9    8    8    7    7    7    8    8
    77.5-180.0 180.0   5.0 450.0                            LAT/LON1/LON2/DLON/H
    4    5    7    8   10   12   13   15   17   18   18   19   19   18   17   16
   15   13   12   10    9    8    7    7    6    6    7    7    8    8    9   10
   10   11   11   11   11   11   10   10    9    9    9    8    9    9   10   11
   12   13   15   16   17   18   18   18   18   17   16   15   13   12   10    8
    7    6    5    4    3    3    3    4    4
    75.0-180.0 180.0   5.0 450.0                            LAT/LON1/LON2/DLON/H
    2    3    4    5    7    9   11   13   15   16   17   18   18   18   17   16
   14   13   12   11   10   10   10   10   10   11   11   12   13   14   14   15
   16   16   16   16   15   14   13   12   10    9    8    7    7    7    7    8
   10   11   12   14   15   16   16   16   16   15   14   13   11    9    8    6
    5    4    3    2    1    1    1    1    2
    72.5-180.0 180.0   5.0 450.0                            LAT/LON1/LON2/DLON/H
    2    2    3    4    5    6    8   10   11   13   14   15   15   15   14   14
   13   12   12   12   12   13   13   14   15   16   17   18   19   20   20   21
   22   22   21   21   19   17   15   13   11    9    8    6    5    5    5    6
    7    8   10   11   12   13   14   14   13   13   12   11    9    8    7    6
    5    4    4    3    2    2    2    2    2
    70.0-180.0 180.0   5.0 450.0                            LAT/LON1/LON2/DLON/H
    5    5    4    4    4    5    5    6    7    8    9   10   10   11   11   11
   11   11   11   13   14   16   17   19   20   22   22   23   24   25   26   26
   27   26   26   24   22   20   17   15   12   10    8    6    5    5    4    5
    6    7    8    9   10   11   11   11   11   11   10    9    9    8    8    8
    8    8    7    7    7    6    6    5    5
    67.5-180.0 180.0   5.0 450.0                            LAT/LON1/LON2/DLON/H
   11    9    8    7    6    5    4    3    3    3    4    5    5    6    6    7
    8    9   11   13   16   19   21   24   25   26   27   28   28   29   30   30
   30   30   29   27   24   21   18   15   13   11    9    8    7    6    5    5
    6    6    7    8    8    9    9    9    9    9    9    9   10   10   11   12
   12   13   13   13   13   13   12   12   11
    65.0-180.0 180.0   5.0 450.0                            LAT/LON1/LON2/DLON/H
   18   16   14   12   10    7    4    2    1    0    0    0    1    2    3    4
    5    7   10   14   17   21   25   27   29   30   30   31   31   31   32   33
   33   32   30   28   25   21   18   16   14   13   12   11   10    9    9    8
    8    7    7    7    7    8    8    8    8    8    9   10   11   13   15   16
   18   19   20   20   21   20   20   19   18
    62.5-180.0 180.0   5.0 450.0                            LAT/LON1/LON2/DLON/H
   25   24   22   19   16   12    8    4    1    0    0    0    0    0    1    3
    5    7   11   15   19   24   27   30   32   32   32   32   32   33   34   35
   35   34   32   29   25   22   19   17   16   16   16   16   16   15   13   12
   11   10    9    9    8    7    7    7    8    9   11   12   15   17   19   21
   23   24   25   26   27   27   27   26   25
    60.0-180.0 180.0   5.0 450.0                            LAT/LON1/LON2/DLON/H
   32   31   30   28   24   20   15    9    5    1    0    0    0    0    2    3
    6    9   12   17   21   26   30   32   33   33   33   33   34   35   36   38
   38   37   35   31   27   24   21   20   20   21   22   23   22   21   20   18
   16   14   13   11   10    9    9    9   10   12   14   16   18   21   23   25
   27   28   29   30   31   31   32   32   32
    57.5-180.0 180.0   5.0 450.0                            LAT/LON1/LON2/DLON/H
   37   37   37   36   34   29   24   18   12    7    4    3    3    4    5    7
    9   12   15   20   24   28   32   34   35   35   35   36   37   39   41   42
   43   42   39   35   31   27   25   25   26   28   30   31   30   29   27   25
   22   20   18   15   14   12   12   12   14   16   18   20   23   25   27   29
   30   30   31   32   33   34   35   36   37
    55.0-180.0 180.0   5.0 450.0                            LAT/LON1/LON2/DLON/H
   40   42   43   44   43   40   35   29   22   17   13   10    9    9   10   11
   13   16   20   24   28   32   35   37   38   38   39   40   42   44   47   48
   49   48   45   41   37   34   32   32   34   37   39   40   39   37   34   32
   29   27   24   21   19   17   17   17   19   21   23   25   27   29   30   31
   31   31   31   32   33   35   36   38   40
    52.5-180.0 180.0   5.0 450.0                            LAT/LON1/LON2/DLON/H
   41   44   47   50   51   50   46   41   34   28   23   19   17   16   16   17
   19   21   25   29   33   36   39   41   42   44   45   47   50   52   54   55
   55   54   52   48   45   42   41   42   45   47   49   49   48   45   42   39
   37   35   32   29   26   24   24   24   26   27   29   30   31   31   32   32
   31   31   31   32   33   35   37   39   41
    50.0-180.0 180.0   5.0 450.0                            LAT/LON1/LON2/DLON/H
   42   46   50   54   58   58   56   52   46   40   34   29   25   23   22   22
   24   27   30   34   38   42   45   47   49   51   54   57   59   61   62   62
   61   60   58   55   53   52   52   54   56   59   60   59   56   53   50   48
   46   44   41   38   35   33   32   32   33   34   34   34   34   33   33   33
   32   31   31   32   34   37   39   40   42
    47.5-180.0 180.0   5.0 450.0                            LAT/LON1/LON2/DLON/H
   43   46   50   56   61   64   64   61   57   51   45   39   33   29   26   26
   28   32   36   41   45   49   52   55   58   61   64   68   70   70   69   67
   65   63   62   61   61   62   63   66   68   70   70   68   65   61   58   57
   55   54   52   48   45   42   41   41   41   41   39   37   36   35   34   34
   33   32   32   34   37   39   41   42   43
    45.0-180.0 180.0   5.0 450.0                            LAT/LON1/LON2/DLON/H
   44   45   49   55   61   66   67   67   64   60   54   47   40   34   30   30
   33   37   43   48   53   57   61   64   68   71   75   78   80   78   75   71
   67   65   64   65   68   70   73   77   79   80   80   77   74   70   67   66
   66   65   62   59   55   52   50   49   48   47   44   40   38   36   36   35
   35   34   34   37   40   43   44   44   44
    42.5-180.0 180.0   5.0 450.0                            LAT/LON1/LON2/DLON/H
   44   44   47   52   58   64   67   68   68   65   61   53   45   38   34   33
   37   43   49   56   61   66   70   73   77   81   85   87   87   85   79   73
   67   65   65   68   72   77   82   86   88   89   88   85   82   79   77   76
   76   75   72   68   64   60   58   57   55   52   47   43   39   38   38   38
   37   36   37   39   43   46   47   46   44
    40.0-180.0 180.0   5.0 450.0                            LAT/LON1/LON2/DLON/H
   44   42   43   48   53   58   62   65   67   67   64   58   49   42   37   38
   42   49   57   64   70   74   78   81   85   88   92   94   93   89   83   75
   69   66   67   71   77   83   88   92   94   95   94   92   90   87   86   85
   85   83   80   76   71   67   64   63   60   56   51   45   42   40   40   41
   40   38   38   40   44   48   49   47   44
    37.5-180.0 180.0   5.0 450.0                            LAT/LON1/LON2/DLON/H
   42   40   40   43   47   51   55   59   63   65   65   60   52   45   42   43
   49   57   65   72   78   82   85   87   89   92   95   97   97   93   87   80
   74   71   72   76   82   88   93   96   98   98   98   97   96   95   94   93
   92   89   85   80   75   71   69   67   64   59   53   48   44   43   44   44
   42   40   39   40   43   47   48   46   42
    35.0-180.0 180.0   5.0 450.0                            LAT/LON1/LON2/DLON/H
   40   37   37   39   41   44   47   51   56   61   62   60   54   49   47   50
   57   65   74   80   85   87   89   90   91   93   95   98   99   98   94   89
   84   81   82   84   89   94   97   99   99   99   99  100  101  102  101   99
   96   91   86   81   77   73   71   69   66   61   55   50   47   47   47   47
   44   41   38   38   40   44   45   43   40
    32.5-180.0 180.0   5.0 450.0                            LAT/LON1/LON2/DLON/H
   37   35   35   35   36   37   38   42   48   54   58   58   55   53   54   59
   66   75   82   87   90   91   90   89   89   90   93   97  101  104  105  103
  101   99   97   98   99  101  102  101  100   99   99  102  105  107  107  103
   97   91   85   80   76   73   71   69   66   62   57   53   50   50   51   50
   46   41   36   34   36   39   41   40   37
    30.0-180.0 180.0   5.0 450.0                            LAT/LON1/LON2/DLON/H
   35   34   34   34   33   32   32   34   40   47   52   54   55   57   61   67
   75   83   89   92   93   92   89   87   85   86   90   97  105  113  119  123
  123  121  118  115  113  111  108  104  100   98  100  104  109  112  111  105
   97   88   82   77   74   72   70   68   66   62   58   55   53   53   53   52
   47   41   35   32   32   35   36   37   35
    27.5-180.0 180.0   5.0 450.0                            LAT/LON1/LON2/DLON/H
   35   34   35   34   32   29   28   29   34   40   45   49   54   59   66   75
   83   90   94   95   94   91   87   83   81   82   88   97  110  124  136  145
  148  147  141  135  128  122  116  109  103  100  101  107  114  118  115  107
   96   86   78   74   72   70   68   66   64   62   59   56   55   55   55   53
   48   42   35   31   30   32   34   35   35
    25.0-180.0 180.0   5.0 450.0                            LAT/LON1/LON2/DLON/H
   35   36   36   35   33   29   27   27   30   34   39   44   51   60   70   80
   88   94   96   95   92   88   84   80   78   81   88  101  117  136  153  166
  172  171  164  154  144  135  126  117  109  105  106  113  121  124  120  109
   96   84   77   73   71   69   67   65   63   61   58   56   55   55   55   53
   50   44   38   33   32   32   34   35   35
    22.5-180.0 180.0   5.0 450.0                            LAT/LON1/LON2/DLON/H
   37   38   38   37   34   31   28   28   29   31   34   39   47   59   71   83
   91   95   96   94   90   86   82   79   78   82   92  107  126  148  168  184
  192  191  183  171  159  148  138  127  118  113  115  122  130  133  127  114
   99   86   78   74   72   69   66   64   62   60   57   55   54   54   54   53
   51   47   43   39   37   36   37   37   37
    20.0-180.0 180.0   5.0 450.0                            LAT/LON1/LON2/DLON/H
   40   40   39   38   35   33   31   31   30   30   30   34   43   56   70   82
   90   93   94   91   88   84   82   80   82   88   99  115  136  158  179  196
  204  204  195  184  172  161  151  140  131  126  128  135  143  144  137  122
  105   92   83   78   75   71   67   64   61   59   56   54   53   52   53   53
   53   52   49   46   44   43   42   41   40
    17.5-180.0 180.0   5.0 450.0                            LAT/LON1/LON2/DLON/H
   43   41   39   37   35   34   34   34   33   30   28   30   39   53   67   79
   87   90   91   89   87   85   84   86   90   98  110  126  145  166  185  200
  209  209  202  191  181  172  164  155  147  143  145  151  157  157  148  132
  114  100   91   85   80   74   69   65   62   59   56   53   52   51   52   54
   56   56   55   53   51   49   48   45   43
    15.0-180.0 180.0   5.0 450.0                            LAT/LON1/LON2/DLON/H
   44   40   37   35   33   33   35   37   36   31   27   28   36   49   64   76
   83   87   89   88   88   88   91   96  102  111  123  138  154  170  186  199
  206  207  203  195  188  182  176  169  163  161  163  169  173  171  160  143
  125  111  101   93   86   78   72   67   64   61   57   54   52   52   53   56
   58   59   60   58   57   55   52   48   44
    12.5-180.0 180.0   5.0 450.0                            LAT/LON1/LON2/DLON/H
   43   38   34   31   29   30   34   37   37   32   27   26   33   46   60   72
   80   86   88   90   91   95  101  109  117  127  138  149  161  173  184  193
  200  203  201  197  194  191  188  184  180  178  181  185  187  183  171  154
  137  122  111  102   92   83   76   71   68   64   60   56   55   55   56   59
   60   62   62   61   59   57   54   49   43
    10.0-180.0 180.0   5.0 450.0                            LAT/LON1/LON2/DLON/H
   41   34   29   26   24   26   30   35   36   32   27   25   32   44   58   70
   79   86   91   94   98  104  113  124  134  143  152  160  167  174  180  187
  194  198  200  200  199  199  198  196  194  193  196  199  199  192  180  163
  146  133  121  110   99   89   81   76   72   68   64   61   60   60   62   63
   63   62   61   59   58   56   53   47   41
     7.5-180.0 180.0   5.0 450.0                            LAT/LON1/LON2/DLON/H
   37   30   25   21   19   21   25   30   33   30   26   25   31   43   57   69
   80   89   96  101  106  115  127  140  151  159  165  169  172  174  178  183
  190  196  201  203  205  206  206  206  205  205  206  207  205  197  185  169
  154  141  129  117  105   94   87   82   78   74   70   67   67   68   69   68
   65   62   58   56   54   53   50   44   37
     5.0-180.0 180.0   5.0 450.0                            LAT/LON1/LON2/DLON/H
   34   27   22   19   16   16   19   25   28   27   24   24   31   43   57   71
   83   94  102  109  116  127  141  155  166  172  175  176  175  175  177  182
  190  198  205  209  211  212  212  212  211  211  211  210  206  198  186  172
  159  147  136  124  111  100   93   88   84   80   76   74   75   76   76   73
   68   61   55   51   49   48   46   40   34
     2.5-180.0 180.0   5.0 450.0                            LAT/LON1/LON2/DLON/H
   32   27   22   18   15   13   15   19   22   23   22   24   31   44   58   73
   87  100  109  117  126  138  153  168  178  182  182  180  178  176  178  184
  193  203  210  214  216  216  215  214  213  212  210  208  203  195  184  173
  162  151  141  129  117  107   99   94   89   85   82   81   82   84   83   78
   70   61   53   48   46   45   43   38   32
