70_EGNOS_Project/files/CODG0190.19I
     1.0            IONOSPHERE MAPS     GNSS                IONEX VERSION / TYPE
ADDNEQ2 V5.3        AIUB                23-JAN-19 20:13     PGM / RUN BY / DATE 
CODE'S GLOBAL IONOSPHERE MAPS FOR DAY 019, 2019             COMMENT             
Global ionosphere maps (GIM) are generated on a daily basis DESCRIPTION         
at CODE using data from about 300 GNSS sites of the IGS and DESCRIPTION         
other institutions. The vertical total electron content     DESCRIPTION         
(VTEC) is modeled in a solar-geomagnetic reference frame    DESCRIPTION         
using a spherical harmonics expansion up to degree and      DESCRIPTION         
order 15. Piece-wise linear functions are used for          DESCRIPTION         
representation in the time domain. The time spacing of      DESCRIPTION         
their vertices is 1 hour, conforming with the epochs of the DESCRIPTION         
VTEC maps.                                                  DESCRIPTION         
To convert line-of-sight TEC into vertical TEC, a modified  DESCRIPTION         
single-layer model mapping function approximating the JPL   DESCRIPTION         
extended slab model mapping function is adopted. The        DESCRIPTION         
mapping function is evaluated at geodetic satellite         DESCRIPTION         
elevation angles. For the computation of the ionospheric    DESCRIPTION         
pierce points, a spherical layer with a radius of 6821 km   DESCRIPTION         
is assumed, implying geocentric, not geodetic IONEX         DESCRIPTION         
latitudes.                                                  DESCRIPTION         
Instrumental biases with respect to each involved GNSS code DESCRIPTION         
observable are estimated as constant values for each        DESCRIPTION         
day. They are modeled with one set of bias parameters for   DESCRIPTION         
each satellite and each station in case of GPS and for each DESCRIPTION         
satellite-station link in case of GLONASS. The code bias    DESCRIPTION         
datum is defined by zero-mean conditions imposed on the     DESCRIPTION         
satellite bias estimates. In this file, just GPS C1W-C2W    DESCRIPTION         
satellite and station bias values are included. The         DESCRIPTION         
complete set of GNSS code bias results is provided in an    DESCRIPTION         
additional Bias-SINEX file as pseudo-absolute values        DESCRIPTION         
specific to each observable.                                DESCRIPTION         
Note: These GIM results correspond to the results for the   DESCRIPTION         
middle day of a 3-day combination analysis solving for 73   DESCRIPTION         
times 256, or 18688 VTEC parameters and 3 daily sets of     DESCRIPTION         
GNSS code bias parameters.                                  DESCRIPTION         
Contact address: code(at)aiub.unibe.ch                      DESCRIPTION         
Data archive:    ftp.aiub.unibe.ch/CODE/                    DESCRIPTION         
                 www.aiub.unibe.ch/download/CODE/           DESCRIPTION         
  2019     1    19     0     0     0                        EPOCH OF FIRST MAP  
  2019     1    20     0     0     0                        EPOCH OF LAST MAP   
  3600                                                      INTERVAL            
[...]
coco cord cpvg cpxf cro1 daej darw dav1 dgar drao dubo ebre COMMENT             
faa1 fair flin flrs frdn ftna func ganp glps glsv gmsd gode COMMENT             
godz gol2 gope gras graz guam guug harb hers hert hlfx hnlc COMMENT             
hnpt hob2 hofn holb hrao hyde iddr ieng iisc ineg iqal irkj COMMENT             
isba jog2 joz2 joze karr kerg kir0 kiru kit3 kokb kokv kouc COMMENT             
koug kour krgg lama laut lhaz lmmf lpal lpgs m0se mac1 madr COMMENT             
mag0 maju mana mas1 mat1 mate maui maw1 mcm4 mdo1 mdvj medi COMMENT             
mets mgue mizu mkea mnls mobj mobk mobs morp mqzg mro1 mtka COMMENT             
nain nano naur nico nist nium nklg nnor not1 nrc1 nril nrmd COMMENT             
ntus nya1 nyal ohi2 ohi3 onsa opmt ous2 pado park pbri pdel COMMENT             
penc pert pfa2 pie1 pimo pohn pol2 polv pots pove prds ptag COMMENT             
ptbb qaq1 quin rabt ramo rbay reun reyk rgdg rio2 riop roth COMMENT             
salu samo sant savo sch2 scor scrz sctb seyg shao sofi spt0 COMMENT             
sthl stjo stk2 str2 suth sutm suwn sydn syog tabl tabv tash COMMENT             
thtg thti thu2 thu3 tid1 tixg tixi tlse tn22 tnml tong tow2 COMMENT             
tro1 tsea tskb twtf txes uclu ufpr ulab unb3 unbj unbn untr COMMENT             
urum usn7 vald vill voim vtsp wab1 wab2 wark wes2 wgtn whit COMMENT             
will wind wsrt wtza wtzr wtzs wtzz xmis yakt yar2 yar3 yarr COMMENT             
ycba yell yssk zeck zim2 zim3 zimj zimm                     COMMENT             
                                                            END OF HEADER       
[from data line 4719]
    12                                                      START OF TEC MAP    
  2019     1    19    11     0     0                        EPOCH OF CURRENT MAP
    87.5-180.0 180.0   5.0 450.0                            LAT/LON1/LON2/DLON/H
   18   18   18   18   18   18   18   18   18   17   17   17   17   17   16   16
   16   16   16   15   15   15   15   15   15   15   15   15   15   15   15   15
   15   15   15   15   16   16   16   16   16   16   16   17   17   17   17   17
   17   17   18   18   18   18   18   18   18   18   18   18   18   18   19   19
   19   19   19   19   19   19   19   18   18
    85.0-180.0 180.0   5.0 450.0                            LAT/LON1/LON2/DLON/H
   18   18   18   18   18   18   18   18   17   17   17   16   16   15   15   14
   14   13   13   12   12   12   11   11   11   11   11   11   12   12   12   12
   13   13   13   13   14   14   14   14   14   15   15   15   15   15   16   16
   16   16   17   17   17   17   17   18   18   18   18   18   18   18   18   18
   18   18   18   18   18   18   18   18   18
    82.5-180.0 180.0   5.0 450.0                            LAT/LON1/LON2/DLON/H
   16   16   17   17   17   17   17   17   17   16   16   15   14   14   13   12
   11   10   10    9    8    8    8    7    7    7    8    8    8    9   10   10
   11   11   12   12   12   13   13   13   13   13   13   13   13   14   14   14
   14   15   15   15   16   16   16   16   16   16   16   16   16   16   15   15
   15   15   15   15   15   15   15   16   16
    80.0-180.0 180.0   5.0 450.0                            LAT/LON1/LON2/DLON/H
   13   13   14   15   16   16   16   16   16   16   15   14   13   12   11   10
    9    8    7    6    5    5    4    4    4    4    5    6    6    7    8    9
   10   11   12   12   12   13   13   12   12   12   12   12   12   12   12   12
   13   13   13   14   14   15   15   15   15   15   14   14   13   13   12   12
   11   11   10   10   10   11   11   12   13
    77.5-180.0 180.0   5.0 450.0                            LAT/LON1/LON2/DLON/H
    9   10   12   13   14   15   15   15   15   15   14   13   12   11   10    9
    8    7    6    5    4    3    3    3    3    3    4    4    6    7    8   10
   11   12   13   14   14   14   13   13   12   12   11   11   11   11   11   11
   12   12   13   13   14   14   14   14   14   13   13   12   11   10    9    8
    7    6    6    6    6    6    7    8    9
    75.0-180.0 180.0   5.0 450.0                            LAT/LON1/LON2/DLON/H
    6    8    9   11   12   13   14   14   14   13   12   11   11   10    9    8
    8    7    6    6    5    4    3    3    3    3    4    5    6    8   10   11
   13   14   15   16   16   16   15   14   14   13   12   12   12   12   12   12
   13   13   14   14   14   14   14   13   13   12   11   10    9    8    7    6
    4    3    3    2    2    3    4    5    6
    72.5-180.0 180.0   5.0 450.0                            LAT/LON1/LON2/DLON/H
    5    6    8   10   11   12   12   12   12   11   10    9    9    8    8    8
    9    9    8    8    7    7    6    5    5    5    5    6    7    9   11   13
   15   17   18   18   18   18   17   17   16   15   15   14   14   15   15   16
   16   16   16   16   15   15   14   13   12   11   10    9    9    7    6    5
    4    2    2    1    1    1    2    3    5
    70.0-180.0 180.0   5.0 450.0                            LAT/LON1/LON2/DLON/H
    5    6    8    9   10   10   10   10    9    8    7    7    7    7    8    9
   10   11   12   12   11   10    9    8    7    7    7    8    9   11   13   16
   17   19   20   20   20   20   19   19   18   18   18   18   19   20   20   21
   21   21   20   19   18   16   14   12   11   10    9    9    8    8    7    6
    5    4    3    2    2    2    3    4    5
    67.5-180.0 180.0   5.0 450.0                            LAT/LON1/LON2/DLON/H
    7    8    8    9    9    9    9    8    7    6    5    4    4    6    7   10
   12   14   15   15   15   13   12   10    9    8    8    9   11   13   15   17
   19   21   22   22   22   21   21   21   21   21   22   24   25   26   27   28
   28   27   26   23   20   17   14   12   10    9    9    9    9    9    9    9
    8    7    7    6    6    6    6    7    7
    65.0-180.0 180.0   5.0 450.0                            LAT/LON1/LON2/DLON/H
   10   10   10   10   10    9    8    7    5    4    3    2    3    5    7   10
   13   16   17   17   17   15   13   12   10    9    9   10   12   15   17   19
   21   22   23   22   22   22   22   22   23   25   27   29   31   33   35   35
   35   33   31   27   23   18   14   11    8    8    8    9   10   11   12   12
   12   12   11   11   11   11   11   11   10
    62.5-180.0 180.0   5.0 450.0                            LAT/LON1/LON2/DLON/H
   15   14   13   12   11   10    9    8    6    4    3    2    3    5    8   11
   14   17   18   18   17   15   13   11   10    9   10   11   14   16   19   22
   24   24   24   23   22   22   22   23   26   29   32   35   38   40   41   42
   41   39   35   30   25   19   14   10    8    7    8    9   11   13   14   15
   16   16   16   17   17   17   17   16   15
    60.0-180.0 180.0   5.0 450.0                            LAT/LON1/LON2/DLON/H
   19   17   16   15   14   13   12   11    8    6    5    4    4    6    9   12
   15   17   17   17   15   13   11    9    8    8   10   12   15   19   22   25
   27   27   27   25   24   23   23   25   28   32   36   40   43   45   46   46
   45   42   38   33   27   21   15   11    8    8    9   11   13   15   17   18
   19   19   20   21   22   22   22   21   19
    57.5-180.0 180.0   5.0 450.0                            LAT/LON1/LON2/DLON/H
   24   22   20   19   19   19   18   16   14   11    9    8    8    9   11   13
   15   16   16   14   12   10    8    7    7    8   10   13   18   22   26   30
   32   32   31   29   27   25   26   28   32   37   41   45   48   50   50   49
   47   45   41   36   30   24   18   14   11   11   12   14   16   18   19   20
   20   21   22   24   25   26   26   25   24
    55.0-180.0 180.0   5.0 450.0                            LAT/LON1/LON2/DLON/H
   28   26   25   25   26   26   25   24   21   19   16   15   14   14   15   15
   16   15   14   12   10    8    7    6    7    9   12   16   21   26   31   35
   37   38   36   34   31   30   30   33   37   42   47   50   52   53   52   51
   49   46   43   39   34   29   24   20   17   16   17   18   20   21   21   21
   21   22   23   25   27   29   30   29   28
    52.5-180.0 180.0   5.0 450.0                            LAT/LON1/LON2/DLON/H
   31   31   31   32   33   34   34   33   31   28   25   23   21   20   19   18
   17   16   14   11    9    8    7    8    9   12   15   20   25   31   36   41
   44   44   43   41   38   37   37   40   44   49   53   56   57   56   54   52
   50   48   46   43   40   36   32   29   26   25   24   24   25   24   23   22
   21   22   23   25   28   30   32   32   31
    50.0-180.0 180.0   5.0 450.0                            LAT/LON1/LON2/DLON/H
   35   35   37   39   42   43   43   42   40   37   34   31   29   26   24   22
   20   18   15   13   12   11   11   13   15   18   22   26   31   36   42   46
   50   51   51   49   47   46   46   48   52   57   60   62   62   60   58   55
   53   52   51   50   49   46   43   40   38   36   34   32   31   29   27   24
   23   22   23   25   28   31   34   34   35
    47.5-180.0 180.0   5.0 450.0                            LAT/LON1/LON2/DLON/H
   37   39   42   46   49   51   52   50   48   45   43   40   37   33   30   27
   25   22   21   19   18   18   19   21   24   27   30   34   38   42   47   51
   54   57   57   57   56   55   56   58   62   66   68   69   68   66   62   59
   58   57   58   58   59   58   56   53   50   47   44   41   38   34   31   27
   25   23   24   26   29   32   35   36   37
    45.0-180.0 180.0   5.0 450.0                            LAT/LON1/LON2/DLON/H
   39   42   46   50   55   57   57   56   54   52   50   47   44   40   37   34
   31   30   29   28   28   29   30   33   35   38   40   43   45   48   51   54
   58   61   63   64   65   65   67   69   72   75   77   77   75   72   69   66
   65   65   66   68   70   70   68   66   63   59   54   50   45   40   36   32
   28   26   25   27   30   33   36   38   39
    42.5-180.0 180.0   5.0 450.0                            LAT/LON1/LON2/DLON/H
   40   43   47   53   57   60   60   59   58   57   55   54   51   47   44   41
   40   39   39   39   40   41   43   45   48   50   52   52   53   53   54   56
   59   63   67   71   73   75   77   79   81   83   84   84   83   80   77   74
   73   74   76   78   80   81   80   77   73   69   63   58   52   46   41   37
   33   30   28   29   31   34   37   38   40
    40.0-180.0 180.0   5.0 450.0                            LAT/LON1/LON2/DLON/H
   39   42   46   52   56   59   60   59   59   59   59   58   56   53   51   49
   49   50   51   52   52   53   55   57   60   62   63   62   61   59   58   59
   61   65   71   76   81   84   86   88   89   90   91   91   89   87   85   83
   82   83   85   87   89   90   88   85   81   76   70   64   58   52   47   42
   37   33   31   31   33   35   37   38   39
    37.5-180.0 180.0   5.0 450.0                            LAT/LON1/LON2/DLON/H
   37   39   43   48   52   55   56   56   57   59   61   61   61   59   58   58
   59   61   62   63   63   63   64   67   69   72   72   71   69   65   63   62
   64   69   75   82   88   92   94   95   96   96   97   96   96   95   93   92
   91   91   92   95   96   96   94   91   87   81   76   70   63   57   52   47
   41   37   34   33   34   35   36   36   37
    35.0-180.0 180.0   5.0 450.0                            LAT/LON1/LON2/DLON/H
   34   35   38   43   47   49   50   52   54   57   60   63   63   63   64   65
   67   70   71   71   70   69   70   72   76   79   80   79   76   72   69   68
   69   74   81   88   95   99  101  102  102  102  101  101  102  102  101  100
   98   98   98  100  101  101   98   94   90   85   80   74   67   61   56   50
   44   39   35   34   34   35   35   34   34
    32.5-180.0 180.0   5.0 450.0                            LAT/LON1/LON2/DLON/H
   31   32   34   37   40   43   44   47   50   54   59   62   64   66   68   71
   74   76   77   75   73   71   71   74   78   82   84   84   82   79   77   76
   78   83   90   97  103  106  108  108  107  107  107  107  108  109  109  107
  105  103  102  103  104  103  101   97   92   88   83   77   71   64   58   52
   46   40   35   33   34   34   34   33   31
    30.0-180.0 180.0   5.0 450.0                            LAT/LON1/LON2/DLON/H
   30   29   31   33   36   37   39   42   46   51   55   59   63   66   70   74
   77   78   77   75   71   68   68   71   77   82   85   86   86   85   86   88
   91   96  102  108  112  114  114  113  113  113  114  115  117  118  117  114
  110  107  105  105  105  105  103   99   94   90   86   80   74   67   60   53
   46   40   35   33   33   34   33   31   30
    27.5-180.0 180.0   5.0 450.0                            LAT/LON1/LON2/DLON/H
   30   29   30   32   33   35   37   40   43   47   51   55   60   64   69   73
   76   76   74   69   65   62   62   66   73   79   83   86   88   91   96  101
  107  112  117  121  122  122  121  120  120  121  123  126  128  129  127  123
  116  110  107  106  107  108  106  102   98   93   89   84   77   69   61   54
   47   40   36   34   34   34   33   32   30
    25.0-180.0 180.0   5.0 450.0                            LAT/LON1/LON2/DLON/H
   32   32   32   33   34   35   36   39   42   44   47   50   55   60   65   69
   71   70   66   61   56   54   55   60   67   74   80   84   89   97  106  116
  124  130  134  134  133  131  128  127  128  131  136  140  143  143  139  132
  124  115  110  109  110  111  110  107  102   98   94   88   80   71   62   55
   48   42   38   36   36   36   35   33   32
    22.5-180.0 180.0   5.0 450.0                            LAT/LON1/LON2/DLON/H
   35   36   37   37   37   38   39   40   41   42   43   45   49   54   60   63
   64   61   57   52   48   46   49   55   62   69   75   81   89  101  116  130
  141  147  149  148  144  139  136  135  138  144  151  157  160  159  154  144
  133  122  115  112  114  116  116  113  109  105   99   92   83   73   64   57
   51   46   42   40   39   39   38   36   35
    20.0-180.0 180.0   5.0 450.0                            LAT/LON1/LON2/DLON/H
   39   40   42   42   42   42   42   43   42   41   40   41   44   49   53   56
   55   51   47   42   40   41   44   51   58   65   70   77   88  104  124  142
  155  162  162  159  153  147  144  144  149  158  167  175  178  177  169  158
  144  130  121  118  119  122  123  121  117  112  106   98   88   77   68   61
   55   51   48   46   44   43   41   40   39
    17.5-180.0 180.0   5.0 450.0                            LAT/LON1/LON2/DLON/H
   43   44   46   47   46   46   46   46   44   41   39   39   40   44   47   48
   47   42   38   35   35   37   42   49   56   62   67   75   88  108  130  151
  166  172  172  167  161  155  152  154  161  172  183  192  196  193  184  171
  155  140  129  125  126  129  131  130  126  121  114  105   93   81   72   66
   62   58   55   52   50   48   45   43   43
    15.0-180.0 180.0   5.0 450.0                            LAT/LON1/LON2/DLON/H
   45   46   48   49   49   49   49   48   46   43   40   39   39   41   43   43
   40   36   32   31   33   37   43   49   56   61   67   75   90  111  135  157
  171  177  177  172  167  162  160  163  172  184  197  206  210  207  197  183
  167  151  138  132  133  136  139  139  136  130  122  112   99   87   77   72
   68   65   62   59   56   52   49   46   45
    12.5-180.0 180.0   5.0 450.0                            LAT/LON1/LON2/DLON/H
   45   46   47   48   49   50   50   49   47   44   42   40   40   40   40   39
   36   32   29   30   34   39   45   51   57   62   68   77   93  114  138  159
  172  178  178  175  172  169  168  173  181  194  207  216  219  215  206  192
  176  160  147  140  140  143  147  148  145  139  131  119  105   93   83   78
   74   71   67   64   60   56   51   47   45
    10.0-180.0 180.0   5.0 450.0                            LAT/LON1/LON2/DLON/H
   44   43   43   44   45   47   48   48   47   45   44   43   41   40   39   37
   34   31   30   32   37   43   49   54   59   65   72   82   97  118  139  157
  169  174  176  176  175  175  177  181  190  201  212  220  222  218  209  197
  183  168  155  148  146  150  154  155  153  147  138  126  111   98   89   83
   79   75   71   67   63   58   52   47   44
     7.5-180.0 180.0   5.0 450.0                            LAT/LON1/LON2/DLON/H
   42   39   38   38   40   42   44   45   45   45   45   44   43   41   39   37
   34   32   32   35   41   47   53   58   63   69   77   88  103  121  139  154
  164  169  173  176  179  181  184  189  196  205  213  219  220  216  208  198
  186  173  162  154  152  155  159  161  159  153  144  131  116  103   94   87
   83   78   72   68   64   59   54   47   42
     5.0-180.0 180.0   5.0 450.0                            LAT/LON1/LON2/DLON/H
   42   36   33   32   34   37   39   40   41   42   43   44   43   40   38   36
   35   34   34   38   44   51   56   61   66   73   82   94  109  124  138  150
  158  164  170  176  182  187  191  196  201  207  212  215  214  211  204  196
  186  176  166  159  157  159  163  164  162  156  147  134  120  107   97   90
   85   78   72   67   64   61   55   48   42
     2.5-180.0 180.0   5.0 450.0                            LAT/LON1/LON2/DLON/H
   43   36   31   29   30   33   35   36   36   37   40   41   40   38   36   35
   35   35   36   40   46   53   58   63   68   76   87  100  113  126  136  145
  152  160  168  178  186  192  197  201  204  207  209  209  208  204  198  191
  184  176  167  162  160  161  164  165  162  156  147  135  121  109  100   92
   85   78   71   67   65   63   59   52   43
