70_EGNOS_Project/files/CODG0190.19I
     1.0            IONOSPHERE MAPS     GNSS                IONEX VERSION / TYPE
ADDNEQ2 V5.3        AIUB                23-JAN-19 20:13     PGM / RUN BY / DATE 
CODE'S GLOBAL IONOSPHERE MAPS FOR DAY 019, 2019             COMMENT             
Global ionosphere maps (GIM) are generated on a daily basis DESCRIPTION         
at CODE using data from about 300 GNSS sites of the IGS and DESCRIPTION         
other institutions. The vertical total electron content     DESCRIPTION         
(VTEC) is modeled in a solar-geomagnetic reference frame    DESCRIPTION         
using a spherical harmonics expansion up to degree and      DESCRIPTION         
order 15. Piece-wise linear functions are used for          DESCRIPTION         
representation in the time domain. The time spacing of      DESCRIPTION         
their vertices is 1 hour, conforming with the epochs of the DESCRIPTION         
VTEC maps.                                                  DESCRIPTION         
To convert line-of-sight TEC into vertical TEC, a modified  DESCRIPTION         
single-layer model mapping function approximating the JPL   DESCRIPTION         
extended slab model mapping function is adopted. The        DESCRIPTION         
mapping function is evaluated at geodetic satellite         DESCRIPTION         
elevation angles. For the computation of the ionospheric    DESCRIPTION         
pierce points, a spherical layer with a radius of 6821 km   DESCRIPTION         
is assumed, implying geocentric, not geodetic IONEX         DESCRIPTION         
latitudes.                                                  DESCRIPTION         
Instrumental biases with respect to each involved GNSS code DESCRIPTION         
observable are estimated as constant values for each        DESCRIPTION         
day. They are modeled with one set of bias parameters for   DESCRIPTION         
each satellite and each station in case of GPS and for each DESCRIPTION         
satellite-station link in case of GLONASS. The code bias    DESCRIPTION         
datum is defined by zero-mean conditions imposed on the     DESCRIPTION         
satellite bias estimates. In this file, just GPS C1W-C2W    DESCRIPTION         
satellite and station bias values are included. The         DESCRIPTION         
complete set of GNSS code bias results is provided in an    DESCRIPTION         
additional Bias-SINEX file as pseudo-absolute values        DESCRIPTION         
specific to each observable.                                DESCRIPTION         
Note: These GIM results correspond to the results for the   DESCRIPTION         
middle day of a 3-day combination analysis solving for 73   DESCRIPTION         
times 256, or 18688 VTEC parameters and 3 daily sets of     DESCRIPTION         
GNSS code bias parameters.                                  DESCRIPTION         
Contact address: code(at)aiub.unibe.ch                      DESCRIPTION         
Data archive:    ftp.aiub.unibe.ch/CODE/                    DESCRIPTION         
                 www.aiub.unibe.ch/download/CODE/           DESCRIPTION         
  2019     1    19     0     0     0                        EPOCH OF FIRST MAP  
  2019     1    20     0     0     0                        EPOCH OF LAST MAP   
  3600                                                      INTERVAL            
[...]
coco cord cpvg cpxf cro1 daej darw dav1 dgar drao dubo ebre COMMENT             
faa1 fair flin flrs frdn ftna func ganp glps glsv gmsd gode COMMENT             
godz gol2 gope gras graz guam guug harb hers hert hlfx hnlc COMMENT             
hnpt hob2 hofn holb hrao hyde iddr ieng iisc ineg iqal irkj COMMENT             
isba jog2 joz2 joze karr kerg kir0 kiru kit3 kokb kokv kouc COMMENT             
koug kour krgg lama laut lhaz lmmf lpal lpgs m0se mac1 madr COMMENT             
mag0 maju mana mas1 mat1 mate maui maw1 mcm4 mdo1 mdvj medi COMMENT             
mets mgue mizu mkea mnls mobj mobk mobs morp mqzg mro1 mtka COMMENT             
nain nano naur nico nist nium nklg nnor not1 nrc1 nril nrmd COMMENT             
ntus nya1 nyal ohi2 ohi3 onsa opmt ous2 pado park pbri pdel COMMENT             
penc pert pfa2 pie1 pimo pohn pol2 polv pots pove prds ptag COMMENT             
ptbb qaq1 quin rabt ramo rbay reun reyk rgdg rio2 riop roth COMMENT             
salu samo sant savo sch2 scor scrz sctb seyg shao sofi spt0 COMMENT             
sthl stjo stk2 str2 suth sutm suwn sydn syog tabl tabv tash COMMENT             
thtg thti thu2 thu3 tid1 tixg tixi tlse tn22 tnml tong tow2 COMMENT             
tro1 tsea tskb twtf txes uclu ufpr ulab unb3 unbj unbn untr COMMENT             
urum usn7 vald vill voim vtsp wab1 wab2 wark wes2 wgtn whit COMMENT             
will wind wsrt wtza wtzr wtzs wtzz xmis yakt yar2 yar3 yarr COMMENT             
ycba yell yssk zeck zim2 zim3 zimj zimm                     COMMENT             
                                                            END OF HEADER       
[from data line 5148]
    13                                                      START OF TEC MAP    
  2019     1    19    12     0     0                        EPOCH OF CURRENT MAP
    87.5-180.0 180.0   5.0 450.0                            LAT/LON1/LON2/DLON/H
   17   17   16   16   16   16   16   16   16   15   15   15   15   15   15   14
   14   14   14   14   13   13   13   13   13   13   13   13   13   13   13   14
   14   14   14   14   14   15   15   15   15   16   16   16   16   16   17   17
   17   17   17   18   18   18   18   18   18   18   18   18   18   18   18   18
   17   17   17   17   17   17   17   17   17
    85.0-180.0 180.0   5.0 450.0                            LAT/LON1/LON2/DLON/H
   16   16   16   16   16   16   15   15   15   15   15   14   14   14   13   13
   12   12   11   11   10   10   10    9    9    9    9    9    9   10   10   10
   11   11   12   12   12   13   13   14   14   15   15   15   16   16   17   17
   17   18   18   18   18   18   18   18   18   18   18   18   18   17   17   17
   17   16   16   16   16   16   16   16   16
    82.5-180.0 180.0   5.0 450.0                            LAT/LON1/LON2/DLON/H
   13   14   14   14   14   15   15   15   15   14   14   14   13   13   12   11
   11   10    9    8    8    7    6    6    6    6    6    6    6    7    7    8
    8    9   10   10   11   12   12   12   13   13   14   14   15   15   16   16
   17   17   17   18   18   18   18   18   18   18   17   17   16   16   15   15
   14   14   13   13   13   13   13   13   13
    80.0-180.0 180.0   5.0 450.0                            LAT/LON1/LON2/DLON/H
   10   11   11   12   13   13   14   14   14   14   14   14   13   13   12   11
   10    9    8    7    6    5    4    3    3    3    3    3    4    5    6    7
    8    9   10   11   11   12   12   12   12   12   12   13   13   13   14   15
   15   16   16   17   17   18   18   17   17   16   16   15   14   13   12   11
   10   10    9    9    9    9    9   10   10
    77.5-180.0 180.0   5.0 450.0                            LAT/LON1/LON2/DLON/H
    7    8    9   10   11   12   12   13   13   13   13   13   13   12   12   11
   10    9    8    7    5    4    3    2    2    2    2    3    4    5    6    8
    9   11   12   13   13   13   13   13   13   12   12   12   12   12   12   13
   14   15   15   16   16   17   16   16   16   15   14   13   11   10    9    8
    7    6    5    5    5    5    6    6    7
    75.0-180.0 180.0   5.0 450.0                            LAT/LON1/LON2/DLON/H
    5    6    7    8    9   10   11   11   12   12   12   12   12   12   12   11
   11   10    9    8    7    5    4    3    3    3    3    4    5    7    9   11
   13   14   16   16   17   17   16   15   14   13   13   12   11   11   12   12
   13   14   15   15   15   15   15   14   14   13   11   10    9    7    6    5
    4    4    3    3    3    3    4    4    5
    72.5-180.0 180.0   5.0 450.0                            LAT/LON1/LON2/DLON/H
    5    5    6    7    8    8    9    9    9    9    9   10   10   11   11   12
   12   12   11   10    9    8    7    6    5    5    5    6    8   10   12   14
   17   19   20   21   21   21   20   19   17   16   15   14   13   13   13   14
   14   15   15   15   15   14   13   12   11   10    9    8    7    6    5    4
    4    3    3    3    3    3    3    4    5
    70.0-180.0 180.0   5.0 450.0                            LAT/LON1/LON2/DLON/H
    5    6    6    7    7    7    7    7    7    6    6    7    8    9   10   12
   13   13   13   13   12   10    9    8    8    8    8   10   11   14   16   18
   21   23   24   25   25   25   24   23   21   20   18   17   17   17   17   17
   17   17   16   15   14   13   11    9    8    7    6    6    5    5    5    5
    5    5    5    5    5    5    5    5    5
    67.5-180.0 180.0   5.0 450.0                            LAT/LON1/LON2/DLON/H
    8    8    8    8    8    7    6    5    4    4    3    4    5    7    9   11
   13   14   15   14   14   13   12   11   10   11   12   13   15   17   20   22
   24   26   28   28   29   28   28   27   25   24   23   23   22   22   22   22
   21   20   19   16   14   11    8    6    4    4    3    4    4    5    6    7
    8    9    9    9    9    9    8    8    8
    65.0-180.0 180.0   5.0 450.0                            LAT/LON1/LON2/DLON/H
   10   10   10   10    9    8    7    5    4    2    1    2    3    5    8   10
   13   14   15   15   14   13   12   12   12   13   14   16   18   20   23   25
   27   29   30   30   30   30   30   29   29   29   29   29   29   29   29   28
   27   25   21   18   13    9    5    3    1    1    1    3    4    6    9   11
   12   14   14   14   14   13   12   11   10
    62.5-180.0 180.0   5.0 450.0                            LAT/LON1/LON2/DLON/H
   14   13   13   13   13   12   10    8    5    3    2    1    2    4    7   10
   12   14   15   14   13   12   11   11   12   14   16   18   21   24   26   28
   30   30   31   31   30   30   31   31   32   33   34   35   36   36   36   34
   32   29   24   19   13    8    4    0    0    0    0    3    5    8   11   14
   16   18   19   19   18   17   16   15   14
    60.0-180.0 180.0   5.0 450.0                            LAT/LON1/LON2/DLON/H
   17   17   18   18   18   17   16   13   10    7    5    3    3    5    7   10
   12   13   13   12   11   10    9   10   11   14   17   20   24   27   30   32
   33   33   32   31   30   30   30   32   34   36   38   40   41   42   41   40
   37   33   27   21   15    9    4    0    0    0    2    4    8   11   14   17
   19   21   22   22   22   20   19   18   17
    57.5-180.0 180.0   5.0 450.0                            LAT/LON1/LON2/DLON/H
   21   22   23   24   25   25   23   20   17   14   10    8    7    8    9   11
   12   13   12   10    8    7    7    8   11   14   19   23   28   32   35   36
   37   36   34   32   30   30   31   33   36   39   42   44   46   46   46   43
   40   36   30   24   17   11    7    4    3    4    6    8   11   14   17   19
   21   23   24   24   24   23   22   21   21
    55.0-180.0 180.0   5.0 450.0                            LAT/LON1/LON2/DLON/H
   25   27   30   32   33   33   32   29   26   22   19   16   14   13   13   13
   14   13   11    9    7    5    5    7   11   16   21   27   32   37   40   42
   42   40   37   34   32   31   32   34   38   42   45   48   50   49   48   46
   42   38   34   28   23   18   13   11   10   11   13   15   17   18   20   21
   23   24   25   25   25   24   24   24   25
    52.5-180.0 180.0   5.0 450.0                            LAT/LON1/LON2/DLON/H
   30   33   36   39   41   41   40   38   36   32   29   25   22   19   18   17
   16   15   12    9    7    6    6    9   14   20   26   32   37   43   47   49
   49   47   43   39   36   35   35   38   41   45   49   52   52   52   50   47
   44   41   38   34   31   27   24   22   22   22   23   24   24   23   23   23
   24   24   25   26   26   26   26   27   30
    50.0-180.0 180.0   5.0 450.0                            LAT/LON1/LON2/DLON/H
   34   38   42   45   47   48   47   46   45   42   39   35   30   26   24   22
   20   18   16   13   10    9   11   15   20   26   32   38   44   49   53   56
   56   53   49   45   42   41   41   44   47   50   54   56   56   54   52   49
   46   44   43   42   41   39   37   36   35   35   35   34   32   29   27   25
   25   25   26   26   27   28   29   31   34
    47.5-180.0 180.0   5.0 450.0                            LAT/LON1/LON2/DLON/H
   38   43   47   50   52   52   52   52   51   50   48   44   39   34   30   27
   25   24   21   18   16   16   19   23   29   35   41   46   50   55   59   61
   62   60   56   52   50   49   50   52   54   57   59   61   60   58   55   51
   50   49   50   51   52   52   52   51   50   49   48   45   41   36   32   28
   27   27   27   28   28   30   31   34   38
    45.0-180.0 180.0   5.0 450.0                            LAT/LON1/LON2/DLON/H
   41   46   50   52   53   53   53   54   55   56   55   52   47   42   37   34
   32   31   29   27   25   26   29   35   41   47   51   54   57   60   63   65
   66   65   63   60   59   59   60   62   63   65   66   67   66   63   60   56
   55   55   58   61   64   65   65   65   64   62   60   55   49   43   37   32
   30   29   29   29   30   31   34   37   41
    42.5-180.0 180.0   5.0 450.0                            LAT/LON1/LON2/DLON/H
   42   46   50   52   52   52   51   53   56   59   60   59   54   49   44   41
   39   39   38   36   36   37   42   48   54   59   61   62   62   63   65   67
   69   69   68   67   68   70   71   73   73   74   74   74   73   70   67   63
   62   63   66   70   74   76   77   76   75   73   69   64   56   49   42   37
   34   32   31   31   32   33   35   38   42
    40.0-180.0 180.0   5.0 450.0                            LAT/LON1/LON2/DLON/H
   41   44   47   49   49   48   47   50   54   59   63   63   60   55   51   48
   47   47   47   47   47   49   54   60   67   71   71   70   68   66   67   68
   70   71   73   74   77   80   83   84   83   83   82   82   81   79   75   72
   70   71   74   77   81   83   84   84   82   80   76   70   62   54   47   41
   37   35   33   33   33   33   35   38   41
    37.5-180.0 180.0   5.0 450.0                            LAT/LON1/LON2/DLON/H
   38   41   43   44   44   43   42   45   50   58   64   66   64   61   57   55
   55   56   56   56   57   60   65   72   77   80   80   77   72   69   68   69
   72   74   77   81   86   91   94   95   93   91   90   89   89   87   85   81
   79   78   80   83   86   88   88   87   86   83   79   74   66   58   51   45
   40   37   34   33   33   33   34   36   38
    35.0-180.0 180.0   5.0 450.0                            LAT/LON1/LON2/DLON/H
   34   36   38   39   39   38   37   40   46   54   62   66   67   65   63   62
   62   63   63   63   64   68   73   80   85   88   86   82   77   73   72   73
   76   79   83   89   95  101  104  104  102   99   97   97   97   96   94   91
   87   85   84   86   88   89   89   88   87   84   81   75   69   61   54   47
   42   38   35   32   31   31   32   33   34
    32.5-180.0 180.0   5.0 450.0                            LAT/LON1/LON2/DLON/H
   30   32   34   35   35   34   34   36   41   50   59   65   68   68   67   67
   68   68   67   67   69   73   79   85   90   92   90   86   82   79   78   80
   83   87   92   97  104  110  114  114  111  107  105  105  105  105  103  100
   95   91   88   87   88   89   89   88   86   84   81   76   69   62   55   49
   43   38   34   31   30   29   29   30   30
    30.0-180.0 180.0   5.0 450.0                            LAT/LON1/LON2/DLON/H
   28   29   31   33   34   33   32   33   37   45   54   62   66   68   69   70
   70   69   68   68   70   74   81   87   91   92   92   90   88   87   89   92
   95   99  103  108  114  120  123  122  119  116  114  114  115  114  112  108
  102   96   91   89   89   90   90   88   86   83   80   75   70   63   56   49
   43   37   33   30   28   28   28   28   28
    27.5-180.0 180.0   5.0 450.0                            LAT/LON1/LON2/DLON/H
   28   29   31   33   34   34   32   31   35   41   49   57   62   66   69   70
   70   68   66   65   68   73   80   85   89   91   91   92   95   98  103  107
  112  115  117  120  124  129  131  131  129  127  126  126  126  125  122  116
  109  101   95   92   92   93   93   91   87   84   80   75   69   63   56   49
   43   37   32   29   28   28   28   28   28
    25.0-180.0 180.0   5.0 450.0                            LAT/LON1/LON2/DLON/H
   30   31   33   36   37   36   34   32   33   38   44   51   57   62   65   67
   66   63   60   60   63   70   77   82   85   87   90   95  102  111  119  126
  130  132  132  133  135  137  139  140  140  140  140  140  139  136  132  125
  117  108  101   97   97   99   98   95   91   86   81   75   69   63   56   50
   44   38   33   30   29   30   30   30   30
    22.5-180.0 180.0   5.0 450.0                            LAT/LON1/LON2/DLON/H
   34   35   37   39   40   39   36   34   33   35   40   45   51   56   60   61
   59   56   53   53   58   66   73   78   81   83   88   97  110  124  136  144
  149  149  147  145  144  145  147  150  152  155  157  157  155  150  143  135
  125  115  108  105  105  107  107  103   96   90   83   77   70   63   57   51
   45   40   35   33   33   33   34   33   34
    20.0-180.0 180.0   5.0 450.0                            LAT/LON1/LON2/DLON/H
   38   39   41   43   44   43   40   36   34   35   37   41   45   49   53   54
   52   48   45   47   53   61   69   74   77   80   87  101  118  136  151  161
  165  164  160  155  152  152  154  159  165  171  176  176  173  165  156  146
  135  124  117  114  115  118  117  111  103   95   86   79   71   65   59   54
   49   44   40   37   37   37   37   37   38
    17.5-180.0 180.0   5.0 450.0                            LAT/LON1/LON2/DLON/H
   41   42   44   46   46   45   42   39   36   35   36   37   40   43   46   46
   44   41   39   42   49   58   67   72   74   78   88  104  126  147  163  173
  177  175  169  163  159  158  161  168  177  187  194  195  190  181  169  157
  145  134  126  124  126  128  127  120  110  100   91   82   74   67   62   58
   53   49   45   43   42   41   41   41   41
    15.0-180.0 180.0   5.0 450.0                            LAT/LON1/LON2/DLON/H
   42   44   46   47   47   46   43   41   39   37   36   36   37   38   40   40
   38   35   35   39   47   57   66   71   74   79   90  109  132  154  171  180
  183  180  175  169  164  163  167  176  188  200  209  212  206  195  182  168
  155  144  136  133  135  137  135  128  117  106   95   86   77   71   66   63
   59   55   51   48   46   45   43   42   42
    12.5-180.0 180.0   5.0 450.0                            LAT/LON1/LON2/DLON/H
   42   43   45   46   45   44   43   41   40   39   37   36   35   35   36   35
   33   32   34   39   48   58   67   72   76   82   95  114  138  159  174  182
  184  182  178  173  169  169  173  183  196  210  221  223  218  206  192  178
  164  152  144  141  143  145  142  134  123  111  100   90   82   75   71   68
   64   60   56   53   50   46   44   42   42
    10.0-180.0 180.0   5.0 450.0                            LAT/LON1/LON2/DLON/H
   39   40   42   43   42   41   40   40   40   39   38   36   35   34   33   32
   31   32   35   42   52   61   69   75   80   88  101  121  142  161  173  179
  182  181  179  177  175  175  180  189  202  216  226  229  224  213  199  185
  172  160  151  148  148  149  146  138  127  116  105   95   86   80   76   72
   69   65   60   56   52   47   43   40   39
     7.5-180.0 180.0   5.0 450.0                            LAT/LON1/LON2/DLON/H
   37   37   38   38   38   37   36   37   38   38   38   36   34   33   32   31
   31   33   39   48   57   66   74   80   86   95  109  127  145  160  170  175
  178  180  181  182  182  183  188  195  206  218  227  230  225  215  202  189
  177  165  156  152  152  152  149  141  131  120  109   99   90   84   80   76
   72   68   63   59   54   48   42   38   37
     5.0-180.0 180.0   5.0 450.0                            LAT/LON1/LON2/DLON/H
   35   35   35   35   33   32   32   32   34   35   35   34   33   32   30   30
   31   35   44   54   63   72   79   85   93  103  117  132  147  159  166  170
  175  180  185  188  190  192  196  201  209  217  223  225  221  213  202  191
  180  168  159  154  153  153  149  142  133  122  112  102   94   87   83   79
   75   69   65   61   56   50   43   38   35
     2.5-180.0 180.0   5.0 450.0                            LAT/LON1/LON2/DLON/H
   36   34   33   32   31   29   27   27   28   30   31   31   30   30   29   29
   31   37   47   59   69   77   83   90   99  110  123  137  148  156  162  167
  174  182  190  196  199  202  204  207  210  214  217  218  215  208  199  190
  180  170  161  156  154  153  149  143  133  123  113  104   96   90   85   81
   76   70   66   63   59   53   46   40   36
