70_EGNOS_Project/files/CODG0200.19I
     1.0            IONOSPHERE MAPS     GNSS                IONEX VERSION / TYPE
ADDNEQ2 V5.3        AIUB                24-JAN-19 22:15     PGM / RUN BY / DATE 
CODE'S GLOBAL IONOSPHERE MAPS FOR DAY 020, 2019             COMMENT             
Global ionosphere maps (GIM) are generated on a daily basis DESCRIPTION         
at CODE using data from about 300 GNSS sites of the IGS and DESCRIPTION         
other institutions. The vertical total electron content     DESCRIPTION         
(VTEC) is modeled in a solar-geomagnetic reference frame    DESCRIPTION         
using a spherical harmonics expansion up to degree and      DESCRIPTION         
order 15. Piece-wise linear functions are used for          DESCRIPTION         
representation in the time domain. The time spacing of      DESCRIPTION         
their vertices is 1 hour, conforming with the epochs of the DESCRIPTION         
VTEC maps.                                                  DESCRIPTION         
To convert line-of-sight TEC into vertical TEC, a modified  DESCRIPTION         
single-layer model mapping function approximating the JPL   DESCRIPTION         
extended slab model mapping function is adopted. The        DESCRIPTION         
mapping function is evaluated at geodetic satellite         DESCRIPTION         
elevation angles. For the computation of the ionospheric    DESCRIPTION         
pierce points, a spherical layer with a radius of 6821 km   DESCRIPTION         
is assumed, implying geocentric, not geodetic IONEX         DESCRIPTION         
latitudes.                                                  DESCRIPTION         
Instrumental biases with respect to each involved GNSS code DESCRIPTION         
observable are estimated as constant values for each        DESCRIPTION         
day. They are modeled with one set of bias parameters for   DESCRIPTION         
each satellite and each station in case of GPS and for each DESCRIPTION         
satellite-station link in case of GLONASS. The code bias    DESCRIPTION         
datum is defined by zero-mean conditions imposed on the     DESCRIPTION         
satellite bias estimates. In this file, just GPS C1W-C2W    DESCRIPTION         
satellite and station bias values are included. The         DESCRIPTION         
complete set of GNSS code bias results is provided in an    DESCRIPTION         
additional Bias-SINEX file as pseudo-absolute values        DESCRIPTION         
specific to each observable.                                DESCRIPTION         
Note: These GIM results correspond to the results for the   DESCRIPTION         
middle day of a 3-day combination analysis solving for 73   DESCRIPTION         
times 256, or 18688 VTEC parameters and 3 daily sets of     DESCRIPTION         
GNSS code bias parameters.                                  DESCRIPTION         
Contact address: code(at)aiub.unibe.ch                      DESCRIPTION         
Data archive:    ftp.aiub.unibe.ch/CODE/                    DESCRIPTION         
                 www.aiub.unibe.ch/download/CODE/           DESCRIPTION         
  2019     1    20     0     0     0                        EPOCH OF FIRST MAP  
  2019     1    21     0     0     0                        EPOCH OF LAST MAP   
  3600                                                      INTERVAL            
[...]
chti chur coco cord cpvg cpxf cro1 daej darw dav1 dgar drao COMMENT             
dubo ebre faa1 fair flin flrs frdn ftna func ganp glps glsv COMMENT             
gmsd gode godz gol2 gope gras graz guam guug harb hers hert COMMENT             
hlfx hnlc hnpt hob2 hofn holb hrao hyde iddr ieng iisc impz COMMENT             
ineg iqal irkj isba jog2 joz2 joze karr kerg kir0 kiru kit3 COMMENT             
kokb kokv kouc koug kour krgg lama laut lhaz lmmf lpal lpgs COMMENT             
m0se mac1 madr mag0 maju mana mas1 mat1 mate maui maw1 mcm4 COMMENT             
mdo1 mdvj medi mets mgue mizu mkea mnls mobj mobk mobs morp COMMENT             
mqzg mro1 mtka nain nano naur nico nist nium nklg nnor not1 COMMENT             
nrc1 nril nrmd ntus nya1 nyal ohi2 ohi3 onsa opmt ous2 pado COMMENT             
park pdel penc pert pfa2 pie1 pimo pohn pol2 polv pots pove COMMENT             
prds ptag ptbb qaq1 quin rabt ramo rbay reun reyk rgdg rio2 COMMENT             
riop roth salu samo sant savo sch2 scor scrz sctb seyg shao COMMENT             
sofi spt0 sthl stjo stk2 str2 suth sutm suwn sydn syog tabl COMMENT             
tabv tash thtg thti thu2 thu3 tid1 tidb tixg tixi tlse tn22 COMMENT             
tong tow2 tro1 tsea tskb twtf txes uclu ufpr ulab unb3 unbj COMMENT             
unbn untr urum usn7 vald vill voim vtsp wab1 wab2 wark wes2 COMMENT             
wgtn whit will wind wsrt wtza wtzr wtzs wtzz xmis yakt yar2 COMMENT             
yar3 yarr ycba yell yssk zeck zim2 zim3 zimj zimm           COMMENT             
                                                            END OF HEADER       
[from data line 858]
     3                                                      START OF TEC MAP    
  2019     1    20     2     0     0                        EPOCH OF CURRENT MAP
    87.5-180.0 180.0   5.0 450.0                            LAT/LON1/LON2/DLON/H
   18   18   18   18   18   18   18   18   18   18   17   17   17   17   16   16
   15   15   15   14   14   13   13   13   12   12   12   12   11   11   11   11
   11   11   11   11   10   10   10   10   10   11   11   11   11   11   11   11
   11   11   11   12   12   12   12   13   13   13   13   14   14   14   15   15
   16   16   16   17   17   17   17   18   18
    85.0-180.0 180.0   5.0 450.0                            LAT/LON1/LON2/DLON/H
   21   21   21   22   22   22   22   21   21   21   20   20   19   18   17   17
   16   15   14   13   12   11   11   10    9    9    8    8    8    7    7    7
    7    7    7    7    8    8    8    8    8    8    8    8    8    8    8    8
    8    8    8    8    9    9    9   10   10   11   12   12   13   13   14   15
   16   16   17   18   18   19   20   20   21
    82.5-180.0 180.0   5.0 450.0                            LAT/LON1/LON2/DLON/H
   22   23   23   24   24   24   24   24   23   23   22   21   20   19   18   16
   15   14   12   11   10    8    7    6    5    5    4    4    4    4    4    4
    5    5    5    6    6    6    6    6    6    6    6    6    6    5    5    5
    5    5    5    5    6    6    6    7    8    8    9   10   11   12   13   14
   15   16   17   18   19   20   21   22   22
    80.0-180.0 180.0   5.0 450.0                            LAT/LON1/LON2/DLON/H
   23   24   24   25   25   25   25   25   24   24   23   22   20   19   17   16
   14   12   11    9    7    6    5    3    2    2    1    1    1    1    2    2
    3    4    5    5    6    6    6    6    6    6    5    5    4    4    3    3
    3    3    3    3    3    4    4    5    6    7    8    9   10   11   12   13
   15   16   17   18   19   20   21   22   23
    77.5-180.0 180.0   5.0 450.0                            LAT/LON1/LON2/DLON/H
   23   24   24   25   25   25   25   24   24   23   22   21   19   18   16   14
   13   11    9    8    6    5    3    2    1    0    0    0    0    0    1    2
    3    4    5    6    6    7    7    6    6    5    5    4    3    3    2    1
    1    1    1    1    2    3    4    5    6    7    8    9   10   12   13   14
   15   16   17   19   20   21   22   22   23
    75.0-180.0 180.0   5.0 450.0                            LAT/LON1/LON2/DLON/H
   24   24   24   24   24   24   23   23   22   21   20   18   17   15   14   12
   11   10    9    7    6    5    3    2    1    0    0    0    0    0    1    2
    4    5    6    7    7    7    7    6    6    5    4    3    3    2    1    1
    1    1    1    2    3    4    5    6    7    9   10   12   13   14   15   16
   17   18   19   20   21   22   23   23   24
    72.5-180.0 180.0   5.0 450.0                            LAT/LON1/LON2/DLON/H
   25   25   25   24   23   23   22   21   19   18   17   15   14   12   11   10
    9    8    8    7    7    6    5    4    3    2    1    1    1    1    2    4
    5    6    7    8    8    7    7    6    5    4    3    3    2    2    2    2
    2    2    3    3    5    6    8    9   11   13   14   16   17   18   19   20
   21   22   23   24   24   25   25   25   25
    70.0-180.0 180.0   5.0 450.0                            LAT/LON1/LON2/DLON/H
   29   28   27   25   24   22   21   19   17   15   13   12   10    9    8    7
    7    7    7    7    8    7    7    6    5    4    3    3    3    3    4    5
    6    8    8    8    8    6    5    4    3    2    2    2    3    3    4    4
    4    4    5    6    7    9   11   13   16   18   19   21   22   23   24   25
   26   27   28   28   29   30   30   29   29
    67.5-180.0 180.0   5.0 450.0                            LAT/LON1/LON2/DLON/H
   34   32   30   28   25   23   21   18   16   13   11    8    7    5    4    4
    5    5    6    7    8    8    8    8    7    7    6    5    4    4    5    6
    7    8    8    8    6    5    3    1    0    0    1    3    4    6    6    7
    7    7    8    9   10   12   15   17   20   22   24   26   28   29   30   31
   32   33   34   35   35   36   36   35   34
    65.0-180.0 180.0   5.0 450.0                            LAT/LON1/LON2/DLON/H
   40   37   35   31   28   25   22   19   15   12    9    6    4    3    2    2
    3    4    5    6    7    8    8    8    8    8    7    6    5    5    6    6
    7    8    8    7    5    3    0    0    0    0    2    4    7    9   10   10
   10   10   10   11   12   14   17   20   24   26   29   31   33   34   35   37
   38   39   40   41   42   43   42   42   40
    62.5-180.0 180.0   5.0 450.0                            LAT/LON1/LON2/DLON/H
   47   44   40   36   32   28   25   21   17   13    9    6    3    2    1    2
    2    3    4    4    5    6    6    7    8    8    7    7    6    6    6    6
    7    8    7    6    4    1    0    0    0    1    4    8   11   13   14   14
   13   12   11   12   13   16   19   23   26   30   33   35   37   39   41   42
   43   44   46   47   48   49   49   49   47
    60.0-180.0 180.0   5.0 450.0                            LAT/LON1/LON2/DLON/H
   53   50   46   42   37   33   29   24   20   15   11    7    5    3    2    3
    3    3    3    3    3    3    3    4    6    7    7    7    7    6    6    6
    7    8    8    7    5    2    0    0    1    4    8   12   16   18   19   17
   15   13   12   12   13   16   20   24   28   32   36   39   42   44   46   47
   48   50   51   52   54   55   56   55   53
    57.5-180.0 180.0   5.0 450.0                            LAT/LON1/LON2/DLON/H
   60   57   52   48   43   39   34   29   24   19   14   10    7    6    5    5
    5    5    4    2    0    0    0    2    4    6    8    8    8    7    7    8
    8    9   10    9    7    6    4    4    6    9   14   18   21   23   22   20
   18   15   13   13   15   18   22   26   31   35   39   43   46   49   51   52
   53   54   55   56   58   60   61   61   60
    55.0-180.0 180.0   5.0 450.0                            LAT/LON1/LON2/DLON/H
   65   62   58   54   49   45   40   35   30   24   19   15   12   10   10   10
    9    8    6    2    0    0    0    0    4    7   10   11   11   10   10   10
   11   12   13   13   13   12   11   11   13   17   20   24   26   27   25   23
   20   17   16   16   17   21   25   30   35   39   43   47   51   54   56   57
   58   57   57   58   60   63   65   66   65
    52.5-180.0 180.0   5.0 450.0                            LAT/LON1/LON2/DLON/H
   68   66   63   59   55   51   47   42   36   30   25   20   17   16   15   15
   14   12    9    5    1    0    0    2    6   11   14   16   16   15   14   14
   15   16   18   19   20   19   19   20   22   24   27   29   30   29   28   26
   23   21   21   21   23   27   31   36   40   45   49   53   57   60   62   62
   61   60   59   60   61   64   67   69   68
    50.0-180.0 180.0   5.0 450.0                            LAT/LON1/LON2/DLON/H
   71   70   67   64   61   57   53   49   43   37   32   27   24   22   20   20
   19   16   13    8    5    3    4    8   13   18   21   22   22   20   19   19
   20   22   24   26   27   28   28   29   30   32   33   33   33   32   30   29
   28   28   29   30   32   36   40   44   48   52   56   59   63   65   66   66
   64   62   60   60   62   65   68   70   71
    47.5-180.0 180.0   5.0 450.0                            LAT/LON1/LON2/DLON/H
   72   72   70   68   65   63   60   55   50   44   39   34   30   28   26   24
   23   21   18   14   11   11   13   18   23   28   31   31   29   27   25   25
   25   27   30   33   34   36   36   37   38   38   38   36   35   34   33   34
   36   38   39   42   44   47   50   54   57   60   63   66   68   70   70   69
   67   64   61   60   61   64   68   71   72
    45.0-180.0 180.0   5.0 450.0                            LAT/LON1/LON2/DLON/H
   73   73   71   70   69   67   64   61   56   51   46   42   38   34   31   28
   27   25   23   21   20   22   26   31   36   40   41   40   37   34   31   30
   31   33   36   38   40   42   43   43   43   43   41   39   37   36   37   41
   45   49   52   54   56   59   61   64   67   69   70   71   73   73   73   72
   69   65   62   61   61   64   68   71   73
    42.5-180.0 180.0   5.0 450.0                            LAT/LON1/LON2/DLON/H
   72   72   71   70   70   69   68   65   61   57   53   49   45   40   36   32
   30   28   28   28   30   34   40   46   51   53   52   48   44   39   37   36
   36   38   40   43   44   46   46   47   47   46   44   41   39   40   43   48
   54   60   64   66   68   70   71   73   75   76   76   76   76   76   75   74
   71   67   64   62   63   65   68   71   72
    40.0-180.0 180.0   5.0 450.0                            LAT/LON1/LON2/DLON/H
   71   71   70   69   69   69   69   67   64   61   59   56   52   47   42   37
   34   33   34   36   41   48   55   61   65   65   61   55   49   44   41   40
   40   42   44   46   47   47   48   49   49   48   46   44   43   45   49   56
   63   69   73   75   77   78   79   80   81   81   80   79   78   78   77   76
   74   72   69   67   66   67   69   71   71
    37.5-180.0 180.0   5.0 450.0                            LAT/LON1/LON2/DLON/H
   71   69   68   67   67   68   68   67   65   64   63   62   59   54   48   42
   39   39   41   45   52   60   69   75   76   74   67   59   52   47   44   43
   44   45   47   47   48   47   48   49   50   50   49   48   48   50   55   62
   69   74   78   80   81   82   83   84   85   85   84   82   81   81   81   81
   80   79   76   74   72   71   71   71   71
    35.0-180.0 180.0   5.0 450.0                            LAT/LON1/LON2/DLON/H
   71   68   66   64   65   66   67   66   66   66   66   67   65   61   55   49
   46   46   48   54   62   71   79   84   84   79   70   61   53   49   46   46
   47   48   49   48   48   47   47   48   50   51   52   51   52   55   60   65
   71   75   78   80   82   83   85   86   87   87   87   86   86   87   88   90
   91   90   88   84   80   77   75   73   71
    32.5-180.0 180.0   5.0 450.0                            LAT/LON1/LON2/DLON/H
   73   69   65   63   63   64   65   66   65   66   68   70   70   67   62   57
   54   54   57   62   70   79   86   89   87   80   70   61   54   49   48   48
   49   50   50   49   48   46   46   47   50   52   54   54   56   58   62   65
   68   70   73   76   79   82   84   87   88   90   91   92   94   97  100  103
  105  106  103   99   92   86   81   77   73
    30.0-180.0 180.0   5.0 450.0                            LAT/LON1/LON2/DLON/H
   79   73   68   64   63   65   66   66   66   67   69   72   73   72   68   65
   62   62   65   69   76   83   88   89   85   77   68   59   53   50   49   50
   50   51   51   50   47   45   45   46   49   52   54   55   56   58   60   60
   61   62   65   70   75   80   84   87   90   93   96  101  106  112  117  122
  124  125  122  116  107   98   91   85   79
    27.5-180.0 180.0   5.0 450.0                            LAT/LON1/LON2/DLON/H
   89   81   74   69   67   68   69   69   68   68   70   73   74   74   73   70
   69   69   71   74   79   84   86   85   79   71   63   56   52   50   50   50
   51   52   51   50   47   45   43   45   47   50   51   52   53   54   54   52
   51   52   56   63   71   78   83   88   93   98  105  113  121  130  137  143
  145  145  142  134  124  113  103   96   89
    25.0-180.0 180.0   5.0 450.0                            LAT/LON1/LON2/DLON/H
  102   93   85   78   75   74   75   74   72   71   71   73   75   75   74   74
   73   73   74   76   79   81   81   77   71   63   57   52   50   49   50   50
   51   51   51   50   47   44   42   42   44   45   46   46   46   46   45   42
   40   41   48   58   69   78   84   90   97  105  115  126  138  150  158  164
  166  165  160  152  140  128  118  110  102
    22.5-180.0 180.0   5.0 450.0                            LAT/LON1/LON2/DLON/H
  118  109   99   90   85   84   84   83   79   76   74   74   74   74   74   74
   74   73   73   74   75   75   73   68   61   55   51   49   48   48   49   49
   50   50   49   48   46   42   40   39   39   38   37   36   35   35   34   31
   30   34   43   56   69   79   87   94  103  114  127  141  155  168  177  182
  183  181  175  166  155  144  134  126  118
    20.0-180.0 180.0   5.0 450.0                            LAT/LON1/LON2/DLON/H
  136  127  115  105   98   96   95   93   88   83   79   76   74   72   71   71
   71   70   69   69   69   68   64   58   52   47   45   45   46   47   48   48
   48   47   47   46   43   40   37   34   32   29   26   24   23   24   23   22
   23   29   41   57   71   82   90   99  109  123  138  154  169  182  191  195
  194  191  185  177  167  157  150  143  136
    17.5-180.0 180.0   5.0 450.0                            LAT/LON1/LON2/DLON/H
  154  144  132  120  112  109  107  104   98   91   85   79   75   71   68   67
   66   64   63   62   61   60   56   51   45   42   42   43   45   46   46   46
   45   44   44   42   40   37   33   29   25   20   15   12   12   13   14   15
   19   28   43   60   75   85   94  103  116  131  147  163  178  190  197  199
  197  193  188  182  175  169  164  160  154
    15.0-180.0 180.0   5.0 450.0                            LAT/LON1/LON2/DLON/H
  170  160  147  135  126  121  118  114  108  100   92   85   77   71   67   64
   62   59   57   55   55   54   51   46   42   40   41   43   44   45   45   44
   43   42   40   39   36   33   29   24   18   12    6    3    3    5    9   12
   19   30   47   64   78   88   97  108  122  137  153  168  181  191  196  197
  194  190  186  183  179  177  175  174  170
    12.5-180.0 180.0   5.0 450.0                            LAT/LON1/LON2/DLON/H
  182  173  161  148  138  132  128  124  117  109  101   91   82   74   68   64
   60   57   53   51   50   50   48   45   42   42   43   45   45   45   44   43
   41   39   37   35   32   29   25   20   14    7    0    0    0    1    6   12
   21   35   52   69   81   90   99  111  126  141  156  168  178  185  189  189
  186  183  181  180  180  182  184  185  182
    10.0-180.0 180.0   5.0 450.0                            LAT/LON1/LON2/DLON/H
  190  183  171  159  149  142  137  132  125  118  109   99   89   80   72   67
   63   59   55   51   50   49   48   47   46   47   48   49   48   46   44   42
   40   37   34   31   29   25   22   17   11    4    0    0    0    2    8   15
   25   40   57   72   84   92  101  113  129  144  156  165  171  176  179  178
  177  176  176  178  181  185  189  192  190
     7.5-180.0 180.0   5.0 450.0                            LAT/LON1/LON2/DLON/H
  195  189  179  167  158  150  144  139  132  125  117  108   97   88   81   76
   72   67   62   57   54   53   52   53   53   55   56   55   52   49   46   43
   40   36   32   29   26   23   20   15   10    5    0    0    0    5   11   19
   30   44   61   75   85   93  102  115  130  144  153  159  163  166  168  169
  170  171  173  177  181  186  192  196  195
     5.0-180.0 180.0   5.0 450.0                            LAT/LON1/LON2/DLON/H
  197  192  184  175  166  158  152  145  139  132  125  116  107   98   92   88
   85   81   74   67   62   59   59   60   62   65   65   63   58   53   48   45
   41   36   31   27   24   22   19   16   12    8    5    4    7   11   16   24
   35   49   64   77   86   94  104  117  131  143  150  154  156  159  162  164
  167  171  175  179  183  188  193  197  197
     2.5-180.0 180.0   5.0 450.0                            LAT/LON1/LON2/DLON/H
  196  193  188  181  173  166  159  152  146  140  133  125  116  108  104  102
  101   97   89   80   72   67   66   68   71   74   74   71   64   57   51   46
   41   36   30   26   24   21   19   17   14   12   11   11   14   17   21   28
   39   53   67   79   88   96  106  119  131  141  147  150  152  155  160  165
  171  177  181  185  188  191  194  196  196
