70_EGNOS_Project/files/EMS_136_2019_02_11_15/h15ems_ionex_Europe_5x5_IGPMap_All.19i
     1.0            IONOSPHERE MAPS     GPS                 IONEX VERSION / TYPE
GINA 1.0            GINA Project        14-02-2019 15:15:16 PGM / RUN BY / DATE 
TEC values in 10e-1 [TEC] 9999, if no value available       COMMENT             
Infrastructure: Robert Bosch Kft., Budapest                 DESCRIPTION         
Creator: Balazs Lupsic                                      DESCRIPTION         
Contact adress: balazs.lupsic@hu.bosch.com                  DESCRIPTION         
Contact adress: balazs.lupsic@gmail.com                     DESCRIPTION         
  2019     2    11    15     1    36                        EPOCH OF FIRST MAP  
  2019     2    11    15    59    58                        EPOCH OF LAST MAP   
    10                                                      INTERVAL            
   328                                                      # OF MAPS IN FILE   
   TBD                                                      MAPPING FUNCTION    
     0.0                                                    ELEVATION CUTOFF    
TEC is obtained from EGNOS                                  OBSERVABLES USED    
  6371.4                                                    BASE RADIUS         
     2                                                      MAP DIMENSION       
   350.0 350.0   0.0                                        HGT1 / HGT2 / DHGT  
    90.0  10.0  -5.0                                        LAT1 / LAT2 / DLAT  
   -60.0  60.0   5.0                                        LON1 / LON2 / DLON  
    -1                                                      EXPONENT            
                                                            END OF HEADER       
[from data line 8100]
    75                                                      START OF TEC MAP    
  2019     2    11    15    15    47                        EPOCH OF CURRENT MAP
    90.0 -60.0  60.0   5.0 350.0                            LAT/LON1/LON2/DLON/H
 9999 9999 9999 9999 9999 9999 9999 9999 9999 9999 9999 9999 9999 9999 9999 9999
 9999 9999 9999 9999 9999 9999 9999 9999 9999                                   
    85.0 -60.0  60.0   5.0 350.0                            LAT/LON1/LON2/DLON/H
 9999 9999 9999 9999 9999 9999   31 9999 9999 9999 9999 9999   38 9999 9999 9999
 9999 9999   31 9999 9999 9999 9999 9999 9999                                   
    80.0 -60.0  60.0   5.0 350.0                            LAT/LON1/LON2/DLON/H
 9999 9999 9999 9999 9999 9999 9999 9999 9999 9999 9999 9999 9999 9999 9999 9999
 9999 9999 9999 9999 9999 9999 9999 9999 9999                                   
    75.0 -60.0  60.0   5.0 350.0                            LAT/LON1/LON2/DLON/H
 9999 9999   69 9999   54 9999   46 9999   46 9999   38 9999   31 9999   23 9999
   23 9999   23 9999   31 9999   38 9999   38                                   
    70.0 -60.0  60.0   5.0 350.0                            LAT/LON1/LON2/DLON/H
 9999 9999   85 9999   69 9999   69 9999   62 9999   54 9999   46 9999   38 9999
   31 9999   23 9999   31 9999   38 9999   54                                   
    65.0 -60.0  60.0   5.0 350.0                            LAT/LON1/LON2/DLON/H
 9999 9999 9999 9999   77 9999   85 9999   77 9999   62 9999   38 9999   31 9999
   23 9999   23 9999   23 9999   23 9999 9999                                   
    60.0 -60.0  60.0   5.0 350.0                            LAT/LON1/LON2/DLON/H
 9999 9999 9999 9999   54   69   92   92   77   62   54   38   38   38   31   31
   31   31   23   23   23   23 9999 9999 9999                                   
    55.0 -60.0  60.0   5.0 350.0                            LAT/LON1/LON2/DLON/H
 9999 9999 9999 9999 9999  123  100 9999   69   62   62   62   54   54   46   38
   38   38   38   46   54   54 9999 9999 9999                                   
    50.0 -60.0  60.0   5.0 350.0                            LAT/LON1/LON2/DLON/H
 9999 9999 9999  123 9999 9999   77   69   77   77   77   69   69   62   54   46
   46   46   62   92   92 9999 9999 9999 9999                                   
    45.0 -60.0  60.0   5.0 350.0                            LAT/LON1/LON2/DLON/H
 9999 9999 9999 9999 9999 9999   62   62   77   77   77   77   69   62   69   69
   62   62   62   77   69 9999 9999 9999 9999                                   
    40.0 -60.0  60.0   5.0 350.0                            LAT/LON1/LON2/DLON/H
 9999 9999 9999 9999 9999 9999   77   85   77   77   69   77   85   85   85   92
   85   77   62   62   54   62 9999 9999 9999                                   
    35.0 -60.0  60.0   5.0 350.0                            LAT/LON1/LON2/DLON/H
 9999 9999 9999 9999 9999 9999  100   92   85   85   85   92  100  108  108  108
  100   92   85   77   69   69 9999 9999 9999                                   
    30.0 -60.0  60.0   5.0 350.0                            LAT/LON1/LON2/DLON/H
 9999 9999 9999 9999 9999 9999  115  100  115  115  123  115  131  123  123  123
  108  100   92   85   85  108 9999 9999 9999                                   
    25.0 -60.0  60.0   5.0 350.0                            LAT/LON1/LON2/DLON/H
 9999 9999 9999 9999 9999 9999  154  177  192  223  254  239  177  139  131  123
  108  100  100   92   92 9999 9999 9999 9999                                   
    20.0 -60.0  60.0   5.0 350.0                            LAT/LON1/LON2/DLON/H
 9999 9999 9999 9999 9999 9999 9999  262  293  323  285  370 9999 9999 9999  162
  154  146  139  115  108 9999 9999 9999 9999                                   
    15.0 -60.0  60.0   5.0 350.0                            LAT/LON1/LON2/DLON/H
 9999 9999 9999 9999 9999 9999 9999 9999  254  262  246 9999 9999 9999 9999 9999
 9999 9999 9999 9999 9999 9999 9999 9999 9999                                   
    10.0 -60.0  60.0   5.0 350.0                            LAT/LON1/LON2/DLON/H
 9999 9999 9999 9999 9999 9999 9999 9999 9999 9999 9999 9999 9999 9999 9999 9999
 9999 9999 9999 9999 9999 9999 9999 9999 9999                                   
    75                                                      END OF TEC MAP      
    75                                                      START OF RMS MAP    
  2019     2    11    15    15    47                        EPOCH OF CURRENT MAP
    90.0 -60.0  60.0   5.0 350.0                            LAT/LON1/LON2/DLON/H
 9999 9999 9999 9999 9999 9999 9999 9999 9999 9999 9999 9999 9999 9999 9999 9999
 9999 9999 9999 9999 9999 9999 9999 9999 9999                                   
    85.0 -60.0  60.0   5.0 350.0                            LAT/LON1/LON2/DLON/H
 9999 9999 9999 9999 9999 9999  281 9999 9999 9999 9999 9999   84 9999 9999 9999
 9999 9999  281 9999 9999 9999 9999 9999 9999                                   
    80.0 -60.0  60.0   5.0 350.0                            LAT/LON1/LON2/DLON/H
 9999 9999 9999 9999 9999 9999 9999 9999 9999 9999 9999 9999 9999 9999 9999 9999
 9999 9999 9999 9999 9999 9999 9999 9999 9999                                   
    75.0 -60.0  60.0   5.0 350.0                            LAT/LON1/LON2/DLON/H
 9999 9999  842 9999  842 9999  281 9999   56 9999   45 9999   45 9999   45 9999
   45 9999   45 9999   51 9999   84 9999  842                                   
    70.0 -60.0  60.0   5.0 350.0                            LAT/LON1/LON2/DLON/H
 9999 9999  842 9999  281 9999   56 9999   45 9999   45 9999   45 9999   45 9999
   45 9999   45 9999   51 9999   84 9999  842                                   
    65.0 -60.0  60.0   5.0 350.0                            LAT/LON1/LON2/DLON/H
 9999 9999 9999 9999  112 9999   51 9999   45 9999   45 9999   45 9999   45 9999
   45 9999   39 9999   51 9999  281 9999 9999                                   
    60.0 -60.0  60.0   5.0 350.0                            LAT/LON1/LON2/DLON/H
 9999 9999 9999 9999  842  281   56   51   51   45   45   45   45   39   39   39
   39   39   39   51   67  281 9999 9999 9999                                   
    55.0 -60.0  60.0   5.0 350.0                            LAT/LON1/LON2/DLON/H
 9999 9999 9999 9999 9999  842  281 9999   45   45   45   45   45   39   39   39
   39   39   45   67  112  842 9999 9999 9999                                   
    50.0 -60.0  60.0   5.0 350.0                            LAT/LON1/LON2/DLON/H
 9999 9999 9999  842 9999 9999  842   84   45   45   45   45   45   45   45   45
   45   45   56   84  842 9999 9999 9999 9999                                   
    45.0 -60.0  60.0   5.0 350.0                            LAT/LON1/LON2/DLON/H
 9999 9999 9999 9999 9999 9999  112   67   45   45   45   45   45   45   45   45
   45   45   51   84  112 9999 9999 9999 9999                                   
    40.0 -60.0  60.0   5.0 350.0                            LAT/LON1/LON2/DLON/H
 9999 9999 9999 9999 9999 9999   67   45   45   45   45   45   45   45   45   45
   45   45   45   45   51  281 9999 9999 9999                                   
    35.0 -60.0  60.0   5.0 350.0                            LAT/LON1/LON2/DLON/H
 9999 9999 9999 9999 9999 9999   56   45   45   45   45   45   51   45   45   45
   45   45   45   45   51  281 9999 9999 9999                                   
    30.0 -60.0  60.0   5.0 350.0                            LAT/LON1/LON2/DLON/H
 9999 9999 9999 9999 9999 9999   84   45   45   45   67   84  112   56   56   45
   45   45   45   45   51  842 9999 9999 9999                                   
    25.0 -60.0  60.0   5.0 350.0                            LAT/LON1/LON2/DLON/H
 9999 9999 9999 9999 9999 9999  842  112   51   67  112  842  842  842  842  281
   84   45   45   45   84 9999 9999 9999 9999                                   
    20.0 -60.0  60.0   5.0 350.0                            LAT/LON1/LON2/DLON/H
 9999 9999 9999 9999 9999 9999 9999  842   67  112  281  842 9999 9999 9999  842
  842   84   67   84  281 9999 9999 9999 9999                                   
    15.0 -60.0  60.0   5.0 350.0                            LAT/LON1/LON2/DLON/H
 9999 9999 9999 9999 9999 9999 9999 9999  281  281  842 9999 9999 9999 9999 9999
 9999 9999 9999 9999 9999 9999 9999 9999 9999                                   
    10.0 -60.0  60.0   5.0 350.0                            LAT/LON1/LON2/DLON/H
 9999 9999 9999 9999 9999 9999 9999 9999 9999 9999 9999 9999 9999 9999 9999 9999
 9999 9999 9999 9999 9999 9999 9999 9999 9999                                   
    75                                                      END OF RMS MAP      
    76                                                      START OF TEC MAP    
  2019     2    11    15    15    55                        EPOCH OF CURRENT MAP
    90.0 -60.0  60.0   5.0 350.0                            LAT/LON1/LON2/DLON/H
 9999 9999 9999 9999 9999 9999 9999 9999 9999 9999 9999 9999 9999 9999 9999 9999
 9999 9999 9999 9999 9999 9999 9999 9999 9999                                   
    85.0 -60.0  60.0   5.0 350.0                            LAT/LON1/LON2/DLON/H
 9999 9999 9999 9999 9999 9999   31 9999 9999 9999 9999 9999   38 9999 9999 9999
 9999 9999   31 9999 9999 9999 9999 9999 9999                                   
    80.0 -60.0  60.0   5.0 350.0                            LAT/LON1/LON2/DLON/H
 9999 9999 9999 9999 9999 9999 9999 9999 9999 9999 9999 9999 9999 9999 9999 9999
 9999 9999 9999 9999 9999 9999 9999 9999 9999                                   
    75.0 -60.0  60.0   5.0 350.0                            LAT/LON1/LON2/DLON/H
 9999 9999   69 9999   54 9999   46 9999   46 9999   38 9999   31 9999   23 9999
   23 9999   23 9999   31 9999   38 9999   38                                   
    70.0 -60.0  60.0   5.0 350.0                            LAT/LON1/LON2/DLON/H
 9999 9999   85 9999   69 9999   69 9999   62 9999   54 9999   46 9999   38 9999
   31 9999   23 9999   31 9999   38 9999   54                                   
    65.0 -60.0  60.0   5.0 350.0                            LAT/LON1/LON2/DLON/H
 9999 9999 9999 9999   77 9999   85 9999   77 9999   62 9999   38 9999   31 9999
   23 9999   23 9999   23 9999   23 9999 9999                                   
    60.0 -60.0  60.0   5.0 350.0                            LAT/LON1/LON2/DLON/H
 9999 9999 9999 9999   54   69   92   92   77   62   54   38   38   38   31   31
   31   31   23   23   23   23 9999 9999 9999                                   
    55.0 -60.0  60.0   5.0 350.0                            LAT/LON1/LON2/DLON/H
 9999 9999 9999 9999 9999  123  100 9999   69   62   62   62   54   54   46   38
   38   38   38   46   54   54 9999 9999 9999                                   
    50.0 -60.0  60.0   5.0 350.0                            LAT/LON1/LON2/DLON/H
 9999 9999 9999  123 9999 9999   77   69   77   77   77   69   62   62   54   46
   46   46   62   92   92 9999 9999 9999 9999                                   
    45.0 -60.0  60.0   5.0 350.0                            LAT/LON1/LON2/DLON/H
 9999 9999 9999 9999 9999 9999   62   62   77   77   77   77   69   62   69   69
   62   62   62   77   69 9999 9999 9999 9999                                   
    40.0 -60.0  60.0   5.0 350.0                            LAT/LON1/LON2/DLON/H
 9999 9999 9999 9999 9999 9999   77   85   77   77   69   77   85   85   85   92
   85   77   62   62   54   62 9999 9999 9999                                   
    35.0 -60.0  60.0   5.0 350.0                            LAT/LON1/LON2/DLON/H
 9999 9999 9999 9999 9999 9999  100   92   85   85   85   92  100  108  108  108
  100   92   85   77   69   69 9999 9999 9999                                   
    30.0 -60.0  60.0   5.0 350.0                            LAT/LON1/LON2/DLON/H
 9999 9999 9999 9999 9999 9999  115  100  115  115  123  115  131  115  123  123
  108  100   92   85   85  108 9999 9999 9999                                   
    25.0 -60.0  60.0   5.0 350.0                            LAT/LON1/LON2/DLON/H
 9999 9999 9999 9999 9999 9999  154  177  192  223  254  239  177  131  131  123
  108  100  100   92   92 9999 9999 9999 9999                                   
    20.0 -60.0  60.0   5.0 350.0                            LAT/LON1/LON2/DLON/H
 9999 9999 9999 9999 9999 9999 9999  262  293  323  285  370 9999 9999 9999  162
  154  146  139  115  108 9999 9999 9999 9999                                   
    15.0 -60.0  60.0   5.0 350.0                            LAT/LON1/LON2/DLON/H
 9999 9999 9999 9999 9999 9999 9999 9999  254  262  246 9999 9999 9999 9999 9999
 9999 9999 9999 9999 9999 9999 9999 9999 9999                                   
    10.0 -60.0  60.0   5.0 350.0                            LAT/LON1/LON2/DLON/H
 9999 9999 9999 9999 9999 9999 9999 9999 9999 9999 9999 9999 9999 9999 9999 9999
 9999 9999 9999 9999 9999 9999 9999 9999 9999                                   
    76                                                      END OF TEC MAP      
    76                                                      START OF RMS MAP    
  2019     2    11    15    15    55                        EPOCH OF CURRENT MAP
    90.0 -60.0  60.0   5.0 350.0                            LAT/LON1/LON2/DLON/H
 9999 9999 9999 9999 9999 9999 9999 9999 9999 9999 9999 9999 9999 9999 9999 9999
 9999 9999 9999 9999 9999 9999 9999 9999 9999                                   
    85.0 -60.0  60.0   5.0 350.0                            LAT/LON1/LON2/DLON/H
 9999 9999 9999 9999 9999 9999  281 9999 9999 9999 9999 9999   84 9999 9999 9999
 9999 9999  281 9999 9999 9999 9999 9999 9999                                   
    80.0 -60.0  60.0   5.0 350.0                            LAT/LON1/LON2/DLON/H
 9999 9999 9999 9999 9999 9999 9999 9999 9999 9999 9999 9999 9999 9999 9999 9999
 9999 9999 9999 9999 9999 9999 9999 9999 9999                                   
    75.0 -60.0  60.0   5.0 350.0                            LAT/LON1/LON2/DLON/H
 9999 9999  842 9999  842 9999  281 9999   56 9999   45 9999   45 9999   45 9999
   45 9999   45 9999   51 9999   84 9999  842                                   
    70.0 -60.0  60.0   5.0 350.0                            LAT/LON1/LON2/DLON/H
 9999 9999  842 9999  281 9999   56 9999   45 9999   45 9999   45 9999   45 9999
   45 9999   45 9999   51 9999   84 9999  842                                   
    65.0 -60.0  60.0   5.0 350.0                            LAT/LON1/LON2/DLON/H
 9999 9999 9999 9999  112 9999   51 9999   45 9999   45 9999   45 9999   45 9999
   45 9999   39 9999   51 9999  281 9999 9999                                   
    60.0 -60.0  60.0   5.0 350.0                            LAT/LON1/LON2/DLON/H
 9999 9999 9999 9999  842  281   56   51   51   45   45   45   45   39   39   39
   39   39   39   51   67  281 9999 9999 9999                                   
    55.0 -60.0  60.0   5.0 350.0                            LAT/LON1/LON2/DLON/H
 9999 9999 9999 9999 9999  842  281 9999   45   45   45   45   45   39   39   39
   39   39   45   67  112  842 9999 9999 9999                                   
    50.0 -60.0  60.0   5.0 350.0                            LAT/LON1/LON2/DLON/H
 9999 9999 9999  842 9999 9999  842   84   45   45   45   45   45   45   45   45
   45   45   56   84  842 9999 9999 9999 9999                                   
    45.0 -60.0  60.0   5.0 350.0                            LAT/LON1/LON2/DLON/H
 9999 9999 9999 9999 9999 9999  112   67   45   45   45   45   45   45   45   45
   45   45   51   84  112 9999 9999 9999 9999                                   
    40.0 -60.0  60.0   5.0 350.0                            LAT/LON1/LON2/DLON/H
 9999 9999 9999 9999 9999 9999   67   45   45   45   45   45   45   45   45   45
   45   45   45   45   51  281 9999 9999 9999                                   
