70_EGNOS_Project/files/EMS_136_2019_02_11_15/h15ems_ionex_Europe_5x5_IGPMap_All.19i
     1.0            IONOSPHERE MAPS     GPS                 IONEX VERSION / TYPE
GINA 1.0            GINA Project        14-02-2019 15:15:16 PGM / RUN BY / DATE 
TEC values in 10e-1 [TEC] 9999, if no value available       COMMENT             
Infrastructure: Robert Bosch Kft., Budapest                 DESCRIPTION         
Creator: Balazs Lupsic                                      DESCRIPTION         
Contact adress: balazs.lupsic@hu.bosch.com                  DESCRIPTION         
Contact adress: balazs.lupsic@gmail.com                     DESCRIPTION         
  2019     2    11    15     1    36                        EPOCH OF FIRST MAP  
  2019     2    11    15    59    58                        EPOCH OF LAST MAP   
    10                                                      INTERVAL            
   328                                                      # OF MAPS IN FILE   
   TBD                                                      MAPPING FUNCTION    
     0.0                                                    ELEVATION CUTOFF    
TEC is obtained from EGNOS                                  OBSERVABLES USED    
  6371.4                                                    BASE RADIUS         
     2                                                      MAP DIMENSION       
   350.0 350.0   0.0                                        HGT1 / HGT2 / DHGT  
    90.0  10.0  -5.0                                        LAT1 / LAT2 / DLAT  
   -60.0  60.0   5.0                                        LON1 / LON2 / DLON  
    -1                                                      EXPONENT            
                                                            END OF HEADER       
[from data line 22032]
   204                                                      START OF TEC MAP    
  2019     2    11    15    36    33                        EPOCH OF CURRENT MAP
    90.0 -60.0  60.0   5.0 350.0                            LAT/LON1/LON2/DLON/H
 9999 9999 9999 9999 9999 9999 9999 9999 9999 9999 9999 9999 9999 9999 9999 9999
 9999 9999 9999 9999 9999 9999 9999 9999 9999                                   
    85.0 -60.0  60.0   5.0 350.0                            LAT/LON1/LON2/DLON/H
   31 9999 9999 9999 9999 9999   31 9999 9999 9999 9999 9999   31 9999 9999 9999
 9999 9999   31 9999 9999 9999 9999 9999   31                                   
    80.0 -60.0  60.0   5.0 350.0                            LAT/LON1/LON2/DLON/H
 9999 9999 9999 9999 9999 9999 9999 9999 9999 9999 9999 9999 9999 9999 9999 9999
 9999 9999 9999 9999 9999 9999 9999 9999 9999                                   
    75.0 -60.0  60.0   5.0 350.0                            LAT/LON1/LON2/DLON/H
 9999 9999   85 9999   69 9999   62 9999   54 9999   46 9999   31 9999   23 9999
   23 9999   23 9999   23 9999   23 9999   31                                   
    70.0 -60.0  60.0   5.0 350.0                            LAT/LON1/LON2/DLON/H
 9999 9999   85 9999   85 9999   69 9999   69 9999   54 9999   31 9999   23 9999
   23 9999   23 9999   23 9999   23 9999   38                                   
    65.0 -60.0  60.0   5.0 350.0                            LAT/LON1/LON2/DLON/H
 9999 9999 9999 9999   77 9999   85 9999   85 9999   62 9999   31 9999   23 9999
   23 9999   23 9999   23 9999   31 9999 9999                                   
    60.0 -60.0  60.0   5.0 350.0                            LAT/LON1/LON2/DLON/H
 9999 9999 9999 9999   62   85   92   85   69   62   54   46   38   38   31   31
   31   31   31   31   31   31   31 9999 9999                                   
    55.0 -60.0  60.0   5.0 350.0                            LAT/LON1/LON2/DLON/H
 9999 9999 9999   77  100  108   85   69   62   62   62   62   54   46   46   38
   38   38   38   46   54   54 9999 9999 9999                                   
    50.0 -60.0  60.0   5.0 350.0                            LAT/LON1/LON2/DLON/H
 9999 9999 9999  123 9999 9999   85   77   77   77   77   69   69   62   54   46
   46   54   54   62   54   54 9999 9999 9999                                   
    45.0 -60.0  60.0   5.0 350.0                            LAT/LON1/LON2/DLON/H
 9999 9999  131  108 9999   77   77   77   85   77   77   69   62   62   62   62
   62   62   62   54   46   54 9999 9999 9999                                   
    40.0 -60.0  60.0   5.0 350.0                            LAT/LON1/LON2/DLON/H
 9999 9999 9999 9999 9999   92   92   77   77   77   69   77   77   85   85   85
   77   69   54   46   46   54 9999 9999 9999                                   
    35.0 -60.0  60.0   5.0 350.0                            LAT/LON1/LON2/DLON/H
 9999 9999 9999 9999 9999  115  100   92   85   85   85   92  100  108  108  108
  100   92   85   69   62   77 9999 9999 9999                                   
    30.0 -60.0  60.0   5.0 350.0                            LAT/LON1/LON2/DLON/H
 9999 9999 9999 9999 9999 9999  108  115  108  108  115  131  123  123  131  115
  108  100   92   85   38   23 9999 9999 9999                                   
    25.0 -60.0  60.0   5.0 350.0                            LAT/LON1/LON2/DLON/H
 9999 9999 9999 9999 9999 9999  162  169  208  254  231  162  162  146  146  123
  108   92   92   85   23 9999 9999 9999 9999                                   
    20.0 -60.0  60.0   5.0 350.0                            LAT/LON1/LON2/DLON/H
 9999 9999 9999 9999 9999 9999 9999  262  285  300  239  339 9999 9999  177  162
  185  146  123  115  131 9999 9999 9999 9999                                   
    15.0 -60.0  60.0   5.0 350.0                            LAT/LON1/LON2/DLON/H
 9999 9999 9999 9999 9999 9999 9999 9999  262  246  269 9999 9999 9999 9999 9999
  285  216  192 9999 9999 9999 9999 9999 9999                                   
    10.0 -60.0  60.0   5.0 350.0                            LAT/LON1/LON2/DLON/H
 9999 9999 9999 9999 9999 9999 9999 9999 9999 9999 9999 9999 9999 9999 9999 9999
 9999 9999 9999 9999 9999 9999 9999 9999 9999                                   
   204                                                      END OF TEC MAP      
   204                                                      START OF RMS MAP    
  2019     2    11    15    36    33                        EPOCH OF CURRENT MAP
    90.0 -60.0  60.0   5.0 350.0                            LAT/LON1/LON2/DLON/H
 9999 9999 9999 9999 9999 9999 9999 9999 9999 9999 9999 9999 9999 9999 9999 9999
 9999 9999 9999 9999 9999 9999 9999 9999 9999                                   
    85.0 -60.0  60.0   5.0 350.0                            LAT/LON1/LON2/DLON/H
  842 9999 9999 9999 9999 9999  281 9999 9999 9999 9999 9999   84 9999 9999 9999
 9999 9999   84 9999 9999 9999 9999 9999  281                                   
    80.0 -60.0  60.0   5.0 350.0                            LAT/LON1/LON2/DLON/H
 9999 9999 9999 9999 9999 9999 9999 9999 9999 9999 9999 9999 9999 9999 9999 9999
 9999 9999 9999 9999 9999 9999 9999 9999 9999                                   
    75.0 -60.0  60.0   5.0 350.0                            LAT/LON1/LON2/DLON/H
 9999 9999  842 9999  842 9999  281 9999   56 9999   51 9999   45 9999   45 9999
   45 9999   51 9999   67 9999  112 9999  842                                   
    70.0 -60.0  60.0   5.0 350.0                            LAT/LON1/LON2/DLON/H
 9999 9999  842 9999  281 9999   84 9999   51 9999   51 9999   45 9999   45 9999
   45 9999   45 9999   51 9999  112 9999  842                                   
    65.0 -60.0  60.0   5.0 350.0                            LAT/LON1/LON2/DLON/H
 9999 9999 9999 9999  281 9999   51 9999   45 9999   45 9999   45 9999   45 9999
   45 9999   45 9999   56 9999  281 9999 9999                                   
    60.0 -60.0  60.0   5.0 350.0                            LAT/LON1/LON2/DLON/H
 9999 9999 9999 9999  281  281   56   45   45   45   45   45   45   45   45   45
   45   45   45   51   67  281  842 9999 9999                                   
    55.0 -60.0  60.0   5.0 350.0                            LAT/LON1/LON2/DLON/H
 9999 9999 9999  842  842  842  281   84   45   45   45   45   45   45   45   45
   39   39   45   51  112  842 9999 9999 9999                                   
    50.0 -60.0  60.0   5.0 350.0                            LAT/LON1/LON2/DLON/H
 9999 9999 9999  842 9999 9999  281  112   51   45   45   45   45   45   39   39
   45   45   56   84  281  842 9999 9999 9999                                   
    45.0 -60.0  60.0   5.0 350.0                            LAT/LON1/LON2/DLON/H
 9999 9999  842  842 9999  842  281   67   45   45   45   45   45   45   39   45
   45   45   51   67   84  281 9999 9999 9999                                   
    40.0 -60.0  60.0   5.0 350.0                            LAT/LON1/LON2/DLON/H
 9999 9999 9999 9999 9999  281   84   51   45   45   45   45   45   39   39   39
   45   45   51   56   56  112 9999 9999 9999                                   
    35.0 -60.0  60.0   5.0 350.0                            LAT/LON1/LON2/DLON/H
 9999 9999 9999 9999 9999  281   56   51   45   45   45   45   45   39   39   45
   45   45   45   51   67  281 9999 9999 9999                                   
    30.0 -60.0  60.0   5.0 350.0                            LAT/LON1/LON2/DLON/H
 9999 9999 9999 9999 9999 9999  112   51   51   56   67   67   51   51   45   45
   45   45   51   51   67  842 9999 9999 9999                                   
    25.0 -60.0  60.0   5.0 350.0                            LAT/LON1/LON2/DLON/H
 9999 9999 9999 9999 9999 9999  281   84   67   67   84  281  281  281  112  112
   84   51   51   56  112 9999 9999 9999 9999                                   
    20.0 -60.0  60.0   5.0 350.0                            LAT/LON1/LON2/DLON/H
 9999 9999 9999 9999 9999 9999 9999  281  112  112  842  842 9999 9999  842  842
  842  112   67  112  842 9999 9999 9999 9999                                   
    15.0 -60.0  60.0   5.0 350.0                            LAT/LON1/LON2/DLON/H
 9999 9999 9999 9999 9999 9999 9999 9999  281  842  842 9999 9999 9999 9999 9999
  842  842  842 9999 9999 9999 9999 9999 9999                                   
    10.0 -60.0  60.0   5.0 350.0                            LAT/LON1/LON2/DLON/H
 9999 9999 9999 9999 9999 9999 9999 9999 9999 9999 9999 9999 9999 9999 9999 9999
 9999 9999 9999 9999 9999 9999 9999 9999 9999                                   
   204                                                      END OF RMS MAP      
   205                                                      START OF TEC MAP    
  2019     2    11    15    36    37                        EPOCH OF CURRENT MAP
    90.0 -60.0  60.0   5.0 350.0                            LAT/LON1/LON2/DLON/H
 9999 9999 9999 9999 9999 9999 9999 9999 9999 9999 9999 9999 9999 9999 9999 9999
 9999 9999 9999 9999 9999 9999 9999 9999 9999                                   
    85.0 -60.0  60.0   5.0 350.0                            LAT/LON1/LON2/DLON/H
   31 9999 9999 9999 9999 9999   31 9999 9999 9999 9999 9999   31 9999 9999 9999
 9999 9999   31 9999 9999 9999 9999 9999   31                                   
    80.0 -60.0  60.0   5.0 350.0                            LAT/LON1/LON2/DLON/H
 9999 9999 9999 9999 9999 9999 9999 9999 9999 9999 9999 9999 9999 9999 9999 9999
 9999 9999 9999 9999 9999 9999 9999 9999 9999                                   
    75.0 -60.0  60.0   5.0 350.0                            LAT/LON1/LON2/DLON/H
 9999 9999   85 9999   69 9999   62 9999   54 9999   46 9999   31 9999   23 9999
   23 9999   23 9999   23 9999   23 9999   31                                   
    70.0 -60.0  60.0   5.0 350.0                            LAT/LON1/LON2/DLON/H
 9999 9999   85 9999   85 9999   69 9999   69 9999   54 9999   31 9999   23 9999
   23 9999   23 9999   23 9999   23 9999   38                                   
    65.0 -60.0  60.0   5.0 350.0                            LAT/LON1/LON2/DLON/H
 9999 9999 9999 9999   77 9999   85 9999   85 9999   62 9999   31 9999   23 9999
   23 9999   23 9999   23 9999   31 9999 9999                                   
    60.0 -60.0  60.0   5.0 350.0                            LAT/LON1/LON2/DLON/H
 9999 9999 9999 9999   62   85   92   85   69   62   54   46   38   38   31   31
   31   31   31   31   31   31   31 9999 9999                                   
    55.0 -60.0  60.0   5.0 350.0                            LAT/LON1/LON2/DLON/H
 9999 9999 9999   77  100  108   85   69   62   62   62   62   54   46   46   38
   38   38   38   46   54   54 9999 9999 9999                                   
    50.0 -60.0  60.0   5.0 350.0                            LAT/LON1/LON2/DLON/H
 9999 9999 9999  123 9999 9999   85   77   77   77   77   69   69   62   54   46
   46   54   54   62   54   54 9999 9999 9999                                   
    45.0 -60.0  60.0   5.0 350.0                            LAT/LON1/LON2/DLON/H
 9999 9999  131  108 9999   77   77   77   85   77   77   69   62   62   62   62
   62   62   62   54   46   54 9999 9999 9999                                   
    40.0 -60.0  60.0   5.0 350.0                            LAT/LON1/LON2/DLON/H
 9999 9999 9999 9999 9999   92   92   77   77   77   69   77   77   85   85   85
   77   69   54   46   46   54 9999 9999 9999                                   
    35.0 -60.0  60.0   5.0 350.0                            LAT/LON1/LON2/DLON/H
 9999 9999 9999 9999 9999  115  100   92   85   85   85   92  100  108  108  108
  100   92   85   69   62   77 9999 9999 9999                                   
    30.0 -60.0  60.0   5.0 350.0                            LAT/LON1/LON2/DLON/H
 9999 9999 9999 9999 9999 9999  108  115  108  108  115  131  123  123  131  115
  108  100   92   85   38   23 9999 9999 9999                                   
    25.0 -60.0  60.0   5.0 350.0                            LAT/LON1/LON2/DLON/H
 9999 9999 9999 9999 9999 9999  162  169  208  254  231  162  162  146  146  123
  108   92   92   85   23 9999 9999 9999 9999                                   
    20.0 -60.0  60.0   5.0 350.0                            LAT/LON1/LON2/DLON/H
 9999 9999 9999 9999 9999 9999 9999  262  285  300  239  339 9999 9999  177  162
  185  146  123  115  131 9999 9999 9999 9999                                   
    15.0 -60.0  60.0   5.0 350.0                            LAT/LON1/LON2/DLON/H
 9999 9999 9999 9999 9999 9999 9999 9999  262  246  269 9999 9999 9999 9999 9999
  285  216  192 9999 9999 9999 9999 9999 9999                                   
    10.0 -60.0  60.0   5.0 350.0                            LAT/LON1/LON2/DLON/H
 9999 9999 9999 9999 9999 9999 9999 9999 9999 9999 9999 9999 9999 9999 9999 9999
 9999 9999 9999 9999 9999 9999 9999 9999 9999                                   
   205                                                      END OF TEC MAP      
   205                                                      START OF RMS MAP    
  2019     2    11    15    36    37                        EPOCH OF CURRENT MAP
    90.0 -60.0  60.0   5.0 350.0                            LAT/LON1/LON2/DLON/H
 9999 9999 9999 9999 9999 9999 9999 9999 9999 9999 9999 9999 9999 9999 9999 9999
 9999 9999 9999 9999 9999 9999 9999 9999 9999                                   
    85.0 -60.0  60.0   5.0 350.0                            LAT/LON1/LON2/DLON/H
  842 9999 9999 9999 9999 9999  281 9999 9999 9999 9999 9999   84 9999 9999 9999
 9999 9999   84 9999 9999 9999 9999 9999  281                                   
    80.0 -60.0  60.0   5.0 350.0                            LAT/LON1/LON2/DLON/H
 9999 9999 9999 9999 9999 9999 9999 9999 9999 9999 9999 9999 9999 9999 9999 9999
 9999 9999 9999 9999 9999 9999 9999 9999 9999                                   
    75.0 -60.0  60.0   5.0 350.0                            LAT/LON1/LON2/DLON/H
 9999 9999  842 9999  842 9999  281 9999   56 9999   51 9999   45 9999   45 9999
   45 9999   51 9999   67 9999  112 9999  842                                   
    70.0 -60.0  60.0   5.0 350.0                            LAT/LON1/LON2/DLON/H
 9999 9999  842 9999  281 9999   84 9999   51 9999   51 9999   45 9999   45 9999
   45 9999   45 9999   51 9999  112 9999  842                                   
    65.0 -60.0  60.0   5.0 350.0                            LAT/LON1/LON2/DLON/H
 9999 9999 9999 9999  281 9999   51 9999   45 9999   45 9999   45 9999   45 9999
   45 9999   45 9999   56 9999  281 9999 9999                                   
    60.0 -60.0  60.0   5.0 350.0                            LAT/LON1/LON2/DLON/H
 9999 9999 9999 9999  281  281   56   45   45   45   45   45   45   45   45   45
   45   45   45   51   67  281  842 9999 9999                                   
    55.0 -60.0  60.0   5.0 350.0                            LAT/LON1/LON2/DLON/H
 9999 9999 9999  842  842  842  281   84   45   45   45   45   45   45   45   45
   39   39   45   51  112  842 9999 9999 9999                                   
    50.0 -60.0  60.0   5.0 350.0                            LAT/LON1/LON2/DLON/H
 9999 9999 9999  842 9999 9999  281  112   51   45   45   45   45   45   39   39
   45   45   56   84  281  842 9999 9999 9999                                   
    45.0 -60.0  60.0   5.0 350.0                            LAT/LON1/LON2/DLON/H
 9999 9999  842  842 9999  842  281   67   45   45   45   45   45   45   39   45
   45   45   51   67   84  281 9999 9999 9999                                   
    40.0 -60.0  60.0   5.0 350.0                            LAT/LON1/LON2/DLON/H
 9999 9999 9999 9999 9999  281   84   51   45   45   45   45   45   39   39   39
   45   45   51   56   56  112 9999 9999 9999                                   
