70_EGNOS_Project/files/EMS_136_2019_02_11_15/Ionex_from_h15_Europe/Grid1x1/ionex_files/ionex_Europe00119.19i
     1.0            IONOSPHERE MAPS     GPS                 IONEX VERSION / TYPE
GINA 1.0            GINA Project        12-02-2019 13:59:24 PGM / RUN BY / DATE 
TEC values in 10e-1 [TEC] 9999, if no value available       COMMENT             
Infrastructure: Robert Bosch Kft., Budapest                 DESCRIPTION         
Creator: Balazs Lupsic                                      DESCRIPTION         
Contact adress: balazs.lupsic@hu.bosch.com                  DESCRIPTION         
Contact adress: balazs.lupsic@gmail.com                     DESCRIPTION         
  2019     2    11    15    22    40                        EPOCH OF FIRST MAP  
  2019     2    11    15    22    40                        EPOCH OF LAST MAP   
     0                                                      INTERVAL            
     1                                                      # OF MAPS IN FILE   
   TBD                                                      MAPPING FUNCTION    
     0.0                                                    ELEVATION CUTOFF    
TEC is obtained from EGNOS                                  OBSERVABLES USED    
  6371.4                                                    BASE RADIUS         
     2                                                      MAP DIMENSION       
   350.0 350.0   0.0                                        HGT1 / HGT2 / DHGT  
    90.0  10.0  -1.0                                        LAT1 / LAT2 / DLAT  
   -60.0  60.0   1.0                                        LON1 / LON2 / DLON  
    -1                                                      EXPONENT            
                                                            END OF HEADER       
     0                                                      START OF TEC MAP    
  2019     2    11    15    22    40                        EPOCH OF CURRENT MAP
    90.0 -60.0  60.0   1.0 350.0                            LAT/LON1/LON2/DLON/H
 9999 9999 9999 9999 9999 9999 9999 9999 9999 9999 9999 9999 9999 9999 9999 9999
 9999 9999 9999 9999 9999 9999 9999 9999 9999 9999 9999 9999 9999 9999 9999 9999
 9999 9999 9999 9999 9999 9999 9999 9999 9999 9999 9999 9999 9999 9999 9999 9999
 9999 9999 9999 9999 9999 9999 9999 9999 9999 9999 9999 9999 9999 9999 9999 9999
 9999 9999 9999 9999 9999 9999 9999 9999 9999 9999 9999 9999 9999 9999 9999 9999
 9999 9999 9999 9999 9999 9999 9999 9999 9999 9999 9999 9999 9999 9999 9999 9999
 9999 9999 9999 9999 9999 9999 9999 9999 9999 9999 9999 9999 9999 9999 9999 9999
 9999 9999 9999 9999 9999 9999 9999 9999 9999                                   
    89.0 -60.0  60.0   1.0 350.0                            LAT/LON1/LON2/DLON/H
 9999 9999 9999 9999 9999 9999 9999 9999 9999 9999 9999 9999 9999 9999 9999 9999
 9999 9999 9999 9999 9999 9999 9999 9999 9999 9999 9999 9999 9999 9999 9999 9999
 9999 9999 9999 9999 9999 9999 9999 9999 9999 9999 9999 9999 9999 9999 9999 9999
 9999 9999 9999 9999 9999 9999 9999 9999 9999 9999 9999 9999 9999 9999 9999 9999
 9999 9999 9999 9999 9999 9999 9999 9999 9999 9999 9999 9999 9999 9999 9999 9999
 9999 9999 9999 9999 9999 9999 9999 9999 9999 9999 9999 9999 9999 9999 9999 9999
 9999 9999 9999 9999 9999 9999 9999 9999 9999 9999 9999 9999 9999 9999 9999 9999
 9999 9999 9999 9999 9999 9999 9999 9999 9999                                   
    88.0 -60.0  60.0   1.0 350.0                            LAT/LON1/LON2/DLON/H
 9999 9999 9999 9999 9999 9999 9999 9999 9999 9999 9999 9999 9999 9999 9999 9999
 9999 9999 9999 9999 9999 9999 9999 9999 9999 9999 9999 9999 9999 9999 9999 9999
 9999 9999 9999 9999 9999 9999 9999 9999 9999 9999 9999 9999 9999 9999 9999 9999
 9999 9999 9999 9999 9999 9999 9999 9999 9999 9999 9999 9999 9999 9999 9999 9999
 9999 9999 9999 9999 9999 9999 9999 9999 9999 9999 9999 9999 9999 9999 9999 9999
 9999 9999 9999 9999 9999 9999 9999 9999 9999 9999 9999 9999 9999 9999 9999 9999
 9999 9999 9999 9999 9999 9999 9999 9999 9999 9999 9999 9999 9999 9999 9999 9999
 9999 9999 9999 9999 9999 9999 9999 9999 9999                                   
    87.0 -60.0  60.0   1.0 350.0                            LAT/LON1/LON2/DLON/H
 9999 9999 9999 9999 9999 9999 9999 9999 9999 9999 9999 9999 9999 9999 9999 9999
 9999 9999 9999 9999 9999 9999 9999 9999 9999 9999 9999 9999 9999 9999 9999 9999
 9999 9999 9999 9999 9999 9999 9999 9999 9999 9999 9999 9999 9999 9999 9999 9999
 9999 9999 9999 9999 9999 9999 9999 9999 9999 9999 9999 9999 9999 9999 9999 9999
 9999 9999 9999 9999 9999 9999 9999 9999 9999 9999 9999 9999 9999 9999 9999 9999
 9999 9999 9999 9999 9999 9999 9999 9999 9999 9999 9999 9999 9999 9999 9999 9999
 9999 9999 9999 9999 9999 9999 9999 9999 9999 9999 9999 9999 9999 9999 9999 9999
 9999 9999 9999 9999 9999 9999 9999 9999 9999                                   
    86.0 -60.0  60.0   1.0 350.0                            LAT/LON1/LON2/DLON/H
 9999 9999 9999 9999 9999 9999 9999 9999 9999 9999 9999 9999 9999 9999 9999 9999
 9999 9999 9999 9999 9999 9999 9999 9999 9999 9999 9999 9999 9999 9999 9999 9999
 9999 9999 9999 9999 9999 9999 9999 9999 9999 9999 9999 9999 9999 9999 9999 9999
 9999 9999 9999 9999 9999 9999 9999 9999 9999 9999 9999 9999 9999 9999 9999 9999
 9999 9999 9999 9999 9999 9999 9999 9999 9999 9999 9999 9999 9999 9999 9999 9999
 9999 9999 9999 9999 9999 9999 9999 9999 9999 9999 9999 9999 9999 9999 9999 9999
 9999 9999 9999 9999 9999 9999 9999 9999 9999 9999 9999 9999 9999 9999 9999 9999
 9999 9999 9999 9999 9999 9999 9999 9999 9999                                   
    85.0 -60.0  60.0   1.0 350.0                            LAT/LON1/LON2/DLON/H
 9999 9999 9999 9999 9999 9999 9999 9999 9999 9999 9999 9999 9999 9999 9999 9999
 9999 9999 9999 9999 9999 9999 9999 9999 9999 9999 9999 9999 9999 9999   31   31
   31   31   31   31   31   31   31   31   31   31   31   31   31   31   31   31
   31   31   31   31   31   31   31   31   31   31   31   31   31   31   31   31
   31   31   31   31   31   31   31   31   31   31   31   31   31   31   31   31
   31   31   31   31   31   31   31   31   31   31   31   31   31   31   31   31
   31   31   31   31   31   31   31   31   31   31   31   31   31   31   31   31
   31   31   31   31   31   31   31   31   31                                   
    84.0 -60.0  60.0   1.0 350.0                            LAT/LON1/LON2/DLON/H
 9999 9999 9999 9999 9999 9999 9999 9999 9999 9999 9999 9999 9999 9999 9999 9999
 9999 9999 9999 9999 9999 9999 9999 9999 9999 9999 9999 9999 9999   34   33   33
   33   33   33   33   33   33   32   32   32   32   32   32   32   32   32   32
   32   32   32   32   32   32   32   32   31   31   31   31   31   31   31   31
   30   30   30   30   30   30   30   30   30   30   30   30   30   30   30   30
   30   30   30   30   30   30   30   30   30   30   30   30   30   30   30   30
   30   31   31   31   31   31   31   31   31   31   31   31   31   31   32   32
   32   32   32   32   32   32   32   32 9999                                   
    83.0 -60.0  60.0   1.0 350.0                            LAT/LON1/LON2/DLON/H
 9999 9999 9999 9999 9999 9999 9999 9999 9999 9999 9999 9999 9999 9999 9999 9999
 9999 9999 9999 9999 9999 9999 9999 9999 9999 9999 9999 9999   37   36   35   35
   35   35   35   35   34   34   34   34   34   34   34   34   34   34   34   34
   34   34   34   34   33   33   33   32   32   32   31   31   31   31   30   30
   30   30   30   30   30   29   29   29   29   29   29   29   29   29   29   29
   29   29   29   29   29   29   29   29   29   29   29   29   30   30   30   30
   30   30   30   31   31   31   31   31   31   32   32   32   32   32   32   32
   32   32   32   32   32   32   32   32 9999                                   
    82.0 -60.0  60.0   1.0 350.0                            LAT/LON1/LON2/DLON/H
 9999 9999 9999 9999 9999 9999 9999 9999 9999 9999 9999 9999 9999 9999 9999 9999
 9999 9999 9999 9999 9999 9999 9999 9999 9999 9999 9999   40   39   38   38   37
   37   37   37   37   36   36   36   36   35   35   35   35   35   35   35   35
   35   35   35   35   34   34   34   33   33   32   32   31   31   31   30   30
   30   30   29   29   29   29   28   28   28   28   28   28   28   28   28   28
   28   28   28   28   28   28   28   28   28   28   28   29   29   29   29   30
   30   30   30   31   31   31   31   31   32   32   32   32   33   33   33   33
   33   33   33   33   33   33   33   33 9999                                   
    81.0 -60.0  60.0   1.0 350.0                            LAT/LON1/LON2/DLON/H
 9999 9999 9999 9999 9999 9999 9999 9999 9999 9999 9999 9999 9999 9999 9999 9999
 9999 9999 9999 9999 9999 9999 9999 9999 9999 9999   43   42   42   41   40   40
   39   39   39   38   38   38   38   37   37   37   37   37   37   37   37   37
   37   37   37   36   36   35   34   34   33   33   32   31   31   30   30   30
   30   29   29   29   28   28   28   28   28   28   28   28   28   28   28   28
   28   28   28   28   28   28   28   28   28   28   28   28   28   29   29   29
   30   30   30   30   31   31   31   32   32   32   33   33   33   34   34   34
   34   34   34   34   34   34   34   34 9999                                   
    80.0 -60.0  60.0   1.0 350.0                            LAT/LON1/LON2/DLON/H
 9999 9999 9999 9999 9999 9999 9999 9999 9999 9999 9999 9999 9999 9999 9999 9999
 9999 9999 9999 9999 9999 9999 9999 9999 9999   46   45   45   44   43   42   42
   42   41   41   40   40   40   39   39   38   38   38   38   38   38   38   38
   38   38   38   38   37   36   35   35   34   33   32   32   31   30   30   30
   29   29   28   28   28   27   27   27   27   27   27   27   27   27   27   27
   27   27   27   27   27   27   27   27   27   27   27   27   28   28   28   29
   29   30   30   30   31   31   32   32   32   33   33   33   34   34   35   35
   35   35   35   35   35   35   35   35 9999                                   
    79.0 -60.0  60.0   1.0 350.0                            LAT/LON1/LON2/DLON/H
 9999 9999 9999 9999 9999 9999 9999 9999 9999 9999 9999 9999 9999 9999 9999 9999
 9999 9999 9999 9999 9999 9999 9999 9999   49   48   48   47   46   45   45   44
   44   43   43   42   42   41   41   40   40   40   40   40   40   40   40   40
   40   40   40   39   38   37   36   35   34   34   33   32   31   30   30   29
   29   28   28   28   27   27   26   26   26   26   26   26   26   26   26   26
   26   26   26   26   26   26   26   26   26   26   26   27   27   28   28   28
   29   29   30   30   31   31   32   32   33   33   34   34   34   35   35   35
   35   35   35   35   35   35   35   35 9999                                   
    78.0 -60.0  60.0   1.0 350.0                            LAT/LON1/LON2/DLON/H
 9999 9999 9999 9999 9999 9999 9999 9999 9999 9999 9999 9999 9999 9999 9999 9999
 9999 9999 9999 9999 9999 9999 9999   52   52   51   50   49   48   48   47   46
   46   45   45   44   44   43   43   42   42   42   42   42   42   42   42   42
   42   42   42   40   39   38   37   36   35   34   33   32   31   30   30   29
   29   28   28   27   26   26   25   25   25   25   25   25   25   25   25   25
   25   25   25   25   25   25   25   25   25   25   25   26   26   27   28   28
   29   29   30   30   31   31   32   32   33   33   34   35   35   36   36   36
   36   36   36   36   36   36   36   36 9999                                   
    77.0 -60.0  60.0   1.0 350.0                            LAT/LON1/LON2/DLON/H
 9999 9999 9999 9999 9999 9999 9999 9999 9999 9999 9999 9999 9999 9999 9999 9999
 9999 9999 9999 9999 9999 9999   55   55   54   53   52   52   51   50   49   49
   48   47   47   46   46   45   44   44   43   43   43   43   43   43   43   43
   43   43   43   42   41   39   38   37   36   34   33   32   31   30   30   29
   28   28   27   26   26   25   25   25   25   25   25   25   25   25   25   25
   25   25   25   25   25   25   25   25   25   25   25   25   26   26   27   28
   28   29   30   30   31   31   32   33   33   34   34   35   36   36   37   37
   37   37   37   37   37   37   37   37 9999                                   
    76.0 -60.0  60.0   1.0 350.0                            LAT/LON1/LON2/DLON/H
 9999 9999 9999 9999 9999 9999 9999 9999 9999 9999 9999 9999 9999 9999 9999 9999
 9999 9999 9999 9999 9999   59   58   57   56   55   55   54   53   52   52   51
   50   50   49   48   47   47   46   45   45   45   45   45   45   45   45   45
   45   45   45   43   42   40   39   38   36   35   34   32   31   30   29   29
   28   27   27   26   25   25   24   24   24   24   24   24   24   24   24   24
   24   24   24   24   24   24   24   24   24   24   24   25   25   26   27   27
   28   29   29   30   31   31   32   33   34   34   35   36   36   37   38   38
   38   38   38   38   38   38   38   38 9999                                   
    75.0 -60.0  60.0   1.0 350.0                            LAT/LON1/LON2/DLON/H
 9999 9999 9999 9999 9999 9999 9999 9999 9999 9999   62   62   62   62   62   62
   62   62   62   62   62   61   60   59   59   58   57   56   55   55   54   53
   52   52   51   50   49   48   48   47   46   46   46   46   46   46   46   46
   46   46   46   45   43   42   40   38   37   35   34   32   31   30   29   28
   28   27   26   25   25   24   23   23   23   23   23   23   23   23   23   23
   23   23   23   23   23   23   23   23   23   23   23   24   25   25   26   27
   28   28   29   30   31   32   32   33   34   35   35   36   37   38   38   38
   38   38   38   38   38   38   38   38   38                                   
    74.0 -60.0  60.0   1.0 350.0                            LAT/LON1/LON2/DLON/H
 9999 9999 9999 9999 9999 9999 9999 9999 9999 9999 9999   66   66   65   65   65
   64   64   64   63   63   63   62   61   61   60   59   59   58   58   57   56
   55   55   54   53   52   52   51   50   49   49   49   49   49   48   48   48
   48   48   48   46   45   43   42   40   38   37   35   34   32   32   31   30
   29   28   28   27   26   25   25   25   25   25   25   25   25   25   25   25
   25   24   24   24   24   24   24   24   23   23   23   24   25   25   26   27
   28   28   29   30   31   32   32   33   34   35   35   36   37   38   38   39
   39   39   40   40   40   41   41   41 9999                                   
    73.0 -60.0  60.0   1.0 350.0                            LAT/LON1/LON2/DLON/H
 9999 9999 9999 9999 9999 9999 9999 9999 9999 9999 9999   70   70   69   68   68
   67   67   66   65   65   64   64   63   63   62   62   61   61   61   60   59
   59   58   57   56   55   55   54   53   52   52   52   51   51   51   51   50
   50   50   49   48   46   45   43   42   40   38   37   35   34   33   32   32
   31   30   29   28   28   27   26   26   26   26   26   26   26   26   26   26
   26   26   26   25   25   25   24   24   24   23   23   24   25   25   26   27
   28   28   29   30   31   32   32   33   34   35   35   36   37   38   38   39
   40   40   41   42   42   43   43   44 9999                                   
    72.0 -60.0  60.0   1.0 350.0                            LAT/LON1/LON2/DLON/H
 9999 9999 9999 9999 9999 9999 9999 9999 9999 9999 9999   75   74   73   72   71
   70   69   68   67   66   66   66   65   65   65   64   64   64   63   63   62
   62   61   60   59   59   58   57   56   55   55   55   54   54   53   53   52
   52   51   51   49   48   46   45   43   42   40   38   37   35   35   34   33
   32   32   31   30   29   28   28   28   28   28   28   28   28   28   28   28
   28   27   27   26   26   25   25   24   24   24   23   24   25   25   26   27
   28   28   29   30   31   32   32   33   34   35   35   36   37   38   38   39
   40   41   42   43   44   45   46   47 9999                                   
    71.0 -60.0  60.0   1.0 350.0                            LAT/LON1/LON2/DLON/H
 9999 9999 9999 9999 9999 9999 9999 9999 9999 9999 9999   79   78   76   75   74
   73   71   70   69   68   68   67   67   67   67   67   67   67   66   66   65
   65   64   63   62   62   61   60   59   59   58   57   57   56   55   55   54
   54   53   52   51   49   48   46   45   43   42   40   38   37   36   35   35
   34   33   32   32   31   30   29   29   29   29   29   29   29   29   29   29
   29   29   28   27   27   26   26   25   24   24   23   24   25   25   26   27
   28   28   29   30   31   32   32   33   34   35   35   36   37   38   38   40
   41   42   43   45   46   47   48   50 9999                                   
    70.0 -60.0  60.0   1.0 350.0                            LAT/LON1/LON2/DLON/H
 9999 9999 9999 9999 9999 9999 9999 9999 9999 9999   85   83   82   80   79   77
   75   74   72   71   69   69   69   69   69   69   69   69   69   69   69   69
   68   67   66   65   65   64   63   62   62   61   60   59   59   58   57   56
   55   55   54   52   51   49   48   46   45   43   42   40   38   38   37   36
   35   35   34   33   32   32   31   31   31   31   31   31   31   31   31   31
   31   30   29   28   28   27   26   25   25   24   23   24   25   25   26   27
   28   28   29   30   31   32   32   33   34   35   35   36   37   38   38   40
   42   43   45   46   48   49   51   52   54                                   
    69.0 -60.0  60.0   1.0 350.0                            LAT/LON1/LON2/DLON/H
 9999 9999 9999 9999 9999 9999 9999 9999 9999 9999 9999   82   83   82   80   79
   77   75   74   72   71   71   71   71   71   71   71   71   71   71   71   70
   70   69   68   68   67   67   66   65   65   64   63   62   61   60   59   58
   57   56   55   54   52   50   49   47   45   44   42   40   38   38   37   36
   35   35   34   33   32   32   31   31   30   30   30   30   30   30   30   29
