70_EGNOS_Project/core/files/DebugFiles/CODG1010.19I
     1.0            IONOSPHERE MAPS     GNSS                IONEX VERSION / TYPE
ADDNEQ2 V5.3        AIUB                15-APR-19 20:18     PGM / RUN BY / DATE 
CODE'S GLOBAL IONOSPHERE MAPS FOR DAY 101, 2019             COMMENT             
Global ionosphere maps (GIM) are generated on a daily basis DESCRIPTION         
at CODE using data from about 300 GNSS sites of the IGS and DESCRIPTION         
other institutions. The vertical total electron content     DESCRIPTION         
(VTEC) is modeled in a solar-geomagnetic reference frame    DESCRIPTION         
using a spherical harmonics expansion up to degree and      DESCRIPTION         
order 15. Piece-wise linear functions are used for          DESCRIPTION         
representation in the time domain. The time spacing of      DESCRIPTION         
their vertices is 1 hour, conforming with the epochs of the DESCRIPTION         
VTEC maps.                                                  DESCRIPTION         
To convert line-of-sight TEC into vertical TEC, a modified  DESCRIPTION         
single-layer model mapping function approximating the JPL   DESCRIPTION         
extended slab model mapping function is adopted. The        DESCRIPTION         
mapping function is evaluated at geodetic satellite         DESCRIPTION         
elevation angles. For the computation of the ionospheric    DESCRIPTION         
pierce points, a spherical layer with a radius of 6821 km   DESCRIPTION         
is assumed, implying geocentric, not geodetic IONEX         DESCRIPTION         
latitudes.                                                  DESCRIPTION         
Instrumental biases with respect to each involved GNSS code DESCRIPTION         
observable are estimated as constant values for each        DESCRIPTION         
day. They are modeled with one set of bias parameters for   DESCRIPTION         
each satellite and each station in case of GPS and for each DESCRIPTION         
satellite-station link in case of GLONASS. The code bias    DESCRIPTION         
datum is defined by zero-mean conditions imposed on the     DESCRIPTION         
satellite bias estimates. In this file, just GPS C1W-C2W    DESCRIPTION         
satellite and station bias values are included. The         DESCRIPTION         
complete set of GNSS code bias results is provided in an    DESCRIPTION         
additional Bias-SINEX file as pseudo-absolute values        DESCRIPTION         
specific to each observable.                                DESCRIPTION         
Note: These GIM results correspond to the results for the   DESCRIPTION         
middle day of a 3-day combination analysis solving for 73   DESCRIPTION         
times 256, or 18688 VTEC parameters and 3 daily sets of     DESCRIPTION         
GNSS code bias parameters.                                  DESCRIPTION         
Contact address: code(at)aiub.unibe.ch                      DESCRIPTION         
Data archive:    ftp.aiub.unibe.ch/CODE/                    DESCRIPTION         
                 www.aiub.unibe.ch/download/CODE/           DESCRIPTION         
  2019     4    11     0     0     0                        EPOCH OF FIRST MAP  
  2019     4    12     0     0     0                        EPOCH OF LAST MAP   
  3600                                                      INTERVAL            
[...]
coco cord cpvg cpxf cro1 daej darw dav1 dgar dhlg drao dubo COMMENT             
ebre faa1 fair flin flrs frdn ftna func ganp glps glsv gmsd COMMENT             
gode godz gol2 gope gras graz guat harb hers hert hlfx hnpt COMMENT             
hob2 hofn holb hrao hyde iddr iisc impz ineg iqal irkj isba COMMENT             
jog2 joz2 joze kerg khar kir0 kiru kit3 kokv kouc koug kour COMMENT             
krgg lama laut lhaz lmmf lpal lpgs m0se mac1 madr mag0 maju COMMENT             
mal2 mana mas1 mat1 mate maui maw1 mcil mcm4 mdo1 mdvj medi COMMENT             
mets mgue mizu mnls mobj mobk mobs monp morp mqzg mro1 mtka COMMENT             
nano naur nico nist nium nklg nnor not1 nrc1 nril nrmd ntus COMMENT             
nya1 nyal ohi2 ohi3 onsa opmt ous2 pado park pbri pdel penc COMMENT             
pert pfa2 pie1 pimo pohn pol2 polv pots pove prds ptag ptbb COMMENT             
ptvl quin ramo reun reyk rgdg rio2 riop roth salu samo sant COMMENT             
savo sch2 scor scrz sctb seyg sfer sofi spt0 stjo stk2 str2 COMMENT             
suth sutm suwn sydn syog tabl tabv tash thtg thti tid1 tidb COMMENT             
tixg tixi tlse tn22 tong tow2 tro1 tsea tskb twtf txes uclu COMMENT             
ufpr ulab unb3 unbj unbn unsa urum usn7 usud vaco vald vill COMMENT             
voim vtsp wab2 wark wes2 wgtn whit will wind wsrt wtza wtzl COMMENT             
wtzr wtzs xmis yar2 yar3 yarr ycba yell yssk zamb zeck zim2 COMMENT             
zim3 zimj zimm                                              COMMENT             
                                                            END OF HEADER       
[from data line 7722]
    19                                                      START OF TEC MAP    
  2019     4    11    18     0     0                        EPOCH OF CURRENT MAP
    87.5-180.0 180.0   5.0 450.0                            LAT/LON1/LON2/DLON/H
   74   74   74   74   74   75   75   75   75   75   75   75   75   75   75   75
   75   75   75   74   74   74   73   73   73   72   72   71   71   71   70   70
   70   70   69   69   69   69   69   69   70   70   70   70   71   71   71   71
   72   72   72   73   73   73   73   73   73   74   74   74   74   74   74   74
   74   74   74   74   74   74   74   74   74
    85.0-180.0 180.0   5.0 450.0                            LAT/LON1/LON2/DLON/H
   70   71   71   72   72   73   74   75   75   76   77   78   78   78   79   79
   79   78   78   77   76   76   75   73   72   71   70   69   68   67   66   65
   64   63   63   63   63   63   63   63   64   64   65   66   67   67   68   69
   70   71   71   72   72   73   73   73   73   73   73   73   73   72   72   71
   71   71   70   70   70   70   70   70   70
    82.5-180.0 180.0   5.0 450.0                            LAT/LON1/LON2/DLON/H
   63   64   65   66   67   69   71   73   74   76   78   80   81   82   83   83
   83   83   82   81   80   79   77   75   73   71   69   67   65   63   61   59
   58   57   56   56   56   56   56   57   57   58   59   61   62   63   65   66
   67   68   69   70   71   71   71   72   71   71   71   70   69   68   67   66
   66   65   64   63   63   63   63   63   63
    80.0-180.0 180.0   5.0 450.0                            LAT/LON1/LON2/DLON/H
   54   55   57   59   61   63   66   69   72   76   78   81   83   85   86   87
   87   87   87   85   84   82   80   77   75   72   69   66   63   60   58   56
   54   52   51   50   50   50   50   51   52   53   54   55   57   58   60   61
   62   64   65   66   67   67   67   67   67   66   66   65   63   62   61   59
   58   57   56   55   54   54   54   54   54
    77.5-180.0 180.0   5.0 450.0                            LAT/LON1/LON2/DLON/H
   46   47   49   51   54   57   61   65   70   74   78   82   85   87   89   90
   90   90   89   88   87   85   83   80   78   74   71   67   64   60   57   54
   52   50   48   47   47   46   46   47   47   48   49   50   51   52   53   55
   56   57   58   60   60   61   61   61   60   59   58   57   56   54   53   51
   50   49   48   47   46   46   46   46   46
    75.0-180.0 180.0   5.0 450.0                            LAT/LON1/LON2/DLON/H
   41   42   43   45   48   52   56   61   66   72   77   81   85   87   89   90
   91   90   90   89   88   87   85   83   80   77   74   70   66   62   58   55
   52   50   48   47   46   45   45   45   45   45   45   45   45   45   46   47
   48   49   50   51   52   53   53   52   52   51   49   48   47   45   44   43
   42   41   41   40   40   40   40   40   41
    72.5-180.0 180.0   5.0 450.0                            LAT/LON1/LON2/DLON/H
   39   40   41   42   45   48   52   57   63   69   74   79   83   86   87   88
   88   88   87   87   87   87   86   85   83   80   77   73   68   64   60   57
   54   52   50   49   48   47   46   45   45   44   42   41   40   39   39   39
   39   40   41   42   43   44   44   44   43   42   40   39   38   37   36   35
   35   35   35   36   36   37   38   38   39
    70.0-180.0 180.0   5.0 450.0                            LAT/LON1/LON2/DLON/H
   40   41   42   42   44   46   50   54   60   66   72   77   81   83   84   84
   83   83   83   83   84   85   86   86   84   82   79   75   70   66   63   59
   57   54   53   52   51   50   49   48   46   44   41   39   36   34   33   32
   32   33   34   35   36   36   36   36   35   34   33   31   30   30   29   29
   30   31   32   33   35   37   38   39   40
    67.5-180.0 180.0   5.0 450.0                            LAT/LON1/LON2/DLON/H
   44   45   45   45   46   47   49   53   58   64   70   74   78   79   79   78
   77   77   77   79   81   83   85   85   85   82   79   75   71   67   64   61
   59   58   56   55   55   54   52   51   48   45   42   38   35   32   29   28
   27   28   29   30   31   31   31   30   29   28   27   26   25   25   25   25
   26   28   29   32   34   37   40   43   44
    65.0-180.0 180.0   5.0 450.0                            LAT/LON1/LON2/DLON/H
   49   51   51   50   50   49   50   53   57   62   68   72   75   76   75   74
   72   72   73   75   78   81   84   84   84   81   78   74   71   68   65   64
   62   61   60   59   58   57   56   54   52   48   44   40   36   32   29   27
   26   26   27   28   28   29   28   28   26   25   24   23   22   22   23   23
   24   26   28   30   34   38   42   46   49
    62.5-180.0 180.0   5.0 450.0                            LAT/LON1/LON2/DLON/H
   53   56   57   56   55   53   53   54   57   62   67   71   73   74   73   71
   69   69   70   73   77   81   83   83   82   79   75   72   70   68   67   66
   66   65   64   63   62   61   60   58   56   53   49   44   40   35   32   29
   28   27   28   28   29   29   28   27   26   24   23   23   22   22   22   23
   23   24   26   29   32   37   43   48   53
    60.0-180.0 180.0   5.0 450.0                            LAT/LON1/LON2/DLON/H
   54   59   62   62   61   58   57   57   59   63   67   71   73   73   72   70
   69   69   70   74   77   81   82   82   80   77   73   71   70   70   70   71
   71   70   69   67   66   65   64   63   61   58   55   51   46   42   38   35
   33   32   31   31   31   31   30   29   27   26   25   24   24   24   24   24
   23   24   24   26   30   35   41   48   54
    57.5-180.0 180.0   5.0 450.0                            LAT/LON1/LON2/DLON/H
   54   61   65   67   67   65   63   62   63   66   69   72   74   75   74   72
   71   71   73   76   79   81   82   81   78   75   72   71   72   74   76   78
   78   77   75   72   70   69   69   68   67   65   62   59   55   50   46   43
   40   38   37   36   35   34   32   31   29   28   27   27   27   26   26   26
   25   24   24   25   27   32   38   46   54
    55.0-180.0 180.0   5.0 450.0                            LAT/LON1/LON2/DLON/H
   52   61   67   71   73   71   69   68   68   70   73   76   77   78   77   77
   76   76   77   79   81   82   82   81   78   75   74   75   77   81   84   86
   85   83   80   78   76   75   74   74   74   73   71   68   64   60   55   51
   48   45   43   41   39   37   35   34   33   32   31   31   30   30   30   29
   28   27   25   25   26   30   35   43   52
    52.5-180.0 180.0   5.0 450.0                            LAT/LON1/LON2/DLON/H
   50   60   69   75   78   79   77   76   76   77   79   81   82   83   83   82
   82   81   81   81   82   83   82   81   80   79   79   81   85   90   93   94
   93   90   86   83   81   81   82   82   82   81   79   76   72   68   64   60
   56   52   49   46   43   41   39   38   37   36   35   35   35   34   34   33
   32   31   29   28   28   30   34   41   50
    50.0-180.0 180.0   5.0 450.0                            LAT/LON1/LON2/DLON/H
   50   60   70   78   83   86   86   85   85   86   87   88   88   89   89   89
   89   87   86   84   83   83   83   83   84   85   87   91   95   99  101  101
   98   94   90   87   87   88   90   91   90   89   86   83   79   75   71   67
   63   59   55   52   48   46   44   43   42   42   41   40   39   39   38   38
   38   37   36   34   33   34   36   42   50
    47.5-180.0 180.0   5.0 450.0                            LAT/LON1/LON2/DLON/H
   51   61   71   81   88   92   94   95   95   95   96   96   96   97   97   97
   96   94   90   87   85   84   86   88   90   93   97  101  104  106  106  104
  100   95   92   91   93   96   99  100   99   96   92   88   84   80   77   73
   70   67   63   59   55   52   51   50   49   49   48   46   44   43   43   43
   44   44   44   43   41   40   41   45   51
    45.0-180.0 180.0   5.0 450.0                            LAT/LON1/LON2/DLON/H
   55   63   74   84   92   98  101  103  105  106  106  105  105  105  106  106
  105  101   96   91   88   89   91   95   99  104  108  111  112  111  108  104
   99   94   92   94   98  104  108  108  106  102   96   91   87   83   81   78
   76   74   71   67   64   61   59   59   58   57   55   52   50   48   47   48
   50   51   52   52   51   49   49   50   55
    42.5-180.0 180.0   5.0 450.0                            LAT/LON1/LON2/DLON/H
   61   67   77   87   95  102  107  110  113  115  116  115  114  114  114  115
  113  109  103   98   96   97  100  105  110  115  118  119  117  112  107  101
   96   93   93   97  104  111  116  117  113  106   99   93   88   85   83   83
   82   81   79   76   73   70   69   68   67   65   63   59   56   53   52   53
   55   58   59   60   59   58   56   57   61
    40.0-180.0 180.0   5.0 450.0                            LAT/LON1/LON2/DLON/H
   66   72   80   89   98  104  110  114  119  122  124  124  123  122  123  124
  122  119  113  109  108  109  113  118  123  126  128  125  120  113  105  100
   97   96   98  103  112  120  124  124  118  110  101   94   89   86   85   86
   87   88   87   84   82   80   78   77   76   73   70   66   61   58   57   57
   59   62   64   65   65   64   63   63   66
    37.5-180.0 180.0   5.0 450.0                            LAT/LON1/LON2/DLON/H
   70   76   84   92   99  105  111  116  122  128  131  132  131  130  130  131
  131  129  125  123  124  126  130  133  135  137  136  132  124  115  108  105
  104  105  108  114  121  129  132  130  122  113  103   95   90   87   87   88
   91   92   92   90   88   87   85   83   82   79   75   71   66   63   61   61
   62   64   66   67   67   67   66   67   70
    35.0-180.0 180.0   5.0 450.0                            LAT/LON1/LON2/DLON/H
   73   79   86   94  100  106  111  117  124  131  136  138  137  136  136  138
  139  139  138  140  143  146  148  147  147  147  145  141  133  124  120  120
  123  125  128  130  135  139  140  135  126  115  105   97   92   89   88   90
   92   94   94   93   91   90   88   86   84   82   78   74   70   67   64   64
   64   65   65   65   66   66   66   69   73
    32.5-180.0 180.0   5.0 450.0                            LAT/LON1/LON2/DLON/H
   74   81   89   96  101  106  111  117  125  134  140  143  142  140  140  143
  145  148  151  156  162  166  165  161  158  157  157  154  148  143  142  147
  154  157  156  153  152  151  148  141  130  118  108  100   94   91   89   90
   92   92   92   91   89   88   87   85   83   81   78   75   72   69   67   66
   65   64   63   62   62   62   63   67   74
    30.0-180.0 180.0   5.0 450.0                            LAT/LON1/LON2/DLON/H
   73   82   91   98  103  108  113  119  127  136  143  147  146  144  143  146
  150  156  163  172  181  185  182  174  169  169  172  174  172  171  176  186
  195  197  190  180  171  165  158  148  135  122  111  104   98   94   91   90
   89   88   86   85   84   83   82   81   79   78   77   75   73   71   69   67
   65   64   61   59   57   57   59   64   73
    27.5-180.0 180.0   5.0 450.0                            LAT/LON1/LON2/DLON/H
   71   82   92  101  107  112  117  123  131  140  147  151  150  148  147  149
  155  162  173  186  197  202  197  187  181  184  193  201  204  208  218  232
  243  242  228  209  192  179  168  155  140  126  116  108  102   97   93   89
   86   83   79   77   76   76   76   75   74   74   74   74   73   71   69   68
   66   64   61   58   54   53   55   61   71
    25.0-180.0 180.0   5.0 450.0                            LAT/LON1/LON2/DLON/H
   69   82   94  104  112  118  124  130  137  145  153  157  156  153  152  154
  161  170  183  199  213  218  212  202  198  205  220  233  241  248  261  278
  290  285  264  236  211  194  180  164  147  132  120  113  107  101   96   90
   84   78   73   69   69   69   70   69   69   70   72   73   72   71   69   67
   66   64   62   58   54   51   52   58   69
    22.5-180.0 180.0   5.0 450.0                            LAT/LON1/LON2/DLON/H
   69   83   96  108  117  126  133  139  145  153  161  165  165  162  161  163
  170  180  195  213  229  236  231  222  220  231  251  268  278  286  300  318
  328  319  292  257  228  207  191  174  155  138  126  118  113  107  100   93
   85   77   70   66   65   66   66   66   67   69   71   73   72   70   67   66
   65   65   64   61   56   52   51   57   69
    20.0-180.0 180.0   5.0 450.0                            LAT/LON1/LON2/DLON/H
   69   84   98  111  123  134  143  149  155  162  170  176  177  175  174  178
  185  196  211  231  249  259  256  248  248  263  284  302  310  315  328  345
  353  342  310  272  240  219  203  185  164  145  132  124  119  114  107   99
   90   80   72   68   66   67   67   67   68   70   73   74   72   68   65   64
   65   66   66   64   60   54   52   57   69
    17.5-180.0 180.0   5.0 450.0                            LAT/LON1/LON2/DLON/H
   69   85  100  114  127  140  151  159  164  171  180  188  191  191  192  197
  206  218  234  255  275  287  287  282  283  297  316  329  332  332  341  356
  363  350  317  278  248  228  213  195  173  152  138  130  126  122  116  108
   99   89   80   75   73   73   72   72   72   74   76   75   72   67   63   62
   63   65   67   67   63   57   54   58   69
    15.0-180.0 180.0   5.0 450.0                            LAT/LON1/LON2/DLON/H
   69   85  101  115  130  144  157  166  172  180  190  200  206  209  213  221
  232  246  263  285  307  323  326  322  322  331  343  348  342  337  341  353
  360  347  315  279  252  235  222  205  182  159  144  136  133  131  126  119
  110  100   92   86   83   82   80   79   78   79   79   77   72   66   61   60
   61   64   67   68   64   58   55   58   69
    12.5-180.0 180.0   5.0 450.0                            LAT/LON1/LON2/DLON/H
   68   84  100  115  130  146  160  170  178  187  199  211  220  226  234  246
  261  277  295  318  343  361  367  364  360  362  363  357  343  330  331  341
  347  336  308  277  253  240  228  212  189  166  150  143  141  139  136  130
  122  113  104   98   94   91   88   86   84   83   82   79   72   65   60   58
   59   61   64   66   63   58   54   57   68
    10.0-180.0 180.0   5.0 450.0                            LAT/LON1/LON2/DLON/H
   66   82   99  114  129  145  160  172  181  192  206  220  232  241  253  268
  287  307  327  351  377  398  406  401  393  384  374  357  336  320  318  327
  333  324  301  274  254  242  232  216  194  171  156  149  147  147  144  139
  131  122  114  108  103   99   95   91   88   86   83   78   71   64   59   57
   57   58   60   61   59   55   51   54   66
     7.5-180.0 180.0   5.0 450.0                            LAT/LON1/LON2/DLON/H
   63   80   97  112  126  142  158  171  182  195  211  227  241  253  267  286
  308  331  353  378  405  426  435  429  415  397  377  352  327  310  308  316
  322  316  296  272  254  242  231  216  195  175  160  153  152  151  148  142
  135  127  119  112  106  101   97   92   89   85   81   76   69   62   58   56
   56   55   55   55   54   50   48   51   63
     5.0-180.0 180.0   5.0 450.0                            LAT/LON1/LON2/DLON/H
   60   77   95  110  125  140  156  170  183  198  215  233  248  261  276  297
  322  346  369  394  420  441  450  443  424  399  372  345  322  307  306  314
  318  312  294  272  253  239  226  211  193  175  162  155  153  151  147  140
  132  124  116  110  103   98   94   90   86   81   77   71   65   60   58   56
   55   53   51   50   48   46   44   48   60
     2.5-180.0 180.0   5.0 450.0                            LAT/LON1/LON2/DLON/H
   57   75   93  110  124  139  155  170  185  201  219  238  253  266  282  302
  327  351  373  396  419  439  448  440  419  392  364  340  322  313  314  319
  320  311  293  271  250  232  217  202  187  172  160  153  149  146  140  132
  122  114  107  100   95   90   87   84   80   75   70   65   61   58   57   57
   54   51   47   45   44   43   41   45   57
