70_EGNOS_Project/core/files/DebugFiles/CODG1040.19I
     1.0            IONOSPHERE MAPS     GNSS                IONEX VERSION / TYPE
ADDNEQ2 V5.3        AIUB                18-APR-19 20:21     PGM / RUN BY / DATE 
CODE'S GLOBAL IONOSPHERE MAPS FOR DAY 104, 2019             COMMENT             
Global ionosphere maps (GIM) are generated on a daily basis DESCRIPTION         
at CODE using data from about 300 GNSS sites of the IGS and DESCRIPTION         
other institutions. The vertical total electron content     DESCRIPTION         
(VTEC) is modeled in a solar-geomagnetic reference frame    DESCRIPTION         
using a spherical harmonics expansion up to degree and      DESCRIPTION         
order 15. Piece-wise linear functions are used for          DESCRIPTION         
representation in the time domain. The time spacing of      DESCRIPTION         
their vertices is 1 hour, conforming with the epochs of the DESCRIPTION         
VTEC maps.                                                  DESCRIPTION         
To convert line-of-sight TEC into vertical TEC, a modified  DESCRIPTION         
single-layer model mapping function approximating the JPL   DESCRIPTION         
extended slab model mapping function is adopted. The        DESCRIPTION         
mapping function is evaluated at geodetic satellite         DESCRIPTION         
elevation angles. For the computation of the ionospheric    DESCRIPTION         
pierce points, a spherical layer with a radius of 6821 km   DESCRIPTION         
is assumed, implying geocentric, not geodetic IONEX         DESCRIPTION         
latitudes.                                                  DESCRIPTION         
Instrumental biases with respect to each involved GNSS code DESCRIPTION         
observable are estimated as constant values for each        DESCRIPTION         
day. They are modeled with one set of bias parameters for   DESCRIPTION         
each satellite and each station in case of GPS and for each DESCRIPTION         
satellite-station link in case of GLONASS. The code bias    DESCRIPTION         
datum is defined by zero-mean conditions imposed on the     DESCRIPTION         
satellite bias estimates. In this file, just GPS C1W-C2W    DESCRIPTION         
satellite and station bias values are included. The         DESCRIPTION         
complete set of GNSS code bias results is provided in an    DESCRIPTION         
additional Bias-SINEX file as pseudo-absolute values        DESCRIPTION         
specific to each observable.                                DESCRIPTION         
Note: These GIM results correspond to the results for the   DESCRIPTION         
middle day of a 3-day combination analysis solving for 73   DESCRIPTION         
times 256, or 18688 VTEC parameters and 3 daily sets of     DESCRIPTION         
GNSS code bias parameters.                                  DESCRIPTION         
Contact address: code(at)aiub.unibe.ch                      DESCRIPTION         
Data archive:    ftp.aiub.unibe.ch/CODE/                    DESCRIPTION         
                 www.aiub.unibe.ch/download/CODE/           DESCRIPTION         
  2019     4    14     0     0     0                        EPOCH OF FIRST MAP  
  2019     4    15     0     0     0                        EPOCH OF LAST MAP   
  3600                                                      INTERVAL            
[...]
coco cord cpvg cpxf cro1 daej darw dav1 dgar dhlg drao dubo COMMENT             
ebre faa1 fair flin flrs frdn ftna func ganp glps glsv gmsd COMMENT             
gode godz gol2 gope gras graz guat guug harb hers hert hlfx COMMENT             
hnpt hob2 hofn holb hrao hyde iddr ieng iisc ineg iqal irkj COMMENT             
isba jog2 joz2 joze kerg khar kir0 kiru kit3 kokv kouc koug COMMENT             
kour krgg lae1 lama laut lmmf lpal lpgs m0se mac1 madr mag0 COMMENT             
maju mal2 mana mas1 mat1 mate maui maw1 mcil mcm4 mdo1 mdvj COMMENT             
medi mets mgue mizu mnls mobj mobk mobs monp morp mqzg mro1 COMMENT             
mtka nano naur nico nist nium nklg nnor not1 nrc1 nril nrmd COMMENT             
ntus nya1 nyal ohi2 ohi3 onsa opmt ous2 pado park pdel penc COMMENT             
pert pfa2 pie1 pimo pohn pol2 polv pots pove prds ptag ptbb COMMENT             
ptvl quin ramo reun reyk rgdg rio2 riop roth salu samo sant COMMENT             
savo sch2 scor scrz sctb seyg sfer sofi spt0 stjo stk2 str2 COMMENT             
suth sutm suwn sydn syog tabl tabv tash thtg thti tid1 tidb COMMENT             
tixg tixi tlse tn22 tong tow2 tro1 tsea tskb twtf txes uclu COMMENT             
ufpr ulab unb3 unbj unbn unsa urum usn7 usud vaco vald vill COMMENT             
voim vtsp wab2 wark wes2 wgtn whit will wind wsrt wtza wtzl COMMENT             
wtzr wtzs wtzz xmis yakt yar2 yar3 yarr ycba yell yssk zamb COMMENT             
zeck zim2 zim3 zimj zimm                                    COMMENT             
                                                            END OF HEADER       
[from data line 5577]
    14                                                      START OF TEC MAP    
  2019     4    14    13     0     0                        EPOCH OF CURRENT MAP
    87.5-180.0 180.0   5.0 450.0                            LAT/LON1/LON2/DLON/H
  107  109  110  111  112  113  114  115  116  116  117  117  117  117  117  117
  116  116  115  114  113  112  111  110  109  107  106  105  103  102  101  100
   98   97   96   95   94   93   92   91   90   89   89   88   88   87   87   87
   87   87   87   87   87   88   88   88   89   90   91   91   92   93   94   96
   97   98   99  101  102  103  105  106  107
    85.0-180.0 180.0   5.0 450.0                            LAT/LON1/LON2/DLON/H
  104  107  110  112  115  117  119  121  122  124  125  125  126  125  125  124
  123  122  120  118  116  114  112  109  107  105  102  100   98   95   93   91
   89   87   86   84   82   81   80   78   77   76   75   74   73   73   72   72
   72   72   72   72   72   73   73   74   75   76   77   78   79   80   82   84
   85   87   89   92   94   96   99  102  104
    82.5-180.0 180.0   5.0 450.0                            LAT/LON1/LON2/DLON/H
   93   96  100  104  108  112  115  118  121  123  124  125  126  126  125  124
  122  120  117  115  112  108  105  102   99   96   93   90   87   85   83   81
   79   77   76   74   72   71   70   68   67   66   65   64   63   62   62   61
   61   61   61   61   62   62   63   63   64   65   65   66   67   68   69   70
   71   73   75   77   80   83   86   89   93
    80.0-180.0 180.0   5.0 450.0                            LAT/LON1/LON2/DLON/H
   74   79   83   88   93   98  103  107  110  113  115  117  118  118  117  115
  113  111  108  104  101   97   93   90   86   83   80   77   75   73   72   70
   69   68   67   67   66   65   64   63   62   61   60   59   58   58   57   57
   57   57   57   57   57   58   58   59   59   59   59   59   58   58   58   58
   58   58   59   60   62   64   67   70   74
    77.5-180.0 180.0   5.0 450.0                            LAT/LON1/LON2/DLON/H
   53   57   62   67   73   78   84   89   93   96   99  101  102  103  102  101
   99   97   94   90   87   83   79   76   73   70   67   65   64   63   62   62
   62   62   63   63   63   63   63   62   62   61   60   59   59   58   58   58
   58   58   59   59   59   60   60   60   59   59   58   56   55   53   51   49
   47   45   44   43   44   45   46   49   53
    75.0-180.0 180.0   5.0 450.0                            LAT/LON1/LON2/DLON/H
   32   35   40   45   50   56   62   67   72   76   79   82   83   84   84   84
   83   81   78   76   73   70   67   64   61   59   57   56   55   55   56   57
   58   59   61   62   63   64   64   64   64   64   64   63   63   63   63   63
   64   64   65   65   65   66   65   65   64   63   61   58   55   52   48   44
   40   37   33   31   29   28   28   29   32
    72.5-180.0 180.0   5.0 450.0                            LAT/LON1/LON2/DLON/H
   15   17   21   25   30   36   41   46   50   55   58   61   64   65   67   67
   67   66   65   64   62   60   58   56   54   52   51   51   51   52   53   54
   56   59   61   63   64   66   67   67   68   68   68   68   68   69   69   70
   71   71   72   72   72   72   72   71   69   68   65   62   58   54   49   44
   39   33   28   23   19   16   15   14   15
    70.0-180.0 180.0   5.0 450.0                            LAT/LON1/LON2/DLON/H
    6    7    9   12   16   20   24   28   32   36   40   43   46   49   51   53
   55   56   56   55   55   54   53   52   52   51   51   51   51   52   53   55
   57   59   62   64   65   67   68   69   70   70   71   72   73   74   75   76
   77   78   78   78   77   77   76   74   73   71   68   65   61   57   52   47
   41   35   29   23   17   13    9    7    6
    67.5-180.0 180.0   5.0 450.0                            LAT/LON1/LON2/DLON/H
    5    4    4    6    8   10   13   16   19   22   26   29   33   37   41   44
   47   49   50   51   52   52   53   53   53   54   54   54   55   55   57   58
   60   61   63   64   66   67   68   69   70   71   72   73   75   77   78   80
   81   81   81   80   79   77   76   74   72   70   68   66   63   59   55   50
   45   39   33   27   22   16   11    7    5
    65.0-180.0 180.0   5.0 450.0                            LAT/LON1/LON2/DLON/H
   10    8    6    6    7    8    9   10   12   14   17   21   25   30   35   39
   43   46   48   50   51   53   54   56   57   58   59   60   60   61   61   62
   63   63   64   64   65   65   66   67   68   70   71   73   75   77   79   81
   82   82   81   79   77   74   72   69   68   67   65   64   62   60   57   54
   50   45   41   36   30   24   19   14   10
    62.5-180.0 180.0   5.0 450.0                            LAT/LON1/LON2/DLON/H
   19   16   13   12   11   10   10    9    9   10   13   16   21   27   33   38
   42   45   47   49   51   53   56   59   61   63   65   66   67   67   67   67
   66   66   65   65   64   64   64   65   66   68   70   72   74   77   79   81
   81   81   79   76   73   69   66   63   62   61   61   61   61   60   58   56
   54   51   48   44   40   35   29   24   19
    60.0-180.0 180.0   5.0 450.0                            LAT/LON1/LON2/DLON/H
   29   25   22   20   18   16   14   12   11   10   12   16   21   27   33   38
   42   45   47   49   51   53   56   60   64   67   70   71   72   73   72   72
   71   69   68   66   65   64   64   64   65   67   69   72   74   77   79   80
   81   80   78   74   70   65   61   59   58   58   59   60   60   60   59   58
   56   55   53   51   48   44   39   34   29
    57.5-180.0 180.0   5.0 450.0                            LAT/LON1/LON2/DLON/H
   37   34   31   29   27   24   21   17   14   13   14   17   22   28   34   39
   43   45   47   48   49   51   55   60   65   69   73   75   77   77   77   76
   75   73   71   69   68   66   66   66   67   69   71   74   76   79   81   82
   83   82   79   75   70   64   60   58   57   58   60   61   62   62   61   59
   58   57   56   55   53   50   46   42   37
    55.0-180.0 180.0   5.0 450.0                            LAT/LON1/LON2/DLON/H
   43   40   38   37   35   32   28   24   20   18   18   20   25   30   35   40
   43   45   46   46   47   49   53   59   65   70   75   78   79   80   80   80
   79   78   76   74   72   71   71   71   72   74   77   79   81   83   85   86
   87   86   83   79   74   68   64   62   62   63   65   67   68   67   65   62
   60   58   57   56   55   53   50   47   43
    52.5-180.0 180.0   5.0 450.0                            LAT/LON1/LON2/DLON/H
   46   45   44   43   42   40   36   32   28   25   24   25   28   32   36   40
   43   45   46   46   46   49   53   59   65   71   76   79   81   82   83   83
   83   82   81   80   79   78   78   79   80   82   85   87   89   91   92   93
   94   93   91   87   82   77   73   70   70   72   74   76   76   74   70   66
   62   59   57   56   55   54   52   49   46
    50.0-180.0 180.0   5.0 450.0                            LAT/LON1/LON2/DLON/H
   49   48   48   48   48   47   45   41   37   34   32   31   32   34   37   40
   44   46   47   47   48   50   54   61   67   73   78   80   82   83   84   85
   85   86   86   86   87   87   88   89   91   93   95   97   99  100  101  102
  103  102  100   97   92   87   83   81   81   82   84   85   85   82   77   71
   66   61   58   56   55   54   52   51   49
    47.5-180.0 180.0   5.0 450.0                            LAT/LON1/LON2/DLON/H
   52   52   52   54   55   55   53   51   48   45   42   40   39   38   39   41
   45   48   50   51   52   54   59   65   72   77   81   82   83   84   85   86
   87   89   91   93   96   98  100  101  103  105  108  110  111  111  112  112
  112  111  110  106  102   97   94   91   90   90   92   92   91   88   83   77
   70   64   60   57   56   55   54   53   52
    45.0-180.0 180.0   5.0 450.0                            LAT/LON1/LON2/DLON/H
   56   56   57   59   60   62   62   61   60   57   54   51   47   44   42   44
   47   52   55   57   59   61   66   72   78   83   85   85   85   85   85   87
   89   92   96  101  106  110  113  115  117  119  121  123  124  123  123  122
  121  120  117  114  110  106  102   99   96   95   95   95   94   91   87   81
   75   69   64   61   59   58   57   57   56
    42.5-180.0 180.0   5.0 450.0                            LAT/LON1/LON2/DLON/H
   62   62   62   63   65   68   70   71   72   71   68   63   57   51   48   48
   52   57   61   65   67   69   74   80   85   89   90   89   87   87   87   90
   93   97  103  110  118  125  129  132  134  135  137  138  138  136  134  132
  130  127  123  120  116  112  108  103   99   95   93   92   91   90   87   83
   78   73   69   66   64   63   63   62   62
    40.0-180.0 180.0   5.0 450.0                            LAT/LON1/LON2/DLON/H
   68   67   66   66   68   71   75   79   81   82   80   75   67   60   55   54
   57   63   68   72   74   77   81   87   92   96   96   94   91   90   92   95
   99  105  114  124  135  144  149  152  154  155  156  155  153  150  146  143
  138  134  130  126  122  119  114  108  100   94   89   87   86   85   84   82
   80   77   74   72   70   69   68   68   68
    37.5-180.0 180.0   5.0 450.0                            LAT/LON1/LON2/DLON/H
   72   70   69   68   69   72   77   82   87   90   89   85   77   69   62   60
   63   68   73   77   80   83   87   93   98  101  101   98   96   96   98  103
  110  118  129  143  156  167  174  177  178  178  177  175  172  167  161  155
  150  144  138  134  131  128  122  114  104   94   87   82   80   80   80   80
   80   80   78   76   74   73   73   73   72
    35.0-180.0 180.0   5.0 450.0                            LAT/LON1/LON2/DLON/H
   74   72   69   67   67   70   75   82   88   92   94   91   84   76   70   67
   69   73   78   81   84   87   91   97  102  105  105  103  102  104  108  116
  125  136  150  167  183  196  203  206  206  205  203  199  193  186  179  172
  165  158  152  148  146  143  137  127  114  100   90   83   79   78   77   78
   79   80   80   78   77   75   74   74   74
    32.5-180.0 180.0   5.0 450.0                            LAT/LON1/LON2/DLON/H
   72   70   68   65   64   66   70   77   84   89   92   91   87   81   76   73
   74   77   80   83   86   89   93   98  104  108  109  108  109  113  121  132
  145  159  176  195  213  227  235  238  237  234  230  224  216  208  200  192
  185  179  174  171  169  167  160  147  131  115  101   92   86   81   78   77
   78   79   79   78   76   73   72   72   72
    30.0-180.0 180.0   5.0 450.0                            LAT/LON1/LON2/DLON/H
   68   67   65   62   60   61   64   69   75   81   85   86   85   82   79   78
   78   79   81   84   87   90   94   99  105  109  112  114  117  124  136  151
  168  185  204  224  243  258  266  268  266  263  258  251  241  232  224  217
  211  206  202  201  201  198  190  175  155  137  121  110  101   93   86   81
   79   78   78   76   72   69   68   68   68
    27.5-180.0 180.0   5.0 450.0                            LAT/LON1/LON2/DLON/H
   63   64   63   60   58   57   58   61   65   70   75   77   79   79   80   80
   80   80   81   84   87   91   95  100  105  110  115  119  126  137  153  171
  191  210  230  251  270  283  291  293  291  288  283  275  266  257  249  244
  240  237  236  236  237  234  223  205  184  163  148  135  124  111   99   90
   83   80   77   73   68   64   62   62   63
    25.0-180.0 180.0   5.0 450.0                            LAT/LON1/LON2/DLON/H
   59   62   62   60   57   55   54   54   56   59   63   66   70   74   78   81
   81   81   81   84   88   93   97  101  105  112  119  126  136  150  169  191
  212  233  253  272  289  301  308  309  308  306  303  296  288  280  274  272
  270  270  271  273  274  269  255  234  211  190  175  163  150  135  118  103
   91   83   78   72   66   61   58   57   59
    22.5-180.0 180.0   5.0 450.0                            LAT/LON1/LON2/DLON/H
   59   62   64   63   60   56   52   50   49   50   52   56   61   67   74   79
   81   81   81   84   89   94   98  102  107  114  124  134  147  163  184  208
  230  250  268  285  299  309  315  316  317  317  316  312  306  300  297  296
  298  299  302  304  304  297  280  256  231  211  198  188  175  159  139  119
  103   91   82   74   67   61   58   57   59
    20.0-180.0 180.0   5.0 450.0                            LAT/LON1/LON2/DLON/H
   63   66   68   67   64   59   54   50   47   45   46   48   52   60   69   76
   80   81   81   83   89   95  100  103  108  118  130  143  159  177  199  222
  244  262  277  290  301  309  313  315  317  320  322  322  319  315  314  316
  319  322  324  326  324  313  293  267  241  223  213  205  195  178  157  135
  116  100   89   81   74   68   63   62   63
    17.5-180.0 180.0   5.0 450.0                            LAT/LON1/LON2/DLON/H
   71   72   74   73   69   63   57   51   47   45   43   44   47   53   63   73
   79   80   80   83   89   95  100  104  110  122  137  154  171  190  212  234
  253  268  279  289  297  304  307  309  312  318  324  327  327  326  327  329
  332  335  336  336  330  316  294  266  240  224  217  212  205  191  171  149
  128  111   99   91   85   80   75   72   71
    15.0-180.0 180.0   5.0 450.0                            LAT/LON1/LON2/DLON/H
   82   80   79   77   72   66   59   54   50   47   45   43   44   49   59   70
   77   80   80   83   88   94   99  104  113  127  146  165  184  203  223  243
  259  271  279  286  293  298  301  303  307  314  323  329  332  333  333  335
  337  338  337  333  324  307  282  254  230  216  211  209  205  194  178  158
  139  121  110  103  100   96   91   85   82
    12.5-180.0 180.0   5.0 450.0                            LAT/LON1/LON2/DLON/H
   93   87   83   78   72   66   59   55   52   50   49   46   44   47   55   67
   76   80   81   82   87   93   99  105  116  133  155  176  196  215  234  251
  264  272  278  284  291  297  300  302  305  313  322  330  334  335  335  336
  336  333  328  320  308  289  265  238  216  203  200  199  196  189  177  161
  144  129  119  115  115  114  109  101   93
    10.0-180.0 180.0   5.0 450.0                            LAT/LON1/LON2/DLON/H
  103   93   84   77   69   62   56   53   52   53   52   50   46   47   53   65
   75   81   82   83   87   92   99  107  120  140  164  187  207  225  242  257
  268  275  280  287  296  303  307  308  309  315  323  331  335  335  334  332
  329  323  314  302  287  268  245  221  202  191  186  185  182  177  169  158
  144  132  124  124  128  129  124  114  103
     7.5-180.0 180.0   5.0 450.0                            LAT/LON1/LON2/DLON/H
  109   94   83   73   64   56   51   49   50   52   54   52   48   47   52   63
   75   83   86   87   89   94  101  111  126  147  172  195  215  233  249  262
  272  278  285  294  306  317  321  320  318  320  326  332  334  332  329  325
  320  311  298  282  265  247  228  208  192  181  175  171  167  162  156  149
  139  130  126  129  136  140  136  124  109
     5.0-180.0 180.0   5.0 450.0                            LAT/LON1/LON2/DLON/H
  110   93   79   67   57   50   44   42   44   49   53   53   49   47   51   62
   76   86   90   92   94   99  106  117  133  154  178  200  220  237  252  265
  275  283  292  305  321  334  338  335  330  327  329  330  329  325  320  315
  309  298  282  263  246  230  215  200  187  176  167  159  152  145  141  136
  130  123  122  128  137  144  140  127  110
     2.5-180.0 180.0   5.0 450.0                            LAT/LON1/LON2/DLON/H
  107   89   74   62   52   44   38   35   37   42   48   50   48   46   50   61
   76   89   96   99  102  107  115  126  141  161  182  202  220  236  252  265
  276  286  298  315  334  349  354  349  339  332  328  325  321  315  308  303
  297  285  267  247  230  217  206  196  185  173  162  150  138  130  125  121
  117  113  114  121  133  140  138  125  107
