70_EGNOS_Project/core/files/DebugFiles/CODG1040.19I
     1.0            IONOSPHERE MAPS     GNSS                IONEX VERSION / TYPE
ADDNEQ2 V5.3        AIUB                18-APR-19 20:21     PGM / RUN BY / DATE 
CODE'S GLOBAL IONOSPHERE MAPS FOR DAY 104, 2019             COMMENT             
Global ionosphere maps (GIM) are generated on a daily basis DESCRIPTION         
at CODE using data from about 300 GNSS sites of the IGS and DESCRIPTION         
other institutions. The vertical total electron content     DESCRIPTION         
(VTEC) is modeled in a solar-geomagnetic reference frame    DESCRIPTION         
using a spherical harmonics expansion up to degree and      DESCRIPTION         
order 15. Piece-wise linear functions are used for          DESCRIPTION         
representation in the time domain. The time spacing of      DESCRIPTION         
their vertices is 1 hour, conforming with the epochs of the DESCRIPTION         
VTEC maps.                                                  DESCRIPTION         
To convert line-of-sight TEC into vertical TEC, a modified  DESCRIPTION         
single-layer model mapping function approximating the JPL   DESCRIPTION         
extended slab model mapping function is adopted. The        DESCRIPTION         
mapping function is evaluated at geodetic satellite         DESCRIPTION         
elevation angles. For the computation of the ionospheric    DESCRIPTION         
pierce points, a spherical layer with a radius of 6821 km   DESCRIPTION         
is assumed, implying geocentric, not geodetic IONEX         DESCRIPTION         
latitudes.                                                  DESCRIPTION         
Instrumental biases with respect to each involved GNSS code DESCRIPTION         
observable are estimated as constant values for each        DESCRIPTION         
day. They are modeled with one set of bias parameters for   DESCRIPTION         
each satellite and each station in case of GPS and for each DESCRIPTION         
satellite-station link in case of GLONASS. The code bias    DESCRIPTION         
datum is defined by zero-mean conditions imposed on the     DESCRIPTION         
satellite bias estimates. In this file, just GPS C1W-C2W    DESCRIPTION         
satellite and station bias values are included. The         DESCRIPTION         
complete set of GNSS code bias results is provided in an    DESCRIPTION         
additional Bias-SINEX file as pseudo-absolute values        DESCRIPTION         
specific to each observable.                                DESCRIPTION         
Note: These GIM results correspond to the results for the   DESCRIPTION         
middle day of a 3-day combination analysis solving for 73   DESCRIPTION         
times 256, or 18688 VTEC parameters and 3 daily sets of     DESCRIPTION         
GNSS code bias parameters.                                  DESCRIPTION         
Contact address: code(at)aiub.unibe.ch                      DESCRIPTION         
Data archive:    ftp.aiub.unibe.ch/CODE/                    DESCRIPTION         
                 www.aiub.unibe.ch/download/CODE/           DESCRIPTION         
  2019     4    14     0     0     0                        EPOCH OF FIRST MAP  
  2019     4    15     0     0     0                        EPOCH OF LAST MAP   
  3600                                                      INTERVAL            
[...]
coco cord cpvg cpxf cro1 daej darw dav1 dgar dhlg drao dubo COMMENT             
ebre faa1 fair flin flrs frdn ftna func ganp glps glsv gmsd COMMENT             
gode godz gol2 gope gras graz guat guug harb hers hert hlfx COMMENT             
hnpt hob2 hofn holb hrao hyde iddr ieng iisc ineg iqal irkj COMMENT             
isba jog2 joz2 joze kerg khar kir0 kiru kit3 kokv kouc koug COMMENT             
kour krgg lae1 lama laut lmmf lpal lpgs m0se mac1 madr mag0 COMMENT             
maju mal2 mana mas1 mat1 mate maui maw1 mcil mcm4 mdo1 mdvj COMMENT             
medi mets mgue mizu mnls mobj mobk mobs monp morp mqzg mro1 COMMENT             
mtka nano naur nico nist nium nklg nnor not1 nrc1 nril nrmd COMMENT             
ntus nya1 nyal ohi2 ohi3 onsa opmt ous2 pado park pdel penc COMMENT             
pert pfa2 pie1 pimo pohn pol2 polv pots pove prds ptag ptbb COMMENT             
ptvl quin ramo reun reyk rgdg rio2 riop roth salu samo sant COMMENT             
savo sch2 scor scrz sctb seyg sfer sofi spt0 stjo stk2 str2 COMMENT             
suth sutm suwn sydn syog tabl tabv tash thtg thti tid1 tidb COMMENT             
tixg tixi tlse tn22 tong tow2 tro1 tsea tskb twtf txes uclu COMMENT             
ufpr ulab unb3 unbj unbn unsa urum usn7 usud vaco vald vill COMMENT             
voim vtsp wab2 wark wes2 wgtn whit will wind wsrt wtza wtzl COMMENT             
wtzr wtzs wtzz xmis yakt yar2 yar3 yarr ycba yell yssk zamb COMMENT             
zeck zim2 zim3 zimj zimm                                    COMMENT             
                                                            END OF HEADER       
     1                                                      START OF TEC MAP    
  2019     4    14     0     0     0                        EPOCH OF CURRENT MAP
    87.5-180.0 180.0   5.0 450.0                            LAT/LON1/LON2/DLON/H
   53   53   53   53   53   53   53   53   53   53   53   53   53   52   52   52
   52   51   51   51   50   50   49   49   48   48   48   47   47   46   46   46
   46   45   45   45   45   45   45   45   45   46   46   46   46   46   47   47
   47   48   48   48   48   49   49   49   50   50   50   50   50   51   51   51
   51   52   52   52   52   52   52   52   53
    85.0-180.0 180.0   5.0 450.0                            LAT/LON1/LON2/DLON/H
   56   57   57   57   57   58   58   58   58   58   58   58   58   58   57   57
   56   56   55   54   53   52   51   50   49   48   47   46   45   44   44   43
   42   42   42   42   42   42   42   42   43   43   44   44   45   45   46   47
   47   48   49   49   50   50   51   51   52   52   52   53   53   53   54   54
   54   54   55   55   55   56   56   56   56
    82.5-180.0 180.0   5.0 450.0                            LAT/LON1/LON2/DLON/H
   60   60   61   61   62   62   63   63   63   64   64   64   64   64   64   63
   62   62   60   59   58   56   54   53   51   49   47   45   44   42   41   40
   39   39   38   38   38   39   39   40   40   41   42   43   44   45   46   47
   48   49   50   51   52   52   53   54   54   55   55   55   56   56   56   57
   57   57   58   58   58   59   59   60   60
    80.0-180.0 180.0   5.0 450.0                            LAT/LON1/LON2/DLON/H
   63   64   64   65   65   66   67   67   68   69   69   69   70   70   69   69
   68   67   66   64   62   60   57   55   52   49   47   44   42   40   38   37
   36   35   35   35   35   36   36   37   38   39   40   41   43   44   46   47
   48   50   51   52   53   54   55   56   56   57   57   57   58   58   58   59
   59   60   60   61   61   62   62   63   63
    77.5-180.0 180.0   5.0 450.0                            LAT/LON1/LON2/DLON/H
   66   66   67   67   68   68   69   70   71   72   72   73   73   73   73   73
   72   71   70   68   65   63   60   56   53   49   46   42   40   37   35   34
   33   32   32   32   33   33   34   34   35   36   37   39   40   42   44   45
   47   49   50   52   53   54   55   56   57   57   58   58   59   59   59   60
   61   61   62   63   63   64   65   65   66
    75.0-180.0 180.0   5.0 450.0                            LAT/LON1/LON2/DLON/H
   67   67   67   68   68   69   70   71   72   73   74   74   74   75   74   74
   73   72   71   69   67   64   60   56   52   48   44   40   37   34   32   31
   30   30   30   30   30   30   30   31   31   32   33   34   36   37   39   41
   44   46   48   50   52   53   54   56   56   57   58   58   59   59   60   60
   61   62   63   64   65   65   66   66   67
    72.5-180.0 180.0   5.0 450.0                            LAT/LON1/LON2/DLON/H
   67   67   67   67   67   68   69   70   71   72   73   73   73   73   73   73
   72   71   70   68   66   63   59   55   50   45   41   37   33   31   29   28
   27   27   27   27   27   27   27   27   27   27   27   28   29   31   33   36
   38   41   43   46   48   51   52   54   55   56   57   57   58   58   59   60
   61   62   63   64   65   66   66   67   67
    70.0-180.0 180.0   5.0 450.0                            LAT/LON1/LON2/DLON/H
   67   66   66   65   65   66   66   67   68   69   70   70   70   70   70   69
   69   68   67   66   64   61   58   53   48   43   38   33   30   27   26   25
   25   25   25   25   24   23   23   22   21   21   21   21   22   24   26   29
   32   35   38   41   44   47   50   52   54   55   56   57   57   58   59   59
   60   61   62   64   65   66   66   67   67
    67.5-180.0 180.0   5.0 450.0                            LAT/LON1/LON2/DLON/H
   66   66   65   64   63   63   63   64   65   66   66   66   66   66   65   65
   65   65   64   64   62   60   56   52   46   41   35   31   27   25   23   23
   23   23   23   22   21   20   18   17   16   15   15   15   16   18   20   23
   26   29   33   37   41   44   48   51   53   55   56   57   58   58   59   60
   60   61   62   63   64   66   66   67   66
    65.0-180.0 180.0   5.0 450.0                            LAT/LON1/LON2/DLON/H
   68   67   65   63   62   61   61   61   62   62   63   63   62   62   62   62
   62   62   62   62   61   59   56   51   46   40   35   30   26   23   22   21
   21   21   20   20   18   16   15   13   12   11   11   12   13   14   16   19
   21   25   29   33   38   42   47   50   53   55   57   59   60   60   61   61
   61   61   62   63   65   66   67   68   68
    62.5-180.0 180.0   5.0 450.0                            LAT/LON1/LON2/DLON/H
   72   71   68   66   63   61   60   60   60   60   60   60   59   59   59   60
   60   61   61   62   61   59   57   52   47   42   36   31   26   23   22   20
   20   19   19   18   16   14   13   12   11   11   12   13   14   15   16   18
   20   23   27   32   37   42   47   51   54   57   59   61   63   64   64   64
   64   64   64   65   67   69   71   72   72
    60.0-180.0 180.0   5.0 450.0                            LAT/LON1/LON2/DLON/H
   79   78   76   72   68   65   63   61   60   59   58   58   58   58   59   60
   61   62   63   63   63   62   59   55   51   45   39   34   29   26   23   21
   20   19   18   17   16   14   14   14   14   15   17   18   19   20   20   21
   22   25   28   33   38   43   48   52   56   60   62   65   67   68   69   69
   68   67   67   68   70   73   76   79   79
    57.5-180.0 180.0   5.0 450.0                            LAT/LON1/LON2/DLON/H
   89   89   86   82   78   74   70   66   63   60   58   57   58   59   60   62
   63   65   66   66   66   65   63   60   55   50   45   39   34   30   27   24
   22   20   19   18   17   17   18   19   21   23   25   27   28   29   28   28
   28   29   32   36   41   46   51   55   59   62   66   68   71   73   74   74
   74   73   73   74   76   80   84   88   89
    55.0-180.0 180.0   5.0 450.0                            LAT/LON1/LON2/DLON/H
  101  101   99   95   90   85   80   75   70   65   61   59   59   60   63   65
   67   68   69   70   70   69   68   65   61   57   52   46   41   36   31   28
   25   23   22   21   22   23   25   28   31   34   37   39   40   40   38   37
   36   37   39   42   46   50   55   58   62   66   69   72   75   78   80   81
   81   80   80   81   84   88   94   98  101
    52.5-180.0 180.0   5.0 450.0                            LAT/LON1/LON2/DLON/H
  111  112  110  107  103   99   94   87   79   72   66   62   62   63   66   68
   70   71   72   73   74   74   73   71   68   64   59   54   48   43   37   33
   30   28   27   27   29   31   35   39   42   46   49   51   52   52   50   47
   46   46   47   50   53   56   59   63   66   69   72   75   78   82   85   87
   88   88   88   89   92   97  103  108  111
    50.0-180.0 180.0   5.0 450.0                            LAT/LON1/LON2/DLON/H
  118  119  118  117  115  112  108  101   91   81   73   68   66   67   69   72
   73   74   76   77   78   78   78   76   74   71   67   62   56   49   43   39
   35   33   33   34   37   41   45   49   53   57   60   62   63   62   60   58
   56   56   57   59   61   63   65   68   71   73   76   78   81   85   89   93
   95   96   96   97  100  104  110  115  118
    47.5-180.0 180.0   5.0 450.0                            LAT/LON1/LON2/DLON/H
  119  120  121  121  122  122  120  114  104   93   82   75   72   73   74   75
   76   77   79   81   83   84   83   82   80   77   73   68   62   55   49   44
   41   40   40   43   46   51   55   59   62   65   68   70   71   71   70   68
   66   66   67   68   69   70   72   74   76   79   81   82   84   88   93   98
  102  104  104  105  107  110  114  117  119
    45.0-180.0 180.0   5.0 450.0                            LAT/LON1/LON2/DLON/H
  116  116  118  120  124  128  129  125  116  105   93   85   81   80   79   79
   79   80   83   86   89   90   90   88   85   83   79   74   67   60   53   49
   47   46   47   50   54   59   63   66   68   70   72   75   77   77   77   76
   75   76   76   77   77   77   78   81   83   86   87   87   88   90   96  102
  107  111  112  112  112  113  114  116  116
    42.5-180.0 180.0   5.0 450.0                            LAT/LON1/LON2/DLON/H
  110  110  111  115  121  129  133  132  126  116  105   96   91   88   86   84
   83   85   88   93   98   99   98   94   91   88   84   78   71   63   56   53
   51   51   53   56   60   65   69   71   72   73   74   77   80   81   82   83
   83   83   84   84   83   83   84   87   91   94   94   92   92   93   99  106
  113  117  118  118  117  115  114  112  110
    40.0-180.0 180.0   5.0 450.0                            LAT/LON1/LON2/DLON/H
  106  104  104  109  117  126  133  136  132  125  116  108  102   98   95   91
   90   92   97  103  108  109  106  101   96   92   87   81   73   65   58   55
   54   55   57   60   64   68   72   73   73   74   75   78   81   84   86   87
   88   88   88   88   86   86   88   93   98  102  102   99   96   97  102  110
  118  123  125  124  122  118  115  110  106
    37.5-180.0 180.0   5.0 450.0                            LAT/LON1/LON2/DLON/H
  108  105  104  107  114  123  131  136  136  131  125  119  114  109  104  100
   99  101  108  116  121  121  115  108  101   95   90   83   74   66   59   56
   56   57   59   62   66   70   73   74   74   74   76   79   83   85   87   89
   90   90   89   88   86   86   89   96  103  108  108  105  101  101  106  114
  123  128  131  130  128  124  120  114  108
    35.0-180.0 180.0   5.0 450.0                            LAT/LON1/LON2/DLON/H
  120  116  114  115  119  124  131  135  136  135  131  128  124  119  114  110
  109  113  120  128  133  131  123  113  104   97   91   84   75   66   60   57
   57   58   60   63   66   69   72   74   75   76   79   81   84   86   87   88
   88   88   86   84   82   82   87   96  106  112  113  109  105  105  110  119
  128  134  137  138  137  135  131  126  120
    32.5-180.0 180.0   5.0 450.0                            LAT/LON1/LON2/DLON/H
  144  141  138  135  133  133  134  136  137  137  136  135  132  129  124  121
  121  125  133  140  142  139  129  117  106   98   92   85   76   68   61   59
   58   59   61   62   65   69   72   75   77   80   82   84   85   85   85   84
   84   82   80   76   74   76   83   94  105  113  115  112  108  109  115  124
  133  140  145  147  150  151  150  147  144
    30.0-180.0 180.0   5.0 450.0                            LAT/LON1/LON2/DLON/H
  178  177  173  166  158  150  144  141  140  140  140  141  140  137  134  132
  133  138  144  148  148  143  131  118  106   98   92   85   78   70   64   61
   61   61   61   62   64   68   71   75   79   83   86   87   85   82   80   78
   76   74   71   67   65   68   76   89  102  111  114  112  110  112  119  130
  139  147  153  158  165  171  175  177  178
    27.5-180.0 180.0   5.0 450.0                            LAT/LON1/LON2/DLON/H
  217  219  216  207  192  176  162  153  147  145  145  147  147  146  144  144
  146  150  153  153  150  142  131  117  105   96   90   85   79   72   67   65
   64   64   63   63   65   67   71   75   81   86   89   88   83   77   72   69
   67   65   61   58   56   60   69   82   96  107  111  111  111  115  124  135
  145  154  162  171  182  193  203  211  217
    25.0-180.0 180.0   5.0 450.0                            LAT/LON1/LON2/DLON/H
  255  262  261  250  231  208  187  171  160  155  154  155  155  155  155  156
  159  161  159  155  148  139  127  114  102   93   87   84   80   75   72   71
   69   68   66   65   66   68   70   75   81   87   89   85   77   68   62   59
   57   55   52   49   49   53   63   77   91  102  108  110  113  119  129  141
  152  161  171  183  199  215  231  244  255
    22.5-180.0 180.0   5.0 450.0                            LAT/LON1/LON2/DLON/H
  287  297  299  289  268  242  217  196  180  171  167  167  167  168  169  171
  173  172  166  155  144  134  124  112  100   90   84   82   80   79   78   77
   76   73   71   69   69   69   70   73   79   84   85   79   68   57   51   49
   48   48   45   43   44   49   59   73   87   99  106  111  115  123  135  147
  159  169  181  196  215  235  254  271  287
    20.0-180.0 180.0   5.0 450.0                            LAT/LON1/LON2/DLON/H
  306  320  325  318  299  274  247  224  205  192  185  184  184  185  186  189
  190  185  173  156  141  130  122  111   99   88   81   79   80   82   83   83
   82   79   76   74   73   72   71   72   75   79   78   69   57   46   40   39
   41   42   41   40   41   47   58   71   86   98  107  114  120  129  141  155
  167  178  191  208  228  250  270  289  306
    17.5-180.0 180.0   5.0 450.0                            LAT/LON1/LON2/DLON/H
  313  328  337  334  320  299  276  253  233  218  209  206  206  207  208  210
  209  201  183  160  142  130  122  113   99   87   79   78   80   84   87   88
   87   85   82   80   79   76   73   71   72   73   69   59   46   35   31   32
   36   39   39   39   41   48   59   73   87  101  111  119  128  137  150  163
  176  188  202  219  239  260  278  296  313
    15.0-180.0 180.0   5.0 450.0                            LAT/LON1/LON2/DLON/H
  310  326  337  339  331  317  300  281  262  246  235  232  232  232  233  233
  230  219  196  169  147  134  127  117  102   88   79   77   81   87   91   92
   92   89   87   86   86   83   78   73   70   68   61   50   36   27   25   28
   33   37   38   39   42   50   61   76   91  106  117  127  137  147  159  173
  186  199  213  230  248  266  281  295  310
    12.5-180.0 180.0   5.0 450.0                            LAT/LON1/LON2/DLON/H
  302  317  330  336  334  327  318  305  289  273  263  260  260  259  259  257
  253  238  212  181  156  142  134  123  107   91   81   80   84   89   93   94
   94   92   92   93   94   92   86   79   72   65   56   43   31   23   23   27
   32   36   38   40   43   52   64   80   96  111  124  136  146  156  169  182
  197  211  225  240  256  270  281  290  302
    10.0-180.0 180.0   5.0 450.0                            LAT/LON1/LON2/DLON/H
  297  310  324  332  334  333  330  323  311  298  289  286  286  286  283  280
  273  258  230  197  169  152  142  130  113   96   86   85   88   92   94   95
   94   94   95   99  102  101   96   87   78   67   54   41   29   24   24   28
   33   36   37   39   44   53   66   83  100  116  130  142  153  164  177  192
  207  222  236  251  264  275  282  287  297
     7.5-180.0 180.0   5.0 450.0                            LAT/LON1/LON2/DLON/H
  298  311  324  332  335  336  338  336  328  317  310  308  309  307  303  298
  290  274  246  212  182  163  151  137  120  103   94   92   94   95   95   93
   93   94   97  103  108  110  106   98   86   72   57   42   32   28   28   30
   33   34   36   38   43   52   67   85  102  118  132  145  157  169  183  199
  215  231  245  260  272  281  286  290  298
     5.0-180.0 180.0   5.0 450.0                            LAT/LON1/LON2/DLON/H
  308  321  333  338  339  339  341  343  339  331  325  324  325  323  317  309
  301  286  259  225  193  172  157  143  126  111  103  102  102   99   94   91
   90   92   98  105  113  117  115  107   94   78   61   47   37   34   33   33
   33   33   34   36   41   51   66   84  101  116  129  142  155  170  185  202
  219  236  252  266  280  289  295  299  308
     2.5-180.0 180.0   5.0 450.0                            LAT/LON1/LON2/DLON/H
  325  339  350  351  345  340  341  344  343  338  333  333  334  331  323  315
  305  291  266  233  201  178  162  147  132  120  114  112  109  102   93   87
   86   90   96  104  113  118  119  113  101   84   66   52   43   40   38   35
   33   31   32   34   39   49   64   82   98  110  121  134  149  165  183  201
  219  237  253  270  285  297  305  313  325
