70_EGNOS_Project/core/files/DebugFiles/CODG1030.19I
     1.0            IONOSPHERE MAPS     GNSS                IONEX VERSION / TYPE
ADDNEQ2 V5.3        AIUB                17-APR-19 20:21     PGM / RUN BY / DATE 
CODE'S GLOBAL IONOSPHERE MAPS FOR DAY 103, 2019             COMMENT             
Global ionosphere maps (GIM) are generated on a daily basis DESCRIPTION         
at CODE using data from about 300 GNSS sites of the IGS and DESCRIPTION         
other institutions. The vertical total electron content     DESCRIPTION         
(VTEC) is modeled in a solar-geomagnetic reference frame    DESCRIPTION         
using a spherical harmonics expansion up to degree and      DESCRIPTION         
order 15. Piece-wise linear functions are used for          DESCRIPTION         
representation in the time domain. The time spacing of      DESCRIPTION         
their vertices is 1 hour, conforming with the epochs of the DESCRIPTION         
VTEC maps.                                                  DESCRIPTION         
To convert line-of-sight TEC into vertical TEC, a modified  DESCRIPTION         
single-layer model mapping function approximating the JPL   DESCRIPTION         
extended slab model mapping function is adopted. The        DESCRIPTION         
mapping function is evaluated at geodetic satellite         DESCRIPTION         
elevation angles. For the computation of the ionospheric    DESCRIPTION         
pierce points, a spherical layer with a radius of 6821 km   DESCRIPTION         
is assumed, implying geocentric, not geodetic IONEX         DESCRIPTION         
latitudes.                                                  DESCRIPTION         
Instrumental biases with respect to each involved GNSS code DESCRIPTION         
observable are estimated as constant values for each        DESCRIPTION         
day. They are modeled with one set of bias parameters for   DESCRIPTION         
each satellite and each station in case of GPS and for each DESCRIPTION         
satellite-station link in case of GLONASS. The code bias    DESCRIPTION         
datum is defined by zero-mean conditions imposed on the     DESCRIPTION         
satellite bias estimates. In this file, just GPS C1W-C2W    DESCRIPTION         
satellite and station bias values are included. The         DESCRIPTION         
complete set of GNSS code bias results is provided in an    DESCRIPTION         
additional Bias-SINEX file as pseudo-absolute values        DESCRIPTION         
specific to each observable.                                DESCRIPTION         
Note: These GIM results correspond to the results for the   DESCRIPTION         
middle day of a 3-day combination analysis solving for 73   DESCRIPTION         
times 256, or 18688 VTEC parameters and 3 daily sets of     DESCRIPTION         
GNSS code bias parameters.                                  DESCRIPTION         
Contact address: code(at)aiub.unibe.ch                      DESCRIPTION         
Data archive:    ftp.aiub.unibe.ch/CODE/                    DESCRIPTION         
                 www.aiub.unibe.ch/download/CODE/           DESCRIPTION         
  2019     4    13     0     0     0                        EPOCH OF FIRST MAP  
  2019     4    14     0     0     0                        EPOCH OF LAST MAP   
  3600                                                      INTERVAL            
[...]
coco cord cpvg cpxf cro1 daej darw dav1 dgar dhlg drao dubo COMMENT             
ebre faa1 fair flin flrs frdn ftna func ganp glps glsv gmsd COMMENT             
gode godz gol2 gope gras graz guat guug harb hers hert hlfx COMMENT             
hnpt hob2 hofn holb hrao hyde iddr iisc ineg iqal irkj isba COMMENT             
jog2 joz2 joze kerg khar kir0 kiru kit3 kokv kouc koug kour COMMENT             
krgg lae1 lama laut lmmf lpal lpgs m0se mac1 madr mag0 maju COMMENT             
mana mas1 mat1 mate maui maw1 mcil mcm4 mdo1 mdvj medi mets COMMENT             
mgue mizu mnls mobj mobk mobs monp morp mqzg mro1 mtka nano COMMENT             
naur nico nist nium nklg nnor not1 nrc1 nril nrmd ntus nya1 COMMENT             
nyal ohi2 ohi3 onsa opmt ous2 pado park pdel penc pert pfa2 COMMENT             
pie1 pimo pohn pol2 polv pots pove prds ptag ptbb ptvl quin COMMENT             
ramo reun reyk rgdg rio2 riop roth salu samo sant savo sch2 COMMENT             
scor scrz sctb seyg sfer sofi spt0 stjo stk2 str2 suth sutm COMMENT             
suwn sydn syog tabl tabv tash thtg thti tid1 tidb tixg tixi COMMENT             
tlse tn22 tong tow2 tro1 tsea tskb twtf txes uclu ufpr ulab COMMENT             
unb3 unbj unbn unsa urum usn7 usud vaco vald vill voim vtsp COMMENT             
wab2 wark wes2 wgtn whit will wind wsrt wtza wtzl wtzr wtzs COMMENT             
wtzz xmis yakt yar2 yar3 yarr ycba yell yssk zamb zeck zim2 COMMENT             
zim3 zimj zimm                                              COMMENT             
                                                            END OF HEADER       
     1                                                      START OF TEC MAP    
  2019     4    13     0     0     0                        EPOCH OF CURRENT MAP
    87.5-180.0 180.0   5.0 450.0                            LAT/LON1/LON2/DLON/H
   51   52   52   52   53   53   53   53   54   54   54   54   53   53   53   53
   52   52   51   51   50   49   48   48   47   46   45   44   43   43   42   41
   41   40   40   39   39   39   38   38   38   38   38   39   39   39   39   40
   40   41   41   42   42   43   43   44   44   45   45   46   46   47   47   48
   48   48   49   49   50   50   51   51   51
    85.0-180.0 180.0   5.0 450.0                            LAT/LON1/LON2/DLON/H
   57   57   58   59   60   61   61   62   63   63   64   64   64   64   64   63
   63   62   61   60   58   57   55   53   51   49   47   46   44   42   40   39
   38   36   36   35   34   34   34   34   34   34   35   36   36   37   38   39
   40   40   41   42   43   44   45   46   46   47   48   48   49   50   50   51
   52   52   53   53   54   55   55   56   57
    82.5-180.0 180.0   5.0 450.0                            LAT/LON1/LON2/DLON/H
   60   61   62   63   65   66   67   69   70   72   73   74   74   75   75   74
   74   73   72   70   68   66   63   61   58   55   52   49   46   43   41   39
   37   35   34   33   32   32   32   33   33   34   35   36   37   39   40   41
   42   43   44   45   47   48   48   49   50   51   51   52   53   53   54   54
   55   55   56   56   57   57   58   59   60
    80.0-180.0 180.0   5.0 450.0                            LAT/LON1/LON2/DLON/H
   61   62   64   65   67   69   71   73   75   78   80   81   82   83   84   84
   83   82   81   79   77   74   71   68   64   61   57   53   49   46   43   40
   38   36   35   34   33   34   34   35   36   37   38   39   41   42   43   45
   46   47   48   49   50   51   52   53   53   54   54   55   55   55   56   56
   56   57   57   58   58   59   59   60   61
    77.5-180.0 180.0   5.0 450.0                            LAT/LON1/LON2/DLON/H
   61   62   63   65   67   69   72   75   78   81   83   86   88   89   89   89
   89   88   86   84   82   79   76   73   69   65   61   57   53   49   46   42
   40   38   37   36   36   37   37   38   40   41   42   43   45   46   47   48
   48   49   50   51   52   53   53   54   55   55   55   56   56   56   56   56
   57   57   57   58   58   59   60   60   61
    75.0-180.0 180.0   5.0 450.0                            LAT/LON1/LON2/DLON/H
   61   62   62   63   65   67   70   74   78   81   85   87   89   91   91   91
   90   88   87   85   83   81   78   75   72   68   64   59   55   51   48   45
   42   41   40   39   39   40   41   42   43   44   45   46   46   47   47   48
   48   49   49   50   51   52   52   53   54   54   54   55   55   55   55   55
   55   56   57   58   59   59   60   61   61
    72.5-180.0 180.0   5.0 450.0                            LAT/LON1/LON2/DLON/H
   63   62   62   63   64   65   68   72   76   80   84   87   89   90   90   89
   87   85   83   81   80   78   76   73   71   67   63   59   55   52   48   46
   43   42   41   41   41   41   42   42   43   44   44   44   44   44   44   44
   44   44   45   46   47   48   49   50   51   52   52   52   52   52   52   53
   53   55   56   58   59   61   62   62   63
    70.0-180.0 180.0   5.0 450.0                            LAT/LON1/LON2/DLON/H
   66   65   64   63   63   64   66   70   74   79   83   86   88   88   87   85
   83   80   78   76   74   73   71   69   67   64   60   57   53   50   47   44
   43   41   41   40   40   40   40   40   40   40   40   39   39   38   38   37
   37   38   38   40   42   44   46   47   49   50   50   51   51   50   50   51
   52   53   55   58   61   63   65   66   66
    67.5-180.0 180.0   5.0 450.0                            LAT/LON1/LON2/DLON/H
   72   71   68   66   64   63   64   67   72   77   81   85   87   87   85   82
   79   76   73   71   69   68   66   65   62   59   56   52   49   46   43   41
   40   39   38   37   36   35   34   34   33   33   32   32   31   30   30   29
   29   30   32   34   36   39   42   45   47   49   50   50   50   50   50   50
   51   53   56   60   64   68   71   72   72
    65.0-180.0 180.0   5.0 450.0                            LAT/LON1/LON2/DLON/H
   80   78   75   70   66   64   64   66   69   74   79   83   85   85   84   81
   78   74   71   68   67   65   63   61   58   54   50   46   43   41   39   37
   36   34   33   32   30   28   27   26   25   24   24   24   23   23   22   22
   23   24   26   29   33   37   41   44   47   49   51   51   51   51   51   51
   52   54   57   62   67   72   77   79   80
    62.5-180.0 180.0   5.0 450.0                            LAT/LON1/LON2/DLON/H
   88   86   82   76   71   66   64   64   67   71   76   80   83   84   84   82
   79   76   73   70   68   65   63   59   55   50   46   42   38   36   34   33
   32   30   28   26   24   21   20   18   18   18   18   18   19   19   19   19
   20   21   24   28   32   36   41   45   48   51   53   54   55   55   54   54
   54   56   59   64   70   77   83   87   88
    60.0-180.0 180.0   5.0 450.0                            LAT/LON1/LON2/DLON/H
   95   94   90   84   77   70   66   64   65   67   71   75   78   81   83   83
   82   80   78   75   72   69   65   60   55   49   43   39   36   33   32   30
   29   27   24   22   19   17   15   15   15   15   16   18   19   19   20   20
   21   23   25   29   33   38   43   47   51   54   56   58   59   59   59   58
   58   59   62   66   72   80   87   92   95
    57.5-180.0 180.0   5.0 450.0                            LAT/LON1/LON2/DLON/H
  100  101   97   91   84   76   70   66   64   64   65   68   72   77   81   84
   85   85   83   81   78   74   69   63   57   50   44   40   36   34   32   31
   29   26   23   21   18   17   16   16   17   18   21   23   25   26   26   26
   27   28   30   33   37   41   46   50   53   57   59   62   63   64   64   63
   63   63   64   68   73   81   89   96  100
    55.0-180.0 180.0   5.0 450.0                            LAT/LON1/LON2/DLON/H
  102  105  104   99   92   84   77   70   65   61   60   61   65   71   77   82
   86   87   87   85   83   79   74   68   62   55   49   44   40   38   36   34
   31   28   25   23   22   21   22   23   25   27   30   33   35   36   36   36
   35   35   37   39   42   46   49   52   56   59   62   65   67   68   69   68
   68   67   68   70   74   81   89   96  102
    52.5-180.0 180.0   5.0 450.0                            LAT/LON1/LON2/DLON/H
  103  107  108  106  100   94   86   78   70   62   56   55   57   64   72   79
   84   87   87   87   85   83   79   74   67   61   55   51   47   44   41   39
   35   33   30   29   29   31   33   35   37   40   43   46   48   49   48   47
   45   45   45   46   48   50   53   55   58   61   64   67   69   71   72   73
   72   72   71   72   75   80   87   96  103
    50.0-180.0 180.0   5.0 450.0                            LAT/LON1/LON2/DLON/H
  103  109  112  112  109  104   98   89   78   67   58   53   53   59   67   75
   80   83   85   85   86   85   83   79   74   69   63   59   55   52   48   44
   41   38   37   38   40   43   46   49   52   54   56   59   61   61   61   58
   56   54   53   53   54   55   57   59   61   64   66   69   71   73   75   76
   76   76   75   75   76   80   86   94  103
    47.5-180.0 180.0   5.0 450.0                            LAT/LON1/LON2/DLON/H
  103  110  114  116  116  114  110  102   90   77   64   56   55   59   66   72
   77   79   81   82   85   86   86   85   81   76   72   67   63   58   54   50
   46   44   44   47   51   56   60   63   65   67   68   70   72   73   71   69
   65   62   61   60   60   60   62   64   66   68   70   71   73   74   76   78
   80   80   80   80   80   82   87   95  103
    45.0-180.0 180.0   5.0 450.0                            LAT/LON1/LON2/DLON/H
  106  112  117  120  121  122  120  114  104   90   75   66   62   64   69   73
   75   76   78   81   85   89   91   90   87   83   78   73   68   62   57   53
   50   50   51   55   61   67   72   75   76   76   77   79   81   82   80   77
   73   70   67   66   65   66   67   70   72   74   75   75   76   77   78   81
   83   85   86   86   86   88   92   98  106
    42.5-180.0 180.0   5.0 450.0                            LAT/LON1/LON2/DLON/H
  112  117  121  123  125  127  128  125  117  104   90   80   76   76   79   80
   79   78   79   83   89   94   96   96   92   88   82   76   70   64   58   54
   52   53   57   62   69   75   79   82   82   82   83   85   87   88   87   84
   80   76   73   71   70   70   73   76   79   81   82   81   81   81   82   84
   87   90   92   94   95   97  100  105  112
    40.0-180.0 180.0   5.0 450.0                            LAT/LON1/LON2/DLON/H
  121  125  126  126  127  129  132  132  127  117  106   97   93   93   92   90
   87   84   85   90   97  102  103  101   96   90   83   76   69   62   56   53
   53   56   61   67   73   79   83   85   85   85   86   89   92   93   92   89
   85   80   77   74   73   74   77   82   86   89   90   88   87   86   87   88
   91   95   99  103  106  109  112  117  121
    37.5-180.0 180.0   5.0 450.0                            LAT/LON1/LON2/DLON/H
  135  136  135  131  129  130  133  135  134  128  120  114  111  110  108  103
   98   95   96  101  107  111  110  104   97   89   81   74   66   59   54   52
   54   59   64   70   75   79   83   84   86   87   89   93   96   98   96   92
   88   83   79   76   74   75   79   86   92   96   97   96   94   94   93   94
   96  100  106  112  118  123  127  131  135
    35.0-180.0 180.0   5.0 450.0                            LAT/LON1/LON2/DLON/H
  151  151  146  139  134  132  134  137  138  135  131  128  127  126  123  116
  110  107  109  114  118  119  114  105   95   86   78   70   63   56   52   52
   56   61   67   71   75   78   81   83   86   89   93   97  100  101   98   94
   88   83   78   74   72   73   79   87   95  100  102  101  101  102  102  101
  102  106  112  121  130  137  143  148  151
    32.5-180.0 180.0   5.0 450.0                            LAT/LON1/LON2/DLON/H
  169  168  162  152  143  138  138  140  142  141  140  140  140  139  135  127
  120  118  120  124  125  122  114  103   91   81   74   67   61   55   53   55
   59   65   70   73   74   76   79   82   87   92   97  101  103  102   98   92
   86   80   75   70   68   69   75   84   94  100  104  105  108  110  111  110
  109  112  119  129  141  151  160  166  169
    30.0-180.0 180.0   5.0 450.0                            LAT/LON1/LON2/DLON/H
  188  187  181  170  158  150  147  148  149  150  150  152  153  151  144  135
  128  125  127  129  127  121  110   97   85   76   71   66   62   59   57   60
   65   70   74   75   75   75   78   82   89   96  101  104  103  100   94   87
   80   74   69   64   61   62   68   79   91   99  103  107  112  117  120  119
  117  118  126  138  152  165  175  183  188
    27.5-180.0 180.0   5.0 450.0                            LAT/LON1/LON2/DLON/H
  205  206  202  192  180  171  166  165  165  165  166  168  168  164  155  143
  134  130  130  128  123  114  102   90   80   74   71   69   67   65   65   68
   72   76   78   77   76   76   78   84   92   99  103  104  100   94   86   78
   72   66   62   57   53   54   62   74   86   95  102  108  116  124  128  128
  125  126  134  147  163  177  189  199  205
    25.0-180.0 180.0   5.0 450.0                            LAT/LON1/LON2/DLON/H
  221  225  224  217  207  198  193  190  189  188  189  191  190  183  170  155
  143  136  131  125  116  105   95   86   79   76   74   75   75   75   75   77
   80   82   83   81   79   78   80   86   94  100  102   99   92   83   74   67
   61   58   54   50   47   48   56   69   83   93  101  110  120  131  136  136
  134  136  144  158  174  189  202  213  221
    22.5-180.0 180.0   5.0 450.0                            LAT/LON1/LON2/DLON/H
  235  242  245  243  236  230  225  222  221  221  222  224  223  213  195  175
  159  146  136  124  112  101   93   88   84   82   82   84   85   86   86   87
   88   88   87   85   83   82   83   88   93   97   96   90   80   69   60   54
   51   50   48   45   43   44   53   67   82   94  103  113  125  137  144  146
  145  147  156  171  187  202  214  225  235
    20.0-180.0 180.0   5.0 450.0                            LAT/LON1/LON2/DLON/H
  247  258  265  267  265  261  259  258  258  259  263  266  265  254  232  207
  185  167  150  132  116  105  100   99   97   95   93   94   96   97   97   96
   95   93   92   90   89   87   87   88   90   90   86   77   65   54   46   42
   42   44   44   43   41   44   54   69   85   98  108  118  132  145  153  155
  156  160  171  185  201  214  226  237  247
    17.5-180.0 180.0   5.0 450.0                            LAT/LON1/LON2/DLON/H
  260  272  282  288  290  289  289  291  293  298  305  313  314  303  280  250
  223  198  175  152  132  122  119  119  117  111  106  104  105  105  105  103
  100   98   97   96   95   93   89   87   84   81   73   62   50   40   34   34
   37   40   43   43   42   46   57   74   91  104  115  126  140  153  162  166
  169  176  187  201  215  227  237  248  260
    15.0-180.0 180.0   5.0 450.0                            LAT/LON1/LON2/DLON/H
  272  286  298  306  309  311  313  316  322  330  342  356  362  354  331  300
  269  240  212  184  162  151  149  147  141  129  118  112  111  112  111  108
  104  102  101  102  102   98   92   84   77   70   60   48   37   29   27   30
   35   40   43   44   44   49   62   80   98  112  123  135  149  162  171  176
  182  191  204  217  229  239  249  260  272
    12.5-180.0 180.0   5.0 450.0                            LAT/LON1/LON2/DLON/H
  285  300  313  321  324  325  327  332  340  351  368  387  401  398  379  349
  317  287  257  226  202  189  184  178  164  145  128  118  115  115  114  111
  108  106  106  108  108  103   93   81   69   59   49   38   29   24   25   29
   35   41   44   45   46   52   66   85  104  118  130  142  156  170  180  186
  195  206  219  231  241  250  260  271  285
    10.0-180.0 180.0   5.0 450.0                            LAT/LON1/LON2/DLON/H
  299  315  328  335  336  335  336  340  348  360  379  403  422  427  413  387
  358  330  300  270  244  227  217  204  182  156  133  120  117  117  116  114
  111  109  111  114  114  107   94   78   63   52   42   33   27   25   27   33
   38   42   44   45   46   53   68   88  107  121  133  146  161  175  186  195
  205  218  231  242  250  258  269  282  299
     7.5-180.0 180.0   5.0 450.0                            LAT/LON1/LON2/DLON/H
  310  329  342  348  347  343  341  343  347  357  374  399  423  433  426  407
  384  361  335  306  278  257  241  220  191  159  133  120  118  118  118  115
  113  112  114  118  117  110   94   75   59   47   39   33   29   29   33   38
   42   44   44   43   45   52   68   88  106  119  131  144  161  177  190  201
  213  226  238  246  253  261  274  291  310
     5.0-180.0 180.0   5.0 450.0                            LAT/LON1/LON2/DLON/H
  319  340  355  361  359  353  348  346  345  348  359  381  404  419  417  405
  389  373  353  326  298  272  249  222  188  154  130  120  119  120  119  116
  114  114  116  119  118  109   92   73   56   46   40   37   35   36   39   42
   44   43   42   40   42   50   66   85  102  114  124  139  157  175  190  203
  215  228  238  244  250  259  275  296  319
     2.5-180.0 180.0   5.0 450.0                            LAT/LON1/LON2/DLON/H
  321  346  365  373  372  365  359  354  347  341  342  355  374  388  391  384
  375  366  351  327  298  268  240  209  175  144  125  120  121  122  120  116
  113  113  114  116  114  105   88   70   55   47   44   42   41   42   45   46
   45   42   39   37   38   47   63   81   95  105  114  129  149  169  186  200
  212  224  232  236  241  252  270  295  321
