70_EGNOS_Project/core/files/DebugFiles/CODG1040.19I
     1.0            IONOSPHERE MAPS     GNSS                IONEX VERSION / TYPE
ADDNEQ2 V5.3        AIUB                18-APR-19 20:21     PGM / RUN BY / DATE 
CODE'S GLOBAL IONOSPHERE MAPS FOR DAY 104, 2019             COMMENT             
Global ionosphere maps (GIM) are generated on a daily basis DESCRIPTION         
at CODE using data from about 300 GNSS sites of the IGS and DESCRIPTION         
other institutions. The vertical total electron content     DESCRIPTION         
(VTEC) is modeled in a solar-geomagnetic reference frame    DESCRIPTION         
using a spherical harmonics expansion up to degree and      DESCRIPTION         
order 15. Piece-wise linear functions are used for          DESCRIPTION         
representation in the time domain. The time spacing of      DESCRIPTION         
their vertices is 1 hour, conforming with the epochs of the DESCRIPTION         
VTEC maps.                                                  DESCRIPTION         
To convert line-of-sight TEC into vertical TEC, a modified  DESCRIPTION         
single-layer model mapping function approximating the JPL   DESCRIPTION         
extended slab model mapping function is adopted. The        DESCRIPTION         
mapping function is evaluated at geodetic satellite         DESCRIPTION         
elevation angles. For the computation of the ionospheric    DESCRIPTION         
pierce points, a spherical layer with a radius of 6821 km   DESCRIPTION         
is assumed, implying geocentric, not geodetic IONEX         DESCRIPTION         
latitudes.                                                  DESCRIPTION         
Instrumental biases with respect to each involved GNSS code DESCRIPTION         
observable are estimated as constant values for each        DESCRIPTION         
day. They are modeled with one set of bias parameters for   DESCRIPTION         
each satellite and each station in case of GPS and for each DESCRIPTION         
satellite-station link in case of GLONASS. The code bias    DESCRIPTION         
datum is defined by zero-mean conditions imposed on the     DESCRIPTION         
satellite bias estimates. In this file, just GPS C1W-C2W    DESCRIPTION         
satellite and station bias values are included. The         DESCRIPTION         
complete set of GNSS code bias results is provided in an    DESCRIPTION         
additional Bias-SINEX file as pseudo-absolute values        DESCRIPTION         
specific to each observable.                                DESCRIPTION         
Note: These GIM results correspond to the results for the   DESCRIPTION         
middle day of a 3-day combination analysis solving for 73   DESCRIPTION         
times 256, or 18688 VTEC parameters and 3 daily sets of     DESCRIPTION         
GNSS code bias parameters.                                  DESCRIPTION         
Contact address: code(at)aiub.unibe.ch                      DESCRIPTION         
Data archive:    ftp.aiub.unibe.ch/CODE/                    DESCRIPTION         
                 www.aiub.unibe.ch/download/CODE/           DESCRIPTION         
  2019     4    14     0     0     0                        EPOCH OF FIRST MAP  
  2019     4    15     0     0     0                        EPOCH OF LAST MAP   
  3600                                                      INTERVAL            
[...]
coco cord cpvg cpxf cro1 daej darw dav1 dgar dhlg drao dubo COMMENT             
ebre faa1 fair flin flrs frdn ftna func ganp glps glsv gmsd COMMENT             
gode godz gol2 gope gras graz guat guug harb hers hert hlfx COMMENT             
hnpt hob2 hofn holb hrao hyde iddr ieng iisc ineg iqal irkj COMMENT             
isba jog2 joz2 joze kerg khar kir0 kiru kit3 kokv kouc koug COMMENT             
kour krgg lae1 lama laut lmmf lpal lpgs m0se mac1 madr mag0 COMMENT             
maju mal2 mana mas1 mat1 mate maui maw1 mcil mcm4 mdo1 mdvj COMMENT             
medi mets mgue mizu mnls mobj mobk mobs monp morp mqzg mro1 COMMENT             
mtka nano naur nico nist nium nklg nnor not1 nrc1 nril nrmd COMMENT             
ntus nya1 nyal ohi2 ohi3 onsa opmt ous2 pado park pdel penc COMMENT             
pert pfa2 pie1 pimo pohn pol2 polv pots pove prds ptag ptbb COMMENT             
ptvl quin ramo reun reyk rgdg rio2 riop roth salu samo sant COMMENT             
savo sch2 scor scrz sctb seyg sfer sofi spt0 stjo stk2 str2 COMMENT             
suth sutm suwn sydn syog tabl tabv tash thtg thti tid1 tidb COMMENT             
tixg tixi tlse tn22 tong tow2 tro1 tsea tskb twtf txes uclu COMMENT             
ufpr ulab unb3 unbj unbn unsa urum usn7 usud vaco vald vill COMMENT             
voim vtsp wab2 wark wes2 wgtn whit will wind wsrt wtza wtzl COMMENT             
wtzr wtzs wtzz xmis yakt yar2 yar3 yarr ycba yell yssk zamb COMMENT             
zeck zim2 zim3 zimj zimm                                    COMMENT             
                                                            END OF HEADER       
[from data line 3003]
     8                                                      START OF TEC MAP    
  2019     4    14     7     0     0                        EPOCH OF CURRENT MAP
    87.5-180.0 180.0   5.0 450.0                            LAT/LON1/LON2/DLON/H
   86   86   87   88   88   89   90   90   91   91   91   92   92   92   92   92
   92   92   92   92   91   91   91   90   90   90   89   89   88   88   87   87
   86   86   86   85   85   84   84   83   83   83   82   82   81   81   81   80
   80   80   80   79   79   79   79   79   79   79   79   79   80   80   80   81
   81   81   82   82   83   84   84   85   86
    85.0-180.0 180.0   5.0 450.0                            LAT/LON1/LON2/DLON/H
   81   82   84   85   86   88   89   90   91   91   92   93   93   93   93   93
   92   92   91   90   90   89   88   87   86   86   85   84   83   83   82   82
   81   81   80   80   79   79   79   78   78   77   76   76   75   75   74   74
   74   73   73   72   72   72   72   71   71   71   71   71   71   72   72   72
   73   74   74   75   76   77   78   80   81
    82.5-180.0 180.0   5.0 450.0                            LAT/LON1/LON2/DLON/H
   74   76   77   79   81   82   84   85   86   87   88   88   89   88   88   87
   86   85   84   83   81   80   79   77   76   75   74   74   73   73   73   72
   72   72   73   73   73   73   73   72   72   72   71   71   71   70   70   70
   69   69   69   68   68   68   68   67   67   67   66   66   66   66   66   66
   66   67   67   68   69   70   71   73   74
    80.0-180.0 180.0   5.0 450.0                            LAT/LON1/LON2/DLON/H
   67   68   70   71   73   74   76   77   78   79   79   80   79   79   78   77
   75   74   72   70   68   67   65   63   62   61   60   60   60   60   60   61
   62   63   64   65   66   67   67   68   68   68   68   68   68   68   68   68
   69   69   69   69   69   69   69   69   68   68   67   66   66   65   64   64
   64   63   63   63   64   64   65   66   67
    77.5-180.0 180.0   5.0 450.0                            LAT/LON1/LON2/DLON/H
   61   61   62   62   63   64   65   66   67   67   67   67   66   65   64   63
   61   59   58   56   54   52   50   49   48   47   46   46   46   47   49   50
   52   55   57   59   61   62   64   65   65   66   66   67   67   68   69   70
   71   73   74   75   75   75   75   75   74   74   73   71   70   69   68   67
   66   65   64   63   62   61   61   61   61
    75.0-180.0 180.0   5.0 450.0                            LAT/LON1/LON2/DLON/H
   57   56   55   54   54   54   54   54   54   54   53   53   52   51   50   48
   47   45   44   42   41   39   38   37   36   35   35   35   36   37   39   42
   45   48   52   55   58   60   62   63   64   65   66   67   69   71   73   75
   77   79   81   83   84   84   84   84   83   82   80   79   78   76   75   73
   72   70   68   66   65   63   61   59   57
    72.5-180.0 180.0   5.0 450.0                            LAT/LON1/LON2/DLON/H
   57   54   51   48   46   45   43   42   41   40   40   39   38   37   36   35
   35   34   33   33   32   31   31   30   29   29   29   29   30   32   34   37
   41   45   49   53   56   59   62   63   65   66   67   69   72   74   78   81
   85   88   90   92   93   93   93   92   90   89   87   86   84   83   82   80
   79   77   75   73   70   67   64   60   57
    70.0-180.0 180.0   5.0 450.0                            LAT/LON1/LON2/DLON/H
   59   54   50   45   42   38   35   33   31   29   28   27   26   26   26   26
   26   26   27   27   28   28   28   28   28   27   27   28   28   30   32   35
   39   44   48   52   56   59   62   64   65   67   69   71   75   79   83   88
   92   96   98   99  100   99   97   96   94   92   90   89   88   87   86   86
   85   84   83   80   77   73   69   64   59
    67.5-180.0 180.0   5.0 450.0                            LAT/LON1/LON2/DLON/H
   63   57   51   46   40   35   31   27   24   22   20   19   19   19   20   21
   22   23   24   25   26   27   28   29   29   29   29   29   29   30   33   36
   39   44   48   52   56   59   61   63   65   67   70   74   78   83   89   94
   99  102  103  104  102  100   98   95   92   90   88   87   86   86   87   87
   88   88   87   86   83   79   74   69   63
    65.0-180.0 180.0   5.0 450.0                            LAT/LON1/LON2/DLON/H
   68   62   55   49   43   37   31   26   22   18   16   15   15   16   17   19
   20   22   24   25   26   27   28   29   30   30   30   30   30   32   33   36
   40   44   48   51   55   58   60   62   65   67   71   76   82   88   94  100
  104  106  106  104  101   98   94   90   87   85   83   82   82   83   84   85
   87   88   88   88   86   83   79   74   68
    62.5-180.0 180.0   5.0 450.0                            LAT/LON1/LON2/DLON/H
   73   68   62   55   48   41   34   28   23   18   15   14   14   15   17   19
   21   22   24   24   25   26   26   27   28   29   29   29   30   31   33   36
   39   43   47   50   53   56   58   61   64   68   72   78   85   92   99  104
  107  108  107  103   99   94   89   85   82   80   79   78   78   78   79   81
   83   85   86   87   87   85   82   78   73
    60.0-180.0 180.0   5.0 450.0                            LAT/LON1/LON2/DLON/H
   79   75   70   64   57   49   41   33   26   21   17   15   15   16   18   20
   22   23   23   22   22   21   22   22   23   24   25   26   27   29   32   35
   38   42   45   48   51   54   57   60   64   69   75   82   90   97  104  108
  110  110  107  102   96   91   87   84   82   80   79   78   78   77   77   78
   79   81   83   84   85   85   84   82   79
    57.5-180.0 180.0   5.0 450.0                            LAT/LON1/LON2/DLON/H
   84   82   78   73   67   59   50   41   33   26   21   18   17   18   19   21
   22   22   20   19   17   15   15   15   17   18   20   21   23   26   29   33
   37   41   44   47   50   53   57   61   66   72   79   87   95  103  109  113
  113  112  108  102   97   93   90   88   88   87   87   85   83   81   79   78
   78   79   80   81   83   84   84   84   84
    55.0-180.0 180.0   5.0 450.0                            LAT/LON1/LON2/DLON/H
   89   89   87   83   77   69   60   50   40   32   25   21   19   19   20   21
   21   20   18   15   12    9    9    9   11   13   15   17   19   22   26   31
   36   41   45   48   51   55   59   64   70   77   85   93  101  109  114  117
  117  115  111  106  103  100   99  100  101  101  101   99   95   91   86   83
   81   80   79   80   82   83   86   87   89
    52.5-180.0 180.0   5.0 450.0                            LAT/LON1/LON2/DLON/H
   93   95   94   91   86   79   69   59   49   39   31   26   22   21   21   21
   20   19   16   12    9    6    6    7    9   11   13   15   17   20   25   30
   36   42   47   51   55   59   64   70   77   84   92  101  109  115  120  122
  121  119  117  114  113  112  113  115  117  119  118  115  110  104   97   92
   87   84   82   82   83   85   88   91   93
    50.0-180.0 180.0   5.0 450.0                            LAT/LON1/LON2/DLON/H
   97   99  100   98   93   86   77   67   57   47   39   32   27   24   22   21
   20   19   16   13   10    8    8   10   13   15   17   18   19   21   25   31
   38   45   51   56   61   66   71   78   85   93  101  109  116  122  125  127
  127  126  125  125  125  127  129  131  133  134  133  129  124  116  109  102
   96   91   88   87   87   88   91   94   97
    47.5-180.0 180.0   5.0 450.0                            LAT/LON1/LON2/DLON/H
  100  102  102  100   96   91   83   75   66   56   48   40   34   29   25   23
   22   21   19   18   16   15   16   19   22   25   25   25   24   24   28   34
   41   49   56   62   68   74   80   86   94  101  109  117  123  128  131  133
  134  134  135  137  139  141  142  143  144  143  141  137  132  125  118  111
  105  100   96   93   92   93   95   98  100
    45.0-180.0 180.0   5.0 450.0                            LAT/LON1/LON2/DLON/H
  102  102  102  100   97   92   87   80   73   66   58   50   43   36   31   28
   26   25   25   25   25   26   28   31   35   37   37   34   31   29   32   37
   45   54   62   69   76   82   88   95  102  109  116  123  130  134  138  140
  142  144  147  150  153  153  152  149  146  144  141  137  133  128  122  117
  112  108  103  100   98   98   99  100  102
    42.5-180.0 180.0   5.0 450.0                            LAT/LON1/LON2/DLON/H
  101  100   98   96   94   91   88   84   80   75   69   62   55   47   40   35
   32   32   33   35   36   38   40   44   47   49   48   44   38   35   36   41
   49   59   68   75   82   88   95  101  108  114  122  129  135  141  145  148
  151  155  159  163  165  163  157  150  143  138  134  132  129  127  124  121
  118  114  110  106  104  102  102  102  101
    40.0-180.0 180.0   5.0 450.0                            LAT/LON1/LON2/DLON/H
  101   98   94   92   89   88   86   86   85   83   80   75   67   59   51   44
   40   40   42   44   46   48   50   53   56   58   56   51   44   39   39   44
   52   62   72   80   87   93   99  105  111  118  125  133  140  147  152  157
  162  167  173  177  177  172  163  151  140  133  129  127  127  126  126  125
  124  121  117  113  109  107  106  104  101
    37.5-180.0 180.0   5.0 450.0                            LAT/LON1/LON2/DLON/H
  102   96   91   87   85   84   84   85   87   88   88   85   79   71   62   55
   49   48   49   52   53   54   54   56   59   60   59   53   46   41   40   45
   54   64   74   83   90   96  102  107  113  120  128  136  145  153  161  168
  175  182  189  193  192  185  173  158  145  137  133  132  132  133  133  133
  132  129  125  121  117  114  111  107  102
    35.0-180.0 180.0   5.0 450.0                            LAT/LON1/LON2/DLON/H
  106   99   91   86   83   81   82   84   87   90   92   92   88   82   73   64
   58   55   55   56   56   55   53   53   55   56   55   51   44   40   40   46
   55   66   76   84   91   97  103  108  114  121  130  140  150  161  171  180
  190  199  207  212  212  205  192  178  165  157  154  153  152  152  151  150
  147  143  138  132  128  124  119  114  106
    32.5-180.0 180.0   5.0 450.0                            LAT/LON1/LON2/DLON/H
  117  106   97   89   84   81   80   81   84   89   92   94   93   88   81   72
   65   60   59   58   57   53   49   46   47   48   48   45   40   37   39   46
   56   67   77   86   92   98  104  109  115  123  133  144  156  168  181  194
  206  217  227  234  237  233  224  212  203  197  195  193  190  186  181  176
  171  164  157  150  144  139  134  126  117
    30.0-180.0 180.0   5.0 450.0                            LAT/LON1/LON2/DLON/H
  134  120  108   97   89   83   79   78   81   84   88   91   92   90   85   77
   69   63   60   58   54   49   43   38   38   39   39   38   35   35   38   47
   58   69   79   87   94  100  105  111  119  128  138  150  162  176  191  206
  221  235  248  259  266  267  265  260  256  254  252  249  242  232  222  212
  203  193  183  175  168  162  155  146  134
    27.5-180.0 180.0   5.0 450.0                            LAT/LON1/LON2/DLON/H
  157  140  123  109   97   87   80   77   77   78   81   84   87   87   85   79
   71   64   59   56   52   46   38   33   31   32   33   32   32   33   38   48
   60   71   81   89   96  102  108  115  124  134  145  157  169  183  200  218
  236  252  268  283  295  304  309  313  316  318  317  312  300  285  269  254
  240  228  217  207  199  192  183  172  157
    25.0-180.0 180.0   5.0 450.0                            LAT/LON1/LON2/DLON/H
  184  163  142  123  107   94   83   77   74   73   74   76   79   82   81   77
   70   63   58   54   50   45   38   32   30   30   30   31   31   33   40   50
   62   74   84   92   99  105  112  121  131  143  154  165  177  190  207  227
  247  266  284  302  320  335  348  360  369  376  376  369  354  335  314  296
  279  265  253  243  234  225  215  201  184
    22.5-180.0 180.0   5.0 450.0                            LAT/LON1/LON2/DLON/H
  211  187  162  138  118  101   88   79   74   71   69   70   72   75   76   74
   68   61   56   53   50   46   41   37   34   33   33   33   33   35   41   51
   63   75   86   94  102  109  117  127  139  152  164  175  184  196  213  233
  254  275  294  314  335  355  373  390  404  414  416  409  392  371  349  330
  313  300  289  279  270  260  248  232  211
    20.0-180.0 180.0   5.0 450.0                            LAT/LON1/LON2/DLON/H
  236  208  179  151  128  109   94   84   78   73   69   67   67   69   71   70
   65   59   54   52   51   50   47   45   43   41   39   37   37   38   43   52
   63   76   87   96  103  111  120  132  146  161  174  183  191  201  217  237
  258  278  298  317  338  358  378  396  412  424  428  422  408  388  369  352
  338  327  319  310  301  290  277  259  236
    17.5-180.0 180.0   5.0 450.0                            LAT/LON1/LON2/DLON/H
  255  224  192  162  136  116  102   92   85   79   74   69   67   68   69   68
   63   57   53   52   53   54   55   54   53   50   46   43   41   41   44   51
   62   74   86   95  103  112  122  136  152  169  182  192  198  206  220  239
  259  278  295  311  328  345  361  377  392  404  410  408  399  386  372  360
  351  345  339  333  325  313  299  280  255
    15.0-180.0 180.0   5.0 450.0                            LAT/LON1/LON2/DLON/H
  266  235  201  169  144  125  111  101   95   89   83   77   73   71   70   68
   63   57   53   52   55   59   62   63   61   57   52   48   45   43   44   49
   58   70   83   93  102  111  122  136  155  173  189  198  204  211  223  240
  259  275  288  299  310  320  330  340  352  363  372  375  373  368  361  355
  352  351  349  345  338  326  311  292  266
    12.5-180.0 180.0   5.0 450.0                            LAT/LON1/LON2/DLON/H
  271  240  206  176  151  134  121  113  107  102   97   90   84   79   75   71
   66   60   55   54   57   62   67   69   67   62   56   51   47   44   43   45
   54   66   79   90   99  107  119  135  154  175  192  202  209  216  227  243
  259  271  280  286  290  293  295  298  305  315  326  335  340  343  343  343
  345  347  349  347  340  328  314  295  271
    10.0-180.0 180.0   5.0 450.0                            LAT/LON1/LON2/DLON/H
  269  241  210  182  160  145  134  125  119  115  111  105   97   90   84   78
   72   65   60   59   61   66   70   72   69   62   56   51   47   44   41   42
   49   61   74   86   95  103  115  131  151  173  192  204  212  220  232  246
  260  270  275  276  275  272  267  264  267  275  288  301  313  321  326  330
  333  338  341  340  333  322  308  291  269
     7.5-180.0 180.0   5.0 450.0                            LAT/LON1/LON2/DLON/H
  265  240  213  189  171  158  147  137  130  127  123  119  112  103   96   88
   80   73   67   65   66   70   73   73   69   61   54   50   47   44   41   40
   46   58   71   82   91   99  110  126  146  169  189  203  214  224  237  251
  263  271  274  274  271  265  257  251  251  258  271  286  300  310  316  319
  322  326  329  328  320  309  297  283  265
     5.0-180.0 180.0   5.0 450.0                            LAT/LON1/LON2/DLON/H
  258  239  217  198  184  173  161  149  139  135  132  130  124  116  107   98
   89   82   76   73   73   76   77   75   68   59   52   48   47   44   41   40
   46   57   70   80   89   96  106  121  140  162  183  199  213  226  241  256
  268  275  278  279  279  276  269  264  264  270  281  294  306  313  315  313
  312  314  315  313  304  293  283  273  258
     2.5-180.0 180.0   5.0 450.0                            LAT/LON1/LON2/DLON/H
  252  237  220  207  197  187  174  158  145  139  137  136  132  125  116  107
   99   91   86   83   83   84   83   79   70   59   51   48   47   46   43   42
   47   58   70   80   87   94  102  115  133  154  174  193  209  225  242  259
  271  279  284  290  297  301  301  300  302  307  314  322  326  326  320  311
  305  302  301  297  288  278  269  262  252
