70_EGNOS_Project/core/files/DebugFiles/CODG1030.19I
     1.0            IONOSPHERE MAPS     GNSS                IONEX VERSION / TYPE
ADDNEQ2 V5.3        AIUB                17-APR-19 20:21     PGM / RUN BY / DATE 
CODE'S GLOBAL IONOSPHERE MAPS FOR DAY 103, 2019             COMMENT             
Global ionosphere maps (GIM) are generated on a daily basis DESCRIPTION         
at CODE using data from about 300 GNSS sites of the IGS and DESCRIPTION         
other institutions. The vertical total electron content     DESCRIPTION         
(VTEC) is modeled in a solar-geomagnetic reference frame    DESCRIPTION         
using a spherical harmonics expansion up to degree and      DESCRIPTION         
order 15. Piece-wise linear functions are used for          DESCRIPTION         
representation in the time domain. The time spacing of      DESCRIPTION         
their vertices is 1 hour, conforming with the epochs of the DESCRIPTION         
VTEC maps.                                                  DESCRIPTION         
To convert line-of-sight TEC into vertical TEC, a modified  DESCRIPTION         
single-layer model mapping function approximating the JPL   DESCRIPTION         
extended slab model mapping function is adopted. The        DESCRIPTION         
mapping function is evaluated at geodetic satellite         DESCRIPTION         
elevation angles. For the computation of the ionospheric    DESCRIPTION         
pierce points, a spherical layer with a radius of 6821 km   DESCRIPTION         
is assumed, implying geocentric, not geodetic IONEX         DESCRIPTION         
latitudes.                                                  DESCRIPTION         
Instrumental biases with respect to each involved GNSS code DESCRIPTION         
observable are estimated as constant values for each        DESCRIPTION         
day. They are modeled with one set of bias parameters for   DESCRIPTION         
each satellite and each station in case of GPS and for each DESCRIPTION         
satellite-station link in case of GLONASS. The code bias    DESCRIPTION         
datum is defined by zero-mean conditions imposed on the     DESCRIPTION         
satellite bias estimates. In this file, just GPS C1W-C2W    DESCRIPTION         
satellite and station bias values are included. The         DESCRIPTION         
complete set of GNSS code bias results is provided in an    DESCRIPTION         
additional Bias-SINEX file as pseudo-absolute values        DESCRIPTION         
specific to each observable.                                DESCRIPTION         
Note: These GIM results correspond to the results for the   DESCRIPTION         
middle day of a 3-day combination analysis solving for 73   DESCRIPTION         
times 256, or 18688 VTEC parameters and 3 daily sets of     DESCRIPTION         
GNSS code bias parameters.                                  DESCRIPTION         
Contact address: code(at)aiub.unibe.ch                      DESCRIPTION         
Data archive:    ftp.aiub.unibe.ch/CODE/                    DESCRIPTION         
                 www.aiub.unibe.ch/download/CODE/           DESCRIPTION         
  2019     4    13     0     0     0                        EPOCH OF FIRST MAP  
  2019     4    14     0     0     0                        EPOCH OF LAST MAP   
  3600                                                      INTERVAL            
[...]
coco cord cpvg cpxf cro1 daej darw dav1 dgar dhlg drao dubo COMMENT             
ebre faa1 fair flin flrs frdn ftna func ganp glps glsv gmsd COMMENT             
gode godz gol2 gope gras graz guat guug harb hers hert hlfx COMMENT             
hnpt hob2 hofn holb hrao hyde iddr iisc ineg iqal irkj isba COMMENT             
jog2 joz2 joze kerg khar kir0 kiru kit3 kokv kouc koug kour COMMENT             
krgg lae1 lama laut lmmf lpal lpgs m0se mac1 madr mag0 maju COMMENT             
mana mas1 mat1 mate maui maw1 mcil mcm4 mdo1 mdvj medi mets COMMENT             
mgue mizu mnls mobj mobk mobs monp morp mqzg mro1 mtka nano COMMENT             
naur nico nist nium nklg nnor not1 nrc1 nril nrmd ntus nya1 COMMENT             
nyal ohi2 ohi3 onsa opmt ous2 pado park pdel penc pert pfa2 COMMENT             
pie1 pimo pohn pol2 polv pots pove prds ptag ptbb ptvl quin COMMENT             
ramo reun reyk rgdg rio2 riop roth salu samo sant savo sch2 COMMENT             
scor scrz sctb seyg sfer sofi spt0 stjo stk2 str2 suth sutm COMMENT             
suwn sydn syog tabl tabv tash thtg thti tid1 tidb tixg tixi COMMENT             
tlse tn22 tong tow2 tro1 tsea tskb twtf txes uclu ufpr ulab COMMENT             
unb3 unbj unbn unsa urum usn7 usud vaco vald vill voim vtsp COMMENT             
wab2 wark wes2 wgtn whit will wind wsrt wtza wtzl wtzr wtzs COMMENT             
wtzz xmis yakt yar2 yar3 yarr ycba yell yssk zamb zeck zim2 COMMENT             
zim3 zimj zimm                                              COMMENT             
                                                            END OF HEADER       
[from data line 9438]
    23                                                      START OF TEC MAP    
  2019     4    13    22     0     0                        EPOCH OF CURRENT MAP
    87.5-180.0 180.0   5.0 450.0                            LAT/LON1/LON2/DLON/H
   48   49   49   49   49   50   50   50   50   51   51   51   51   51   51   51
   51   51   51   50   50   50   49   49   48   48   48   47   47   46   46   45
   45   44   44   43   43   43   43   42   42   42   42   42   42   42   42   42
   43   43   43   43   43   44   44   44   44   44   45   45   45   45   46   46
   46   46   47   47   47   48   48   48   48
    85.0-180.0 180.0   5.0 450.0                            LAT/LON1/LON2/DLON/H
   51   52   52   53   53   54   55   55   56   57   57   58   58   59   59   59
   59   59   59   58   57   57   56   55   54   52   51   50   49   48   46   45
   44   43   43   42   41   41   41   40   40   40   40   40   40   41   41   41
   42   42   43   43   44   44   44   45   45   46   46   46   47   47   47   48
   48   48   49   49   49   50   50   51   51
    82.5-180.0 180.0   5.0 450.0                            LAT/LON1/LON2/DLON/H
   54   54   55   56   57   58   59   60   61   62   64   65   66   67   68   68
   69   69   68   67   67   65   64   62   60   58   56   54   52   50   48   46
   45   43   42   41   41   40   40   40   39   39   40   40   40   41   41   42
   43   43   44   45   45   46   47   47   47   48   48   49   49   49   50   50
   50   51   51   51   52   52   53   53   54
    80.0-180.0 180.0   5.0 450.0                            LAT/LON1/LON2/DLON/H
   56   57   57   58   59   60   62   63   65   67   69   71   73   75   76   77
   78   78   78   77   76   74   71   69   66   63   60   57   54   51   49   47
   45   44   43   42   41   41   40   40   40   40   40   40   41   41   42   43
   44   45   46   46   47   48   49   49   49   50   50   50   50   51   51   51
   52   52   53   53   54   54   55   56   56
    77.5-180.0 180.0   5.0 450.0                            LAT/LON1/LON2/DLON/H
   58   59   59   60   61   62   64   66   68   71   73   76   79   81   83   84
   85   86   85   84   83   80   77   74   70   66   62   58   55   51   49   47
   45   44   43   43   42   42   41   41   40   40   40   40   41   41   42   43
   44   45   46   47   48   49   49   50   50   50   50   50   50   51   51   52
   52   53   54   55   56   57   57   58   58
    75.0-180.0 180.0   5.0 450.0                            LAT/LON1/LON2/DLON/H
   61   61   61   62   62   63   65   67   69   72   75   79   82   84   87   89
   90   90   90   89   87   84   80   76   71   66   62   57   53   50   47   45
   44   44   43   43   43   42   42   41   40   39   39   39   39   39   40   41
   42   44   45   46   47   47   48   48   48   48   49   49   49   49   50   51
   52   53   55   56   58   59   60   61   61
    72.5-180.0 180.0   5.0 450.0                            LAT/LON1/LON2/DLON/H
   64   64   63   63   63   64   65   67   69   72   76   79   82   85   88   89
   91   91   91   89   87   84   80   76   70   65   59   54   50   46   44   42
   42   42   42   43   43   42   41   40   38   37   36   35   35   35   36   37
   39   40   41   42   43   44   45   45   45   45   46   46   47   47   48   50
   51   53   55   57   59   61   63   63   64
    70.0-180.0 180.0   5.0 450.0                            LAT/LON1/LON2/DLON/H
   66   66   65   64   64   64   64   66   68   71   75   78   81   84   86   87
   88   89   88   87   85   82   78   73   68   62   56   51   46   42   40   39
   39   39   40   41   41   40   39   37   34   32   30   29   29   29   30   32
   33   35   36   37   38   39   40   40   41   42   43   44   45   46   47   49
   51   53   56   58   61   63   65   66   66
    67.5-180.0 180.0   5.0 450.0                            LAT/LON1/LON2/DLON/H
   69   68   67   65   64   64   64   65   67   70   73   75   78   80   82   83
   84   84   84   83   82   79   76   71   66   60   54   48   43   39   36   35
   35   36   37   38   38   37   35   32   29   26   24   23   23   23   25   26
   28   29   30   31   32   33   34   35   36   38   40   42   44   46   48   49
   51   54   56   59   63   65   67   69   69
    65.0-180.0 180.0   5.0 450.0                            LAT/LON1/LON2/DLON/H
   71   71   69   67   66   65   64   65   66   68   70   72   74   76   78   79
   80   80   80   80   79   77   74   70   65   60   53   47   42   37   34   33
   33   33   34   34   34   32   30   27   24   21   19   18   18   19   20   22
   23   24   25   26   26   27   28   30   33   36   39   42   46   48   50   52
   54   56   58   61   64   67   69   71   71
    62.5-180.0 180.0   5.0 450.0                            LAT/LON1/LON2/DLON/H
   74   73   72   71   69   67   66   66   66   67   68   69   71   72   74   75
   76   77   78   78   78   77   75   72   68   62   56   50   44   39   36   33
   32   32   32   31   30   29   26   23   20   18   16   16   17   18   19   21
   21   22   22   22   22   22   24   26   30   34   39   44   49   52   55   57
   58   59   61   63   66   69   71   73   74
    60.0-180.0 180.0   5.0 450.0                            LAT/LON1/LON2/DLON/H
   76   77   77   76   74   73   71   69   68   67   66   66   67   69   70   72
   74   76   78   79   79   79   78   76   72   68   62   56   51   45   41   37
   35   33   32   30   29   27   25   22   20   19   18   19   20   21   22   23
   23   22   21   21   20   20   22   25   29   35   41   48   54   58   61   62
   63   64   64   66   68   71   73   75   76
    57.5-180.0 180.0   5.0 450.0                            LAT/LON1/LON2/DLON/H
   80   82   83   83   82   81   78   75   72   69   66   65   65   66   69   72
   75   77   79   81   82   82   82   81   78   75   71   65   60   54   49   44
   40   37   34   32   30   28   27   26   25   25   25   26   28   28   29   28
   28   26   25   23   22   22   23   26   30   37   44   51   58   64   67   68
   69   69   69   69   71   73   76   78   80
    55.0-180.0 180.0   5.0 450.0                            LAT/LON1/LON2/DLON/H
   85   88   90   92   93   92   89   84   79   73   69   66   65   66   69   72
   76   80   82   84   85   86   86   86   85   83   80   76   71   65   60   54
   49   44   40   37   35   34   33   33   34   35   36   38   39   39   38   37
   35   33   31   30   28   28   28   30   34   39   47   55   62   68   72   74
   74   73   73   74   75   77   79   82   85
    52.5-180.0 180.0   5.0 450.0                            LAT/LON1/LON2/DLON/H
   91   95   99  102  104  104  101   95   88   81   74   70   67   68   70   74
   78   82   85   87   88   89   90   91   91   90   89   85   81   77   71   65
   59   53   48   44   42   41   42   43   45   47   49   51   52   51   49   47
   45   43   41   39   38   37   36   37   39   44   50   57   65   71   75   77
   78   78   78   79   80   82   84   87   91
    50.0-180.0 180.0   5.0 450.0                            LAT/LON1/LON2/DLON/H
   97  101  107  112  115  116  113  107   99   90   83   77   73   72   74   77
   81   85   87   89   90   91   93   95   96   97   96   94   91   87   82   76
   69   62   56   53   51   51   53   55   58   60   63   64   64   63   60   58
   55   53   52   51   50   48   47   46   46   49   53   60   66   72   76   79
   81   82   83   85   86   88   90   93   97
    47.5-180.0 180.0   5.0 450.0                            LAT/LON1/LON2/DLON/H
  103  107  113  119  123  124  122  117  109  101   93   86   81   79   79   81
   84   87   90   91   92   93   96   99  101  103  103  101   99   95   90   84
   77   71   65   61   60   61   63   66   69   72   74   75   74   72   70   67
   65   65   65   64   63   61   58   56   54   54   57   62   68   73   77   81
   84   87   89   92   94   96   98  100  103
    45.0-180.0 180.0   5.0 450.0                            LAT/LON1/LON2/DLON/H
  108  111  116  122  126  128  127  123  117  111  104   98   92   87   86   86
   88   91   92   93   95   97  100  104  107  109  109  107  104  100   95   90
   84   77   72   69   68   70   72   75   77   80   82   82   82   80   77   75
   75   75   76   76   76   73   69   65   62   60   61   65   69   74   78   82
   87   91   96   99  102  104  105  106  108
    42.5-180.0 180.0   5.0 450.0                            LAT/LON1/LON2/DLON/H
  113  114  117  121  125  127  127  125  123  119  115  110  104   98   94   93
   94   96   97   98  100  102  106  110  114  116  116  114  109  104   98   93
   87   81   77   74   74   76   78   80   82   84   86   87   86   85   83   82
   82   84   85   85   85   82   78   72   68   65   65   68   72   76   81   85
   91   97  102  107  110  112  113  112  113
    40.0-180.0 180.0   5.0 450.0                            LAT/LON1/LON2/DLON/H
  117  117  118  120  122  123  123  124  124  125  125  121  116  109  104  102
  102  103  104  105  107  111  115  120  124  126  125  120  114  106   99   93
   88   83   79   78   78   80   82   83   85   86   88   89   89   88   88   88
   88   90   91   91   89   86   82   76   71   68   69   71   76   80   85   90
   96  103  109  114  117  119  119  119  117
    37.5-180.0 180.0   5.0 450.0                            LAT/LON1/LON2/DLON/H
  124  122  120  120  119  119  119  121  125  130  133  132  127  120  115  112
  112  113  114  116  118  121  125  130  134  136  135  129  120  109  100   93
   87   83   80   79   80   82   84   84   85   86   88   90   90   91   91   91
   92   93   92   91   89   85   81   76   71   69   70   74   80   85   90   96
  102  109  115  120  123  125  126  125  124
    35.0-180.0 180.0   5.0 450.0                            LAT/LON1/LON2/DLON/H
  132  131  128  125  122  119  118  120  126  133  139  140  136  130  125  122
  122  124  125  127  129  132  136  141  145  147  145  138  127  114  102   93
   87   83   81   80   81   83   84   84   85   86   88   90   91   92   92   93
   93   93   91   88   84   80   76   72   68   67   69   75   83   90   96  102
  109  115  120  124  126  129  131  133  132
    32.5-180.0 180.0   5.0 450.0                            LAT/LON1/LON2/DLON/H
  145  145  143  139  134  129  125  126  132  140  146  148  144  138  134  132
  133  135  136  138  140  142  145  149  153  156  155  148  135  119  105   94
   88   83   81   80   81   83   84   84   84   85   87   89   90   91   92   92
   92   90   86   81   76   72   69   65   61   61   66   74   84   93  101  108
  114  120  124  126  128  132  137  142  145
    30.0-180.0 180.0   5.0 450.0                            LAT/LON1/LON2/DLON/H
  161  165  165  162  156  149  143  141  145  151  155  156  152  146  143  142
  143  145  145  146  147  148  150  154  158  162  163  156  142  125  109   98
   90   85   82   80   81   83   84   84   84   85   87   88   88   88   89   89
   88   85   79   73   68   64   60   57   54   54   60   70   83   94  104  111
  118  123  126  127  129  135  143  153  161
    27.5-180.0 180.0   5.0 450.0                            LAT/LON1/LON2/DLON/H
  179  188  192  192  187  180  172  167  166  168  168  166  160  155  152  152
  152  152  151  150  150  150  152  154  159  165  167  162  149  131  115  103
   95   89   84   81   80   82   83   84   85   85   85   85   84   83   83   83
   82   78   72   66   60   57   54   50   47   47   52   64   79   93  104  113
  120  125  127  128  131  138  151  166  179
    25.0-180.0 180.0   5.0 450.0                            LAT/LON1/LON2/DLON/H
  198  212  221  224  223  217  208  200  195  191  186  179  172  165  162  162
  161  158  154  151  150  149  150  153  158  164  168  165  153  136  121  109
  101   94   87   82   80   81   83   84   84   84   82   80   76   74   75   75
   75   71   66   60   56   53   50   45   41   40   45   57   73   89  102  112
  120  125  128  130  134  144  160  180  198
    22.5-180.0 180.0   5.0 450.0                            LAT/LON1/LON2/DLON/H
  215  232  246  254  257  254  247  238  229  220  209  197  187  180  176  174
  170  164  157  152  149  149  149  151  156  162  167  165  155  140  126  117
  109  100   90   82   79   79   82   84   84   82   78   72   67   65   65   67
   68   66   62   57   54   52   49   44   38   36   40   51   68   84   98  110
  119  126  130  133  139  152  171  193  215
    20.0-180.0 180.0   5.0 450.0                            LAT/LON1/LON2/DLON/H
  228  247  264  277  284  286  282  274  263  250  235  219  207  199  194  190
  183  173  163  155  152  152  152  154  157  162  166  164  155  142  131  124
  117  107   94   83   78   79   82   84   83   80   73   65   58   55   56   59
   62   61   59   57   55   53   50   44   38   34   36   47   63   80   95  107
  117  126  133  140  149  163  183  206  228
    17.5-180.0 180.0   5.0 450.0                            LAT/LON1/LON2/DLON/H
  236  254  272  288  300  307  308  303  294  279  261  243  230  222  217  210
  201  188  175  166  163  162  163  163  163  165  166  163  154  144  136  131
  124  113   98   85   79   80   84   86   84   78   69   59   50   47   50   54
   58   59   59   58   57   55   52   46   40   35   36   45   60   77   93  106
  117  128  138  149  161  176  196  216  236
    15.0-180.0 180.0   5.0 450.0                            LAT/LON1/LON2/DLON/H
  240  255  272  289  305  316  323  323  317  303  285  268  255  248  243  235
  224  209  195  186  182  182  182  180  177  174  170  164  154  145  140  137
  131  119  102   88   83   85   89   91   87   79   68   55   47   44   47   53
   56   58   59   58   58   56   52   48   42   37   37   45   59   77   93  106
  118  131  145  159  175  192  209  225  240
    12.5-180.0 180.0   5.0 450.0                            LAT/LON1/LON2/DLON/H
  243  254  267  284  300  315  327  333  332  321  305  290  279  274  270  263
  251  237  224  215  211  211  209  205  197  188  179  168  157  149  145  144
  138  124  107   93   89   92   97   98   93   83   70   56   48   46   49   54
   57   58   58   58   57   54   51   48   44   40   40   46   60   78   94  107
  120  135  152  171  190  207  222  233  243
    10.0-180.0 180.0   5.0 450.0                            LAT/LON1/LON2/DLON/H
  247  253  264  279  294  310  325  336  340  333  320  308  301  298  296  291
  281  269  258  250  246  244  241  233  221  207  191  176  162  154  151  149
  143  129  112  100   97  103  108  108  102   90   75   61   53   51   55   58
   59   58   57   56   54   51   48   46   45   42   42   48   62   80   97  110
  123  139  158  181  203  221  234  242  247
     7.5-180.0 180.0   5.0 450.0                            LAT/LON1/LON2/DLON/H
  254  259  268  279  292  306  322  336  343  341  331  322  317  317  318  315
  309  301  294  287  282  278  272  261  245  226  205  186  170  161  157  154
  147  132  116  107  107  114  120  119  111   97   82   68   61   59   62   63
   61   58   55   53   49   45   43   43   44   43   43   49   63   82   99  113
  126  142  163  188  213  233  245  251  254
     5.0-180.0 180.0   5.0 450.0                            LAT/LON1/LON2/DLON/H
  265  272  281  291  299  308  322  336  345  345  338  331  329  331  333  333
  331  328  324  319  312  306  297  284  265  242  219  197  179  168  162  157
  148  134  120  113  117  125  130  127  117  103   88   76   69   67   68   67
   62   57   52   49   45   40   39   40   43   43   43   49   63   82  101  115
  128  143  164  191  218  239  253  260  265
     2.5-180.0 180.0   5.0 450.0                            LAT/LON1/LON2/DLON/H
  279  291  304  312  315  319  327  339  348  349  342  336  334  337  341  344
  346  347  346  341  333  324  313  299  279  254  229  206  187  174  165  157
  146  132  121  117  123  131  135  130  119  105   91   80   74   72   72   68
   61   54   49   46   41   36   35   38   41   42   42   47   61   81  101  116
  127  142  163  189  217  241  257  268  279
