70_EGNOS_Project/core/files/DebugFiles/CODG1010.19I
     1.0            IONOSPHERE MAPS     GNSS                IONEX VERSION / TYPE
ADDNEQ2 V5.3        AIUB                15-APR-19 20:18     PGM / RUN BY / DATE 
CODE'S GLOBAL IONOSPHERE MAPS FOR DAY 101, 2019             COMMENT             
Global ionosphere maps (GIM) are generated on a daily basis DESCRIPTION         
at CODE using data from about 300 GNSS sites of the IGS and DESCRIPTION         
other institutions. The vertical total electron content     DESCRIPTION         
(VTEC) is modeled in a solar-geomagnetic reference frame    DESCRIPTION         
using a spherical harmonics expansion up to degree and      DESCRIPTION         
order 15. Piece-wise linear functions are used for          DESCRIPTION         
representation in the time domain. The time spacing of      DESCRIPTION         
their vertices is 1 hour, conforming with the epochs of the DESCRIPTION         
VTEC maps.                                                  DESCRIPTION         
To convert line-of-sight TEC into vertical TEC, a modified  DESCRIPTION         
single-layer model mapping function approximating the JPL   DESCRIPTION         
extended slab model mapping function is adopted. The        DESCRIPTION         
mapping function is evaluated at geodetic satellite         DESCRIPTION         
elevation angles. For the computation of the ionospheric    DESCRIPTION         
pierce points, a spherical layer with a radius of 6821 km   DESCRIPTION         
is assumed, implying geocentric, not geodetic IONEX         DESCRIPTION         
latitudes.                                                  DESCRIPTION         
Instrumental biases with respect to each involved GNSS code DESCRIPTION         
observable are estimated as constant values for each        DESCRIPTION         
day. They are modeled with one set of bias parameters for   DESCRIPTION         
each satellite and each station in case of GPS and for each DESCRIPTION         
satellite-station link in case of GLONASS. The code bias    DESCRIPTION         
datum is defined by zero-mean conditions imposed on the     DESCRIPTION         
satellite bias estimates. In this file, just GPS C1W-C2W    DESCRIPTION         
satellite and station bias values are included. The         DESCRIPTION         
complete set of GNSS code bias results is provided in an    DESCRIPTION         
additional Bias-SINEX file as pseudo-absolute values        DESCRIPTION         
specific to each observable.                                DESCRIPTION         
Note: These GIM results correspond to the results for the   DESCRIPTION         
middle day of a 3-day combination analysis solving for 73   DESCRIPTION         
times 256, or 18688 VTEC parameters and 3 daily sets of     DESCRIPTION         
GNSS code bias parameters.                                  DESCRIPTION         
Contact address: code(at)aiub.unibe.ch                      DESCRIPTION         
Data archive:    ftp.aiub.unibe.ch/CODE/                    DESCRIPTION         
                 www.aiub.unibe.ch/download/CODE/           DESCRIPTION         
  2019     4    11     0     0     0                        EPOCH OF FIRST MAP  
  2019     4    12     0     0     0                        EPOCH OF LAST MAP   
  3600                                                      INTERVAL            
[...]
coco cord cpvg cpxf cro1 daej darw dav1 dgar dhlg drao dubo COMMENT             
ebre faa1 fair flin flrs frdn ftna func ganp glps glsv gmsd COMMENT             
gode godz gol2 gope gras graz guat harb hers hert hlfx hnpt COMMENT             
hob2 hofn holb hrao hyde iddr iisc impz ineg iqal irkj isba COMMENT             
jog2 joz2 joze kerg khar kir0 kiru kit3 kokv kouc koug kour COMMENT             
krgg lama laut lhaz lmmf lpal lpgs m0se mac1 madr mag0 maju COMMENT             
mal2 mana mas1 mat1 mate maui maw1 mcil mcm4 mdo1 mdvj medi COMMENT             
mets mgue mizu mnls mobj mobk mobs monp morp mqzg mro1 mtka COMMENT             
nano naur nico nist nium nklg nnor not1 nrc1 nril nrmd ntus COMMENT             
nya1 nyal ohi2 ohi3 onsa opmt ous2 pado park pbri pdel penc COMMENT             
pert pfa2 pie1 pimo pohn pol2 polv pots pove prds ptag ptbb COMMENT             
ptvl quin ramo reun reyk rgdg rio2 riop roth salu samo sant COMMENT             
savo sch2 scor scrz sctb seyg sfer sofi spt0 stjo stk2 str2 COMMENT             
suth sutm suwn sydn syog tabl tabv tash thtg thti tid1 tidb COMMENT             
tixg tixi tlse tn22 tong tow2 tro1 tsea tskb twtf txes uclu COMMENT             
ufpr ulab unb3 unbj unbn unsa urum usn7 usud vaco vald vill COMMENT             
voim vtsp wab2 wark wes2 wgtn whit will wind wsrt wtza wtzl COMMENT             
wtzr wtzs xmis yar2 yar3 yarr ycba yell yssk zamb zeck zim2 COMMENT             
zim3 zimj zimm                                              COMMENT             
                                                            END OF HEADER       
[from data line 429]
     2                                                      START OF TEC MAP    
  2019     4    11     1     0     0                        EPOCH OF CURRENT MAP
    87.5-180.0 180.0   5.0 450.0                            LAT/LON1/LON2/DLON/H
   57   58   58   58   59   59   59   59   59   59   59   58   58   58   57   56
   56   55   54   53   52   51   50   49   48   47   46   45   44   43   42   42
   41   41   40   40   40   40   40   40   40   40   40   41   41   41   42   42
   43   43   44   45   45   46   47   47   48   49   49   50   50   51   52   52
   53   54   54   55   55   56   56   57   57
    85.0-180.0 180.0   5.0 450.0                            LAT/LON1/LON2/DLON/H
   64   65   66   67   68   69   69   70   70   71   71   70   70   69   68   67
   66   64   62   60   58   56   53   51   49   46   44   42   40   39   37   36
   35   34   33   33   33   33   33   34   34   35   36   37   38   39   40   41
   42   43   44   45   46   47   48   49   50   51   52   53   54   55   55   56
   57   58   59   60   60   61   62   63   64
    82.5-180.0 180.0   5.0 450.0                            LAT/LON1/LON2/DLON/H
   68   70   71   73   75   76   78   79   80   81   82   82   82   81   80   78
   76   74   71   68   65   62   58   54   51   47   44   41   38   36   33   32
   31   30   29   29   30   30   31   32   33   34   36   37   39   40   41   43
   44   46   47   49   50   51   52   53   54   55   56   57   58   58   59   60
   60   61   62   63   63   64   66   67   68
    80.0-180.0 180.0   5.0 450.0                            LAT/LON1/LON2/DLON/H
   69   71   73   75   77   80   82   85   87   88   90   90   90   90   89   87
   85   82   78   75   71   66   62   57   53   49   44   40   37   34   32   30
   29   28   28   29   30   31   32   34   35   37   39   40   42   43   45   47
   48   50   51   53   54   55   57   58   59   59   60   61   61   62   62   62
   63   63   63   64   64   65   66   67   69
    77.5-180.0 180.0   5.0 450.0                            LAT/LON1/LON2/DLON/H
   67   69   71   74   77   80   83   86   89   91   93   94   94   94   92   91
   88   85   82   78   74   69   65   60   55   50   45   41   37   34   32   30
   29   29   30   31   32   34   35   37   39   41   42   44   45   47   48   49
   51   53   54   56   57   59   60   61   62   62   63   63   64   64   64   64
   64   64   64   64   64   64   65   66   67
    75.0-180.0 180.0   5.0 450.0                            LAT/LON1/LON2/DLON/H
   64   66   68   70   73   77   81   84   87   90   92   93   93   92   91   89
   86   83   80   77   73   69   65   60   56   51   46   42   38   35   33   31
   31   31   32   33   35   37   38   40   42   43   44   45   46   47   48   50
   51   53   55   56   58   60   61   62   63   64   64   65   65   65   65   65
   65   65   65   64   64   64   64   64   64
    72.5-180.0 180.0   5.0 450.0                            LAT/LON1/LON2/DLON/H
   63   63   64   66   69   73   76   80   83   86   88   88   88   86   84   82
   79   77   75   72   69   67   63   59   55   50   46   42   38   35   33   32
   32   32   33   34   36   37   39   40   41   42   43   43   44   44   45   46
   48   50   52   54   57   59   60   62   63   64   64   65   65   65   65   65
   65   65   65   65   65   64   63   63   63
    70.0-180.0 180.0   5.0 450.0                            LAT/LON1/LON2/DLON/H
   63   62   63   64   66   69   72   75   79   81   82   82   80   78   75   73
   70   68   67   65   64   62   60   57   53   49   45   41   37   35   33   31
   31   31   32   32   33   34   35   36   37   37   37   37   37   38   39   40
   42   45   48   51   54   56   59   60   61   62   63   63   64   64   65   65
   66   66   67   67   67   66   65   64   63
    67.5-180.0 180.0   5.0 450.0                            LAT/LON1/LON2/DLON/H
   66   65   64   64   64   66   69   72   74   76   76   76   73   71   67   64
   62   60   59   59   58   57   56   53   50   46   42   38   35   32   30   29
   28   27   27   27   27   28   28   29   29   29   29   29   29   30   31   33
   36   39   43   47   50   54   56   58   60   61   61   62   62   63   64   65
   66   67   69   69   70   70   69   67   66
    65.0-180.0 180.0   5.0 450.0                            LAT/LON1/LON2/DLON/H
   72   70   68   66   66   66   68   69   71   72   72   71   69   65   62   59
   56   55   54   54   54   54   52   50   46   42   39   35   32   29   27   25
   24   22   21   20   19   19   19   19   20   21   21   21   22   22   24   26
   30   34   39   43   47   51   54   56   58   59   60   61   62   62   63   65
   67   69   71   72   74   75   74   73   72
    62.5-180.0 180.0   5.0 450.0                            LAT/LON1/LON2/DLON/H
   80   77   75   72   70   69   69   69   69   70   69   68   66   64   61   58
   55   54   53   53   53   52   50   47   43   39   35   31   28   26   23   21
   19   16   14   12   11   10   10   11   13   14   15   16   17   18   20   23
   27   31   36   41   46   50   53   55   57   59   60   61   62   63   64   65
   67   70   73   76   78   80   81   81   80
    60.0-180.0 180.0   5.0 450.0                            LAT/LON1/LON2/DLON/H
   88   86   83   80   77   74   72   70   69   68   68   67   66   65   63   60
   58   57   56   55   54   52   49   45   40   36   32   28   25   23   21   18
   16   12    9    7    5    5    5    7    9   12   14   16   17   18   20   23
   27   31   36   41   46   49   52   55   57   59   61   62   64   65   66   67
   69   72   75   79   82   85   88   89   88
    57.5-180.0 180.0   5.0 450.0                            LAT/LON1/LON2/DLON/H
   97   96   93   89   85   81   76   73   70   68   67   67   68   68   67   65
   64   62   60   58   56   53   49   45   39   35   30   27   25   23   21   18
   15   12    9    6    5    5    6    9   12   16   19   21   22   23   24   26
   30   34   39   43   47   50   53   56   58   61   63   65   67   68   69   70
   72   74   78   82   86   90   94   96   97
    55.0-180.0 180.0   5.0 450.0                            LAT/LON1/LON2/DLON/H
  104  104  102   99   95   89   83   78   73   69   68   68   69   70   71   70
   69   66   64   62   59   55   51   46   41   36   32   30   27   26   23   21
   18   16   13   11   11   11   14   17   21   25   28   30   31   31   31   33
   36   39   43   47   50   52   55   57   61   64   67   69   71   72   73   75
   76   78   81   85   89   94   99  102  104
    52.5-180.0 180.0   5.0 450.0                            LAT/LON1/LON2/DLON/H
  110  111  111  108  105   99   92   85   78   72   69   69   70   72   73   73
   72   69   67   64   62   58   54   50   45   41   37   35   33   31   29   27
   25   23   22   22   22   24   26   30   34   38   41   42   42   41   40   41
   43   46   49   52   54   56   58   61   65   69   72   75   77   78   79   80
   82   83   86   89   93   98  103  107  110
    50.0-180.0 180.0   5.0 450.0                            LAT/LON1/LON2/DLON/H
  115  116  117  116  114  110  103   94   85   78   73   71   72   73   74   74
   72   70   67   66   64   62   59   56   52   48   45   43   41   39   36   34
   33   33   34   35   37   39   41   44   47   51   53   54   53   51   49   49
   50   53   56   58   59   61   63   66   70   75   79   82   84   85   86   88
   89   90   92   94   98  102  107  111  115
    47.5-180.0 180.0   5.0 450.0                            LAT/LON1/LON2/DLON/H
  118  120  121  122  122  120  114  106   96   87   80   76   74   75   74   73
   71   69   67   67   67   67   66   64   61   58   55   53   50   47   44   42
   42   44   46   49   52   53   55   57   59   61   63   63   61   59   57   56
   58   60   63   65   66   68   70   74   78   83   87   90   91   93   94   95
   97   98   99  100  103  107  112  115  118
    45.0-180.0 180.0   5.0 450.0                            LAT/LON1/LON2/DLON/H
  122  122  123  125  127  128  125  119  109   99   90   84   80   78   76   73
   70   69   69   70   72   74   74   73   71   69   66   62   59   55   51   50
   50   53   57   61   64   65   65   66   67   68   69   69   68   65   63   63
   64   67   70   72   74   76   79   83   88   93   96   99  100  101  103  104
  105  106  106  108  110  114  118  120  122
    42.5-180.0 180.0   5.0 450.0                            LAT/LON1/LON2/DLON/H
  127  125  124  126  129  133  133  130  122  113  103   95   89   84   80   75
   73   72   73   76   80   83   84   83   81   78   75   70   65   60   57   55
   56   60   65   69   71   71   70   70   70   71   72   72   71   70   68   68
   69   72   75   79   82   85   89   94   99  104  107  109  110  111  112  113
  113  114  114  116  118  122  125  127  127
    40.0-180.0 180.0   5.0 450.0                            LAT/LON1/LON2/DLON/H
  134  129  125  125  128  134  138  138  133  126  117  109  101   94   87   82
   79   78   81   85   90   93   93   92   89   85   81   76   70   64   60   58
   60   64   68   72   73   72   71   69   69   70   72   73   73   73   72   72
   73   76   80   84   88   93   98  104  110  114  118  119  120  121  121  122
  122  122  122  124  127  132  135  136  134
    37.5-180.0 180.0   5.0 450.0                            LAT/LON1/LON2/DLON/H
  144  135  127  123  125  131  138  141  140  136  130  122  114  106   98   91
   88   89   92   96  100  102  100   97   93   89   84   78   71   65   61   60
   62   66   69   71   71   70   68   67   67   69   71   73   74   75   74   74
   74   77   81   86   92   98  105  112  119  124  127  129  130  131  131  131
  130  130  130  132  137  143  148  149  144
    35.0-180.0 180.0   5.0 450.0                            LAT/LON1/LON2/DLON/H
  158  146  133  124  123  127  134  140  143  142  139  134  127  118  110  103
  100  100  103  107  108  107  103   98   93   89   83   77   71   65   62   62
   64   66   68   69   68   66   65   64   66   68   71   73   75   76   75   74
   73   74   78   85   93  101  109  118  125  131  135  138  140  141  141  140
  139  138  139  142  148  156  163  164  158
    32.5-180.0 180.0   5.0 450.0                            LAT/LON1/LON2/DLON/H
  176  161  143  129  123  125  130  136  141  145  145  143  138  130  122  115
  111  110  112  113  111  107  101   95   90   85   80   75   69   64   62   63
   65   67   68   66   64   63   63   64   67   69   72   74   75   75   74   71
   69   69   73   80   90  100  111  120  129  135  141  145  148  150  151  151
  149  148  149  153  161  171  180  182  176
    30.0-180.0 180.0   5.0 450.0                            LAT/LON1/LON2/DLON/H
  196  180  159  140  130  127  129  135  140  146  149  150  146  140  132  124
  119  116  115  112  108  101   93   87   83   80   77   72   67   63   63   65
   68   69   68   66   63   63   64   67   70   73   74   74   74   73   70   66
   61   60   64   73   85   97  110  121  130  138  144  150  156  160  162  162
  161  160  162  167  176  188  198  203  196
    27.5-180.0 180.0   5.0 450.0                            LAT/LON1/LON2/DLON/H
  219  202  179  158  144  137  136  139  144  150  155  157  155  149  140  131
  123  116  111  106   99   90   82   77   76   75   74   70   66   64   65   68
   72   73   71   68   66   66   69   72   76   77   76   74   71   68   64   58
   52   51   55   65   79   94  108  120  131  139  147  155  162  169  173  174
  175  175  178  184  193  206  218  224  219
    25.0-180.0 180.0   5.0 450.0                            LAT/LON1/LON2/DLON/H
  241  226  204  182  166  157  153  153  156  161  166  168  165  158  148  136
  124  113  104   95   86   77   71   69   70   72   72   70   66   65   67   72
   76   77   75   73   71   72   75   79   81   80   76   71   66   61   56   49
   43   41   46   59   75   91  107  121  132  142  150  159  169  178  184  188
  190  193  198  204  213  225  238  245  241
    22.5-180.0 180.0   5.0 450.0                            LAT/LON1/LON2/DLON/H
  263  250  230  211  196  187  182  179  180  183  186  186  181  172  159  143
  125  109   95   85   75   68   64   64   68   73   74   71   68   67   71   76
   81   82   81   79   78   80   82   85   85   81   74   66   58   53   47   40
   35   34   40   54   72   91  108  123  136  146  155  165  176  187  196  203
  208  213  219  226  234  245  257  265  263
    20.0-180.0 180.0   5.0 450.0                            LAT/LON1/LON2/DLON/H
  283  273  257  242  231  224  219  217  216  217  217  213  205  192  175  154
  131  109   92   80   71   65   63   65   71   76   77   75   71   71   75   81
   86   87   87   86   86   87   88   88   85   78   69   58   50   44   38   33
   29   29   38   53   73   93  112  128  142  153  163  173  185  198  209  218
  226  234  242  249  256  265  275  283  283
    17.5-180.0 180.0   5.0 450.0                            LAT/LON1/LON2/DLON/H
  300  294  283  274  268  265  262  261  260  260  257  249  236  220  199  173
  145  118   98   85   78   73   71   73   78   82   82   79   76   76   80   86
   91   92   93   93   94   94   92   89   82   73   62   51   42   36   32   29
   26   28   38   55   76   97  117  135  151  163  173  184  196  210  223  234
  244  254  263  270  276  284  293  300  300
    15.0-180.0 180.0   5.0 450.0                            LAT/LON1/LON2/DLON/H
  317  313  307  304  304  305  305  306  307  307  302  290  273  253  228  199
  167  137  115  102   95   91   88   87   88   89   88   85   81   82   86   92
   96   97   98   99  100   99   94   87   77   67   55   44   35   31   29   27
   26   29   40   58   79  101  123  143  160  174  184  195  209  223  237  249
  260  271  281  289  294  300  308  315  317
    12.5-180.0 180.0   5.0 450.0                            LAT/LON1/LON2/DLON/H
  331  330  329  331  335  340  343  346  350  351  345  331  311  287  261  230
  196  165  143  130  122  116  109  102   99   96   94   90   88   89   93   98
  101  102  103  104  105  102   94   83   72   61   50   39   32   28   28   27
   28   31   42   60   82  104  127  148  168  183  195  207  221  236  251  263
  274  285  295  303  309  315  322  329  331
    10.0-180.0 180.0   5.0 450.0                            LAT/LON1/LON2/DLON/H
  346  347  349  354  361  366  370  375  382  386  382  366  344  319  292  261
  228  197  175  162  153  143  131  118  108  102   98   95   94   96  101  105
  107  106  107  108  108  104   93   79   67   56   46   38   31   29   29   29
   29   32   42   60   82  105  128  151  173  190  203  216  232  248  263  274
  284  294  303  312  319  326  335  342  346
     7.5-180.0 180.0   5.0 450.0                            LAT/LON1/LON2/DLON/H
  358  362  366  373  380  383  385  391  400  408  405  390  367  342  316  288
  257  228  206  193  182  167  148  129  114  106  102  101  101  104  108  111
  111  110  110  111  110  104   91   76   63   54   46   39   33   31   31   31
   30   32   41   57   79  102  126  150  173  192  208  222  239  256  271  282
  290  298  307  315  324  333  344  353  358
     5.0-180.0 180.0   5.0 450.0                            LAT/LON1/LON2/DLON/H
  368  374  381  388  392  391  389  392  403  414  414  401  378  354  330  306
  278  251  230  216  202  183  158  134  116  108  105  106  107  110  113  115
  114  112  111  111  110  103   89   74   61   53   48   41   36   32   32   31
   29   29   37   52   74   97  122  146  170  190  207  223  241  259  274  284
  291  298  305  314  324  336  349  360  368
     2.5-180.0 180.0   5.0 450.0                            LAT/LON1/LON2/DLON/H
  372  381  391  398  399  392  383  383  394  407  410  399  377  354  334  313
  288  264  243  227  210  188  160  133  116  109  109  111  112  113  115  115
  114  111  109  109  107  100   86   71   60   54   50   44   38   33   31   29
   26   25   31   47   68   92  116  140  163  183  201  218  237  256  272  282
  288  293  300  308  319  332  347  361  372
