70_EGNOS_Project/core/files/DebugFiles/CODG1030.19I
     1.0            IONOSPHERE MAPS     GNSS                IONEX VERSION / TYPE
ADDNEQ2 V5.3        AIUB                17-APR-19 20:21     PGM / RUN BY / DATE 
CODE'S GLOBAL IONOSPHERE MAPS FOR DAY 103, 2019             COMMENT             
Global ionosphere maps (GIM) are generated on a daily basis DESCRIPTION         
at CODE using data from about 300 GNSS sites of the IGS and DESCRIPTION         
other institutions. The vertical total electron content     DESCRIPTION         
(VTEC) is modeled in a solar-geomagnetic reference frame    DESCRIPTION         
using a spherical harmonics expansion up to degree and      DESCRIPTION         
order 15. Piece-wise linear functions are used for          DESCRIPTION         
representation in the time domain. The time spacing of      DESCRIPTION         
their vertices is 1 hour, conforming with the epochs of the DESCRIPTION         
VTEC maps.                                                  DESCRIPTION         
To convert line-of-sight TEC into vertical TEC, a modified  DESCRIPTION         
single-layer model mapping function approximating the JPL   DESCRIPTION         
extended slab model mapping function is adopted. The        DESCRIPTION         
mapping function is evaluated at geodetic satellite         DESCRIPTION         
elevation angles. For the computation of the ionospheric    DESCRIPTION         
pierce points, a spherical layer with a radius of 6821 km   DESCRIPTION         
is assumed, implying geocentric, not geodetic IONEX         DESCRIPTION         
latitudes.                                                  DESCRIPTION         
Instrumental biases with respect to each involved GNSS code DESCRIPTION         
observable are estimated as constant values for each        DESCRIPTION         
day. They are modeled with one set of bias parameters for   DESCRIPTION         
each satellite and each station in case of GPS and for each DESCRIPTION         
satellite-station link in case of GLONASS. The code bias    DESCRIPTION         
datum is defined by zero-mean conditions imposed on the     DESCRIPTION         
satellite bias estimates. In this file, just GPS C1W-C2W    DESCRIPTION         
satellite and station bias values are included. The         DESCRIPTION         
complete set of GNSS code bias results is provided in an    DESCRIPTION         
additional Bias-SINEX file as pseudo-absolute values        DESCRIPTION         
specific to each observable.                                DESCRIPTION         
Note: These GIM results correspond to the results for the   DESCRIPTION         
middle day of a 3-day combination analysis solving for 73   DESCRIPTION         
times 256, or 18688 VTEC parameters and 3 daily sets of     DESCRIPTION         
GNSS code bias parameters.                                  DESCRIPTION         
Contact address: code(at)aiub.unibe.ch                      DESCRIPTION         
Data archive:    ftp.aiub.unibe.ch/CODE/                    DESCRIPTION         
                 www.aiub.unibe.ch/download/CODE/           DESCRIPTION         
  2019     4    13     0     0     0                        EPOCH OF FIRST MAP  
  2019     4    14     0     0     0                        EPOCH OF LAST MAP   
  3600                                                      INTERVAL            
[...]
coco cord cpvg cpxf cro1 daej darw dav1 dgar dhlg drao dubo COMMENT             
ebre faa1 fair flin flrs frdn ftna func ganp glps glsv gmsd COMMENT             
gode godz gol2 gope gras graz guat guug harb hers hert hlfx COMMENT             
hnpt hob2 hofn holb hrao hyde iddr iisc ineg iqal irkj isba COMMENT             
jog2 joz2 joze kerg khar kir0 kiru kit3 kokv kouc koug kour COMMENT             
krgg lae1 lama laut lmmf lpal lpgs m0se mac1 madr mag0 maju COMMENT             
mana mas1 mat1 mate maui maw1 mcil mcm4 mdo1 mdvj medi mets COMMENT             
mgue mizu mnls mobj mobk mobs monp morp mqzg mro1 mtka nano COMMENT             
naur nico nist nium nklg nnor not1 nrc1 nril nrmd ntus nya1 COMMENT             
nyal ohi2 ohi3 onsa opmt ous2 pado park pdel penc pert pfa2 COMMENT             
pie1 pimo pohn pol2 polv pots pove prds ptag ptbb ptvl quin COMMENT             
ramo reun reyk rgdg rio2 riop roth salu samo sant savo sch2 COMMENT             
scor scrz sctb seyg sfer sofi spt0 stjo stk2 str2 suth sutm COMMENT             
suwn sydn syog tabl tabv tash thtg thti tid1 tidb tixg tixi COMMENT             
tlse tn22 tong tow2 tro1 tsea tskb twtf txes uclu ufpr ulab COMMENT             
unb3 unbj unbn unsa urum usn7 usud vaco vald vill voim vtsp COMMENT             
wab2 wark wes2 wgtn whit will wind wsrt wtza wtzl wtzr wtzs COMMENT             
wtzz xmis yakt yar2 yar3 yarr ycba yell yssk zamb zeck zim2 COMMENT             
zim3 zimj zimm                                              COMMENT             
                                                            END OF HEADER       
[from data line 8151]
    20                                                      START OF TEC MAP    
  2019     4    13    19     0     0                        EPOCH OF CURRENT MAP
    87.5-180.0 180.0   5.0 450.0                            LAT/LON1/LON2/DLON/H
   76   77   77   77   77   78   78   78   78   78   78   78   78   77   77   76
   76   75   75   74   73   72   72   71   70   69   68   67   66   66   65   64
   63   63   62   62   62   61   61   61   61   61   61   61   62   62   63   63
   64   64   65   65   66   66   67   68   68   69   69   70   71   71   72   72
   73   73   74   74   75   75   76   76   76
    85.0-180.0 180.0   5.0 450.0                            LAT/LON1/LON2/DLON/H
   77   78   79   80   80   81   82   82   83   83   83   83   83   83   83   82
   81   80   79   78   76   75   73   71   69   67   66   64   62   60   58   57
   55   54   53   52   52   51   51   51   51   51   52   53   53   54   55   56
   57   59   60   61   62   63   64   65   66   67   68   68   69   70   70   71
   72   72   73   74   74   75   76   77   77
    82.5-180.0 180.0   5.0 450.0                            LAT/LON1/LON2/DLON/H
   74   75   77   78   79   80   82   83   84   85   86   86   87   87   87   86
   86   85   83   82   80   77   75   72   70   67   64   61   58   56   53   51
   49   47   46   44   43   43   43   43   43   43   44   45   46   48   49   51
   52   54   56   57   59   60   61   62   63   64   64   65   65   66   66   67
   67   68   68   69   70   71   72   73   74
    80.0-180.0 180.0   5.0 450.0                            LAT/LON1/LON2/DLON/H
   67   69   71   73   74   76   78   80   82   83   85   86   87   88   88   88
   88   87   86   84   82   80   77   74   71   67   63   60   56   53   50   47
   45   43   41   40   39   38   38   38   38   38   39   40   41   43   44   46
   48   50   52   54   55   57   58   58   59   59   59   59   59   59   59   59
   59   60   60   61   62   63   65   66   67
    77.5-180.0 180.0   5.0 450.0                            LAT/LON1/LON2/DLON/H
   60   62   64   66   68   70   72   74   77   79   81   83   84   85   86   87
   87   87   86   85   84   81   79   76   72   68   64   60   57   53   50   47
   45   43   41   40   39   38   37   37   36   36   36   37   38   39   40   42
   44   46   48   50   51   52   53   53   53   52   51   51   50   49   49   49
   49   50   51   52   53   55   56   58   60
    75.0-180.0 180.0   5.0 450.0                            LAT/LON1/LON2/DLON/H
   53   55   57   59   61   63   66   68   70   73   75   77   79   81   82   83
   84   84   84   84   83   82   79   77   74   70   66   62   58   55   52   49
   47   45   44   43   42   41   40   39   38   37   36   35   35   36   37   38
   40   42   44   45   46   47   47   46   45   44   42   41   40   39   38   39
   39   40   42   43   45   47   49   51   53
    72.5-180.0 180.0   5.0 450.0                            LAT/LON1/LON2/DLON/H
   50   51   53   55   57   58   60   62   64   67   69   71   73   74   76   77
   79   80   80   81   81   80   79   77   75   72   68   64   61   57   55   52
   51   50   50   49   48   47   45   43   41   38   36   34   33   33   33   34
   36   37   39   40   41   41   40   39   37   35   33   31   29   29   28   29
   30   32   35   38   40   43   45   48   50
    70.0-180.0 180.0   5.0 450.0                            LAT/LON1/LON2/DLON/H
   49   51   52   53   54   56   57   59   60   62   63   65   67   68   70   71
   73   74   75   77   78   78   78   77   76   73   70   66   63   60   58   56
   56   55   55   55   54   53   51   48   44   40   37   34   32   30   30   30
   31   33   34   34   35   34   33   31   28   26   24   22   20   20   21   22
   24   28   31   35   39   42   45   47   49
    67.5-180.0 180.0   5.0 450.0                            LAT/LON1/LON2/DLON/H
   51   53   54   54   55   56   56   57   58   59   60   61   63   64   65   66
   67   69   71   72   74   76   77   77   76   74   71   68   65   62   61   60
   59   60   60   60   59   57   55   51   46   42   37   33   30   28   27   27
   28   28   29   29   29   28   26   24   21   19   17   15   14   14   16   18
   22   26   31   35   40   44   47   49   51
    65.0-180.0 180.0   5.0 450.0                            LAT/LON1/LON2/DLON/H
   55   56   57   57   57   58   58   58   59   59   59   60   61   61   62   63
   64   65   67   69   72   74   76   77   76   75   73   70   67   65   63   63
   63   63   64   63   62   60   57   53   48   43   38   33   30   27   26   25
   25   26   26   26   25   23   21   19   16   14   13   12   11   12   14   18
   22   27   32   38   43   47   50   53   55
    62.5-180.0 180.0   5.0 450.0                            LAT/LON1/LON2/DLON/H
   58   59   60   61   61   61   61   61   61   61   61   61   61   61   62   62
   63   64   66   68   70   73   75   77   77   77   75   73   70   68   67   66
   66   66   66   65   64   61   57   53   49   44   39   35   31   29   27   26
   25   25   25   24   22   20   18   16   14   13   12   12   12   14   16   19
   24   29   35   41   46   50   53   56   58
    60.0-180.0 180.0   5.0 450.0                            LAT/LON1/LON2/DLON/H
   60   62   63   64   65   66   66   66   65   64   64   63   63   63   63   64
   65   66   67   69   71   73   75   77   78   78   77   76   74   72   71   71
   70   70   69   67   65   61   58   54   50   46   42   39   36   33   31   29
   28   27   26   24   22   20   17   15   14   14   14   15   16   18   20   23
   27   32   37   43   48   52   55   58   60
    57.5-180.0 180.0   5.0 450.0                            LAT/LON1/LON2/DLON/H
   61   63   66   68   70   71   71   71   70   69   68   67   66   66   66   67
   67   68   70   71   72   74   76   78   80   81   81   80   79   78   77   77
   76   74   72   69   66   63   59   56   53   51   48   46   43   40   38   36
   34   32   30   27   24   22   19   18   17   18   19   20   22   23   25   27
   31   34   39   44   48   52   56   58   61
    55.0-180.0 180.0   5.0 450.0                            LAT/LON1/LON2/DLON/H
   61   65   69   72   75   77   77   77   76   75   73   71   70   69   69   70
   71   72   73   74   75   76   78   80   82   84   85   85   85   85   84   84
   82   80   77   73   69   66   63   61   59   58   57   55   52   49   47   44
   42   40   37   33   30   26   24   22   23   24   26   27   29   30   31   32
   34   36   40   44   48   52   55   58   61
    52.5-180.0 180.0   5.0 450.0                            LAT/LON1/LON2/DLON/H
   63   67   72   77   81   83   84   84   83   82   79   76   74   72   72   73
   74   76   77   77   77   78   80   82   84   87   89   90   91   92   92   91
   89   86   82   78   75   72   69   68   68   68   67   65   63   60   57   54
   51   49   46   42   37   33   30   29   30   31   33   35   36   36   36   36
   36   38   40   43   47   51   55   59   63
    50.0-180.0 180.0   5.0 450.0                            LAT/LON1/LON2/DLON/H
   66   71   77   83   87   90   92   92   92   90   86   83   79   76   75   76
   77   79   80   81   80   81   82   84   87   90   93   95   96   98   98   97
   95   92   88   85   82   80   79   78   78   78   78   76   73   70   67   64
   62   60   56   52   47   42   39   37   38   39   41   42   42   41   40   39
   39   39   41   44   48   52   56   61   66
    47.5-180.0 180.0   5.0 450.0                            LAT/LON1/LON2/DLON/H
   71   77   83   89   94   98  100  101  100   98   95   90   85   81   79   79
   81   83   84   84   84   84   85   87   91   94   97   99  101  102  102  101
   99   97   95   93   92   91   91   90   90   89   88   86   83   79   76   74
   72   71   68   63   57   52   48   47   47   47   48   48   48   46   44   43
   41   41   42   45   50   54   60   65   71
    45.0-180.0 180.0   5.0 450.0                            LAT/LON1/LON2/DLON/H
   77   84   90   96  101  105  107  109  109  108  104   99   92   87   84   83
   85   87   88   88   88   87   89   91   95   98  101  103  104  105  105  104
  103  101  101  102  103  104  104  103  101   99   97   94   90   87   84   83
   83   82   79   74   68   62   58   56   55   55   55   54   53   50   48   46
   45   44   45   48   53   59   65   71   77
    42.5-180.0 180.0   5.0 450.0                            LAT/LON1/LON2/DLON/H
   84   90   97  102  107  110  113  115  116  116  113  108  101   94   91   89
   91   92   93   93   92   93   94   97  100  103  105  106  107  108  108  107
  106  107  109  113  116  118  117  114  111  107  104  100   96   92   91   91
   91   91   89   84   78   72   67   65   63   63   61   59   57   54   52   50
   48   48   48   51   56   63   70   77   84
    40.0-180.0 180.0   5.0 450.0                            LAT/LON1/LON2/DLON/H
   90   96  102  107  111  114  116  119  122  123  121  116  109  103   99   97
   97   98   99   99   99   99  101  104  107  109  111  112  113  113  113  113
  113  115  120  126  131  132  130  125  119  113  108  103   99   96   96   97
   98   98   96   91   85   79   74   72   70   69   67   64   60   57   55   54
   52   51   52   55   60   67   75   83   90
    37.5-180.0 180.0   5.0 450.0                            LAT/LON1/LON2/DLON/H
   94  100  105  109  113  115  118  122  126  128  128  124  117  111  107  106
  105  106  106  106  107  108  110  113  115  117  119  120  122  123  124  124
  126  129  136  143  148  147  142  133  124  116  110  105  101   99   99  100
  102  102  100   95   88   83   79   77   75   73   71   67   63   60   58   57
   56   55   55   57   62   70   79   87   94
    35.0-180.0 180.0   5.0 450.0                            LAT/LON1/LON2/DLON/H
   96  102  107  110  113  115  118  122  127  131  132  129  124  119  116  114
  113  113  113  114  115  117  120  122  125  127  129  132  136  139  142  143
  146  151  158  164  167  163  153  140  128  118  110  105  101   99  100  101
  103  102   99   94   88   83   80   79   78   76   73   69   65   62   61   60
   59   58   57   58   63   71   80   89   96
    32.5-180.0 180.0   5.0 450.0                            LAT/LON1/LON2/DLON/H
   97  103  108  111  114  116  119  123  129  133  135  133  129  125  123  121
  120  119  120  122  125  128  130  132  135  138  142  148  155  162  167  171
  175  180  185  189  187  177  161  144  129  117  109  104  100   98   98   99
   99   98   95   90   84   81   79   78   78   76   73   69   66   63   62   62
   61   60   58   58   62   70   80   89   97
    30.0-180.0 180.0   5.0 450.0                            LAT/LON1/LON2/DLON/H
   98  104  109  113  116  119  121  126  131  136  137  136  133  130  129  127
  126  125  126  130  134  138  141  142  145  149  157  167  179  191  200  206
  210  214  216  215  206  189  167  145  128  116  108  102   97   95   94   94
   93   91   87   83   79   76   76   76   76   74   72   68   65   63   62   63
   62   61   58   58   61   69   79   89   98
    27.5-180.0 180.0   5.0 450.0                            LAT/LON1/LON2/DLON/H
   99  107  113  118  122  124  127  131  137  141  142  140  137  135  134  132
  131  130  133  138  144  149  151  152  155  161  172  188  206  223  235  243
  247  248  247  240  223  198  169  144  126  113  105   99   93   90   88   87
   85   82   78   75   72   71   71   72   72   71   68   65   62   61   61   62
   62   61   58   57   60   68   79   90   99
    25.0-180.0 180.0   5.0 450.0                            LAT/LON1/LON2/DLON/H
  103  111  119  125  130  134  137  141  146  149  150  147  144  142  141  139
  136  136  140  148  155  160  161  162  165  173  188  209  232  254  269  278
  281  279  273  259  234  202  168  141  122  110  102   95   88   83   80   78
   76   73   70   68   66   66   67   68   68   66   64   61   58   57   58   60
   61   60   58   57   60   69   81   93  103
    22.5-180.0 180.0   5.0 450.0                            LAT/LON1/LON2/DLON/H
  109  118  127  135  142  146  149  153  158  162  161  158  154  152  150  148
  145  146  151  159  168  172  172  172  176  186  204  228  255  280  297  306
  306  302  290  270  239  201  165  136  118  108   99   91   83   77   73   71
   69   67   64   63   63   63   64   65   64   61   58   55   53   53   54   57
   59   60   59   58   62   71   84   97  109
    20.0-180.0 180.0   5.0 450.0                            LAT/LON1/LON2/DLON/H
  116  126  136  146  154  159  163  168  173  176  176  173  169  166  164  161
  159  160  166  175  183  186  185  184  188  200  220  246  274  299  316  322
  321  312  297  272  237  197  159  132  116  106   97   87   78   72   68   66
   65   63   62   61   61   62   63   62   61   58   54   50   48   48   50   53
   56   58   58   59   64   74   89  103  116
    17.5-180.0 180.0   5.0 450.0                            LAT/LON1/LON2/DLON/H
  122  134  145  156  165  172  177  182  188  192  193  190  186  184  182  181
  179  181  187  195  201  202  200  199  203  216  235  260  287  310  324  328
  323  312  294  267  231  191  155  130  116  106   97   86   76   69   66   65
   64   63   63   63   63   63   63   62   59   55   51   46   44   44   46   49
   53   56   58   60   66   78   93  109  122
    15.0-180.0 180.0   5.0 450.0                            LAT/LON1/LON2/DLON/H
  128  139  151  163  174  182  189  195  202  208  210  208  205  204  205  205
  205  207  213  219  222  221  217  217  222  234  251  272  295  313  323  323
  315  302  284  258  224  187  154  132  119  110   99   87   76   70   67   67
   66   66   66   66   65   64   64   62   60   55   49   44   41   41   42   46
   50   54   56   60   67   80   97  114  128
    12.5-180.0 180.0   5.0 450.0                            LAT/LON1/LON2/DLON/H
  131  143  155  168  181  190  198  206  214  221  225  225  225  226  229  232
  234  237  241  244  244  241  237  237  243  254  267  283  298  311  315  311
  301  287  270  247  218  186  158  139  127  116  104   91   80   73   71   71
   71   70   70   69   67   66   65   64   61   56   49   44   40   39   40   43
   47   51   54   58   67   82   99  117  131
    10.0-180.0 180.0   5.0 450.0                            LAT/LON1/LON2/DLON/H
  132  144  156  170  184  196  205  215  224  232  237  239  242  247  253  259
  264  267  269  269  266  261  258  259  266  275  283  292  300  306  306  298
  286  272  258  240  216  190  167  150  137  125  111   96   84   78   76   75
   75   74   73   71   68   66   65   65   63   58   51   44   40   39   40   42
   44   47   51   56   66   81  100  117  132
     7.5-180.0 180.0   5.0 450.0                            LAT/LON1/LON2/DLON/H
  131  143  156  171  186  200  212  223  233  242  247  251  256  264  274  283
  289  293  294  291  286  280  278  282  289  295  298  300  301  301  297  287
  274  261  249  236  219  199  180  163  149  134  117  101   89   82   80   78
   77   75   73   71   67   65   65   65   64   59   52   46   42   40   41   41
   43   45   48   53   64   80   98  116  131
     5.0-180.0 180.0   5.0 450.0                            LAT/LON1/LON2/DLON/H
  130  142  155  171  188  204  219  231  242  251  257  261  268  278  290  301
  309  312  312  308  301  296  296  302  310  313  311  306  301  297  291  280
  266  254  245  236  225  210  192  175  158  140  121  105   92   85   81   78
   76   74   71   68   65   63   63   64   64   60   53   47   44   42   42   42
   42   43   46   51   62   77   96  115  130
     2.5-180.0 180.0   5.0 450.0                            LAT/LON1/LON2/DLON/H
  129  142  156  172  190  208  226  241  253  261  266  271  278  288  301  312
  320  323  322  317  312  308  311  319  326  326  320  310  301  295  288  276
  263  251  243  237  230  218  202  183  163  142  122  104   92   84   79   75
   72   70   67   64   61   60   61   62   62   58   52   47   45   44   44   43
   42   42   45   50   60   76   95  113  129
