70_EGNOS_Project/core/files/DebugFiles/CODG1010.19I
     1.0            IONOSPHERE MAPS     GNSS                IONEX VERSION / TYPE
ADDNEQ2 V5.3        AIUB                15-APR-19 20:18     PGM / RUN BY / DATE 
CODE'S GLOBAL IONOSPHERE MAPS FOR DAY 101, 2019             COMMENT             
Global ionosphere maps (GIM) are generated on a daily basis DESCRIPTION         
at CODE using data from about 300 GNSS sites of the IGS and DESCRIPTION         
other institutions. The vertical total electron content     DESCRIPTION         
(VTEC) is modeled in a solar-geomagnetic reference frame    DESCRIPTION         
using a spherical harmonics expansion up to degree and      DESCRIPTION         
order 15. Piece-wise linear functions are used for          DESCRIPTION         
representation in the time domain. The time spacing of      DESCRIPTION         
their vertices is 1 hour, conforming with the epochs of the DESCRIPTION         
VTEC maps.                                                  DESCRIPTION         
To convert line-of-sight TEC into vertical TEC, a modified  DESCRIPTION         
single-layer model mapping function approximating the JPL   DESCRIPTION         
extended slab model mapping function is adopted. The        DESCRIPTION         
mapping function is evaluated at geodetic satellite         DESCRIPTION         
elevation angles. For the computation of the ionospheric    DESCRIPTION         
pierce points, a spherical layer with a radius of 6821 km   DESCRIPTION         
is assumed, implying geocentric, not geodetic IONEX         DESCRIPTION         
latitudes.                                                  DESCRIPTION         
Instrumental biases with respect to each involved GNSS code DESCRIPTION         
observable are estimated as constant values for each        DESCRIPTION         
day. They are modeled with one set of bias parameters for   DESCRIPTION         
each satellite and each station in case of GPS and for each DESCRIPTION         
satellite-station link in case of GLONASS. The code bias    DESCRIPTION         
datum is defined by zero-mean conditions imposed on the     DESCRIPTION         
satellite bias estimates. In this file, just GPS C1W-C2W    DESCRIPTION         
satellite and station bias values are included. The         DESCRIPTION         
complete set of GNSS code bias results is provided in an    DESCRIPTION         
additional Bias-SINEX file as pseudo-absolute values        DESCRIPTION         
specific to each observable.                                DESCRIPTION         
Note: These GIM results correspond to the results for the   DESCRIPTION         
middle day of a 3-day combination analysis solving for 73   DESCRIPTION         
times 256, or 18688 VTEC parameters and 3 daily sets of     DESCRIPTION         
GNSS code bias parameters.                                  DESCRIPTION         
Contact address: code(at)aiub.unibe.ch                      DESCRIPTION         
Data archive:    ftp.aiub.unibe.ch/CODE/                    DESCRIPTION         
                 www.aiub.unibe.ch/download/CODE/           DESCRIPTION         
  2019     4    11     0     0     0                        EPOCH OF FIRST MAP  
  2019     4    12     0     0     0                        EPOCH OF LAST MAP   
  3600                                                      INTERVAL            
[...]
coco cord cpvg cpxf cro1 daej darw dav1 dgar dhlg drao dubo COMMENT             
ebre faa1 fair flin flrs frdn ftna func ganp glps glsv gmsd COMMENT             
gode godz gol2 gope gras graz guat harb hers hert hlfx hnpt COMMENT             
hob2 hofn holb hrao hyde iddr iisc impz ineg iqal irkj isba COMMENT             
jog2 joz2 joze kerg khar kir0 kiru kit3 kokv kouc koug kour COMMENT             
krgg lama laut lhaz lmmf lpal lpgs m0se mac1 madr mag0 maju COMMENT             
mal2 mana mas1 mat1 mate maui maw1 mcil mcm4 mdo1 mdvj medi COMMENT             
mets mgue mizu mnls mobj mobk mobs monp morp mqzg mro1 mtka COMMENT             
nano naur nico nist nium nklg nnor not1 nrc1 nril nrmd ntus COMMENT             
nya1 nyal ohi2 ohi3 onsa opmt ous2 pado park pbri pdel penc COMMENT             
pert pfa2 pie1 pimo pohn pol2 polv pots pove prds ptag ptbb COMMENT             
ptvl quin ramo reun reyk rgdg rio2 riop roth salu samo sant COMMENT             
savo sch2 scor scrz sctb seyg sfer sofi spt0 stjo stk2 str2 COMMENT             
suth sutm suwn sydn syog tabl tabv tash thtg thti tid1 tidb COMMENT             
tixg tixi tlse tn22 tong tow2 tro1 tsea tskb twtf txes uclu COMMENT             
ufpr ulab unb3 unbj unbn unsa urum usn7 usud vaco vald vill COMMENT             
voim vtsp wab2 wark wes2 wgtn whit will wind wsrt wtza wtzl COMMENT             
wtzr wtzs xmis yar2 yar3 yarr ycba yell yssk zamb zeck zim2 COMMENT             
zim3 zimj zimm                                              COMMENT             
                                                            END OF HEADER       
[from data line 9867]
    24                                                      START OF TEC MAP    
  2019     4    11    23     0     0                        EPOCH OF CURRENT MAP
    87.5-180.0 180.0   5.0 450.0                            LAT/LON1/LON2/DLON/H
   66   67   68   68   69   69   70   70   71   71   71   72   72   72   72   72
   72   72   72   71   71   70   70   69   68   68   67   66   65   65   64   63
   62   62   61   60   60   59   59   58   58   58   57   57   57   57   57   57
   57   57   57   58   58   58   58   59   59   59   60   60   60   61   61   62
   62   63   63   64   64   65   65   66   66
    85.0-180.0 180.0   5.0 450.0                            LAT/LON1/LON2/DLON/H
   66   67   68   69   70   72   73   74   75   76   77   77   78   79   79   79
   79   79   78   78   77   76   75   73   72   70   68   66   65   63   61   59
   58   56   55   54   53   52   51   51   50   50   50   50   50   50   50   51
   51   51   52   52   53   53   54   54   55   55   56   56   57   57   58   58
   59   60   60   61   62   63   64   65   66
    82.5-180.0 180.0   5.0 450.0                            LAT/LON1/LON2/DLON/H
   64   65   67   68   70   71   73   75   76   78   79   80   81   82   83   84
   84   84   84   83   82   81   79   77   74   71   68   65   62   59   56   54
   52   50   48   46   45   44   44   43   43   43   43   43   44   44   45   45
   46   47   48   48   49   50   51   51   52   53   53   54   54   54   55   55
   56   56   57   58   59   60   61   62   64
    80.0-180.0 180.0   5.0 450.0                            LAT/LON1/LON2/DLON/H
   61   62   64   66   68   70   72   73   75   77   78   80   81   83   84   85
   86   87   87   87   86   84   82   79   75   71   67   63   58   54   51   47
   45   42   41   39   38   38   37   37   37   37   38   38   39   39   40   41
   42   43   45   46   47   48   49   50   50   51   51   52   52   52   53   53
   53   53   54   55   56   57   58   59   61
    77.5-180.0 180.0   5.0 450.0                            LAT/LON1/LON2/DLON/H
   58   60   62   64   66   68   69   71   73   74   75   77   78   80   81   83
   85   86   87   87   87   85   83   80   75   70   65   59   54   49   44   41
   38   36   34   33   33   33   33   33   33   33   33   33   34   35   36   37
   39   40   42   43   45   46   47   48   49   50   50   51   51   51   51   51
   51   51   52   52   53   54   55   57   58
    75.0-180.0 180.0   5.0 450.0                            LAT/LON1/LON2/DLON/H
   57   59   61   63   64   66   68   69   70   71   71   72   73   74   76   78
   80   82   84   85   86   85   83   79   74   69   62   55   49   43   39   35
   33   31   30   30   30   30   30   29   29   29   29   29   29   30   31   33
   34   36   38   40   42   44   45   46   48   49   49   50   50   50   50   50
   50   50   51   51   52   53   54   55   57
    72.5-180.0 180.0   5.0 450.0                            LAT/LON1/LON2/DLON/H
   57   59   60   62   64   65   66   67   67   68   68   67   68   68   69   71
   74   77   79   82   83   83   82   78   73   67   60   52   45   39   35   31
   29   28   28   28   29   28   28   27   26   25   24   23   23   24   25   27
   30   32   34   37   39   41   42   44   45   47   48   49   49   50   50   50
   51   51   51   51   52   53   54   56   57
    70.0-180.0 180.0   5.0 450.0                            LAT/LON1/LON2/DLON/H
   58   60   61   62   63   65   65   66   66   66   65   64   64   63   64   65
   68   71   74   78   80   81   80   77   72   65   58   50   43   37   32   29
   28   28   28   28   28   28   26   24   22   20   18   17   17   18   19   22
   24   27   30   33   35   37   39   41   43   44   46   47   49   50   51   51
   52   52   52   53   54   55   56   57   58
    67.5-180.0 180.0   5.0 450.0                            LAT/LON1/LON2/DLON/H
   61   61   62   63   63   64   64   65   65   65   64   63   62   61   61   62
   64   67   70   74   76   78   78   75   70   64   57   49   42   36   32   30
   28   28   29   29   28   26   24   21   17   14   12   11   11   12   14   17
   20   23   26   29   31   33   35   37   39   42   44   46   48   50   51   52
   53   54   55   56   57   58   59   60   61
    65.0-180.0 180.0   5.0 450.0                            LAT/LON1/LON2/DLON/H
   64   64   64   63   63   63   63   64   65   65   65   64   64   63   62   62
   63   65   68   71   73   75   75   73   69   64   57   50   43   38   34   31
   30   29   29   28   27   24   21   17   13   10    7    7    7    9   11   14
   18   21   24   26   28   30   32   34   36   39   42   45   48   50   52   54
   55   57   58   59   60   62   63   64   64
    62.5-180.0 180.0   5.0 450.0                            LAT/LON1/LON2/DLON/H
   69   68   66   65   63   62   62   63   64   65   66   67   67   66   65   65
   65   66   67   69   71   72   72   71   68   63   58   52   46   40   36   33
   32   30   29   28   25   22   18   14   10    7    6    5    7    9   12   15
   18   21   23   25   27   28   30   32   34   38   41   45   49   52   54   56
   58   59   61   63   64   66   68   69   69
    60.0-180.0 180.0   5.0 450.0                            LAT/LON1/LON2/DLON/H
   74   73   71   68   66   64   63   63   64   66   68   69   70   71   71   70
   69   69   69   69   70   70   70   69   67   64   59   54   49   44   40   36
   33   31   29   26   24   20   17   13   11    9    8    9   11   13   15   18
   21   23   25   26   27   28   29   31   34   38   42   46   50   54   56   59
   60   62   64   66   68   71   73   74   74
    57.5-180.0 180.0   5.0 450.0                            LAT/LON1/LON2/DLON/H
   82   81   79   76   72   69   67   66   67   68   70   72   74   75   76   76
   75   73   71   70   69   69   68   68   66   64   61   57   53   48   43   38
   34   31   28   26   24   21   19   16   15   15   16   17   19   21   23   24
   26   27   28   29   29   30   30   32   36   40   45   49   54   57   59   62
   63   65   67   70   72   75   78   81   82
    55.0-180.0 180.0   5.0 450.0                            LAT/LON1/LON2/DLON/H
   91   92   91   88   84   80   77   74   72   72   73   74   77   79   81   81
   80   77   74   71   69   68   68   67   67   66   64   61   57   52   46   41
   36   32   29   28   26   25   24   23   24   25   27   29   30   31   32   32
   33   33   33   34   33   33   34   35   39   44   49   54   58   61   63   65
   67   69   70   73   76   80   84   88   91
    52.5-180.0 180.0   5.0 450.0                            LAT/LON1/LON2/DLON/H
  100  103  105  103  100   96   91   87   83   79   78   78   80   82   85   85
   84   81   77   74   71   70   69   69   69   68   67   64   60   55   49   43
   38   35   33   32   32   32   33   34   35   38   40   42   42   42   42   41
   40   40   40   40   39   38   38   40   44   49   54   59   63   65   67   69
   71   72   74   76   79   84   89   95  100
    50.0-180.0 180.0   5.0 450.0                            LAT/LON1/LON2/DLON/H
  109  115  119  120  118  115  110  104   97   91   86   84   84   86   88   90
   88   85   81   77   75   73   73   73   72   72   70   67   64   58   52   47
   42   39   38   39   40   42   44   46   48   50   52   53   53   52   50   48
   47   47   47   47   46   45   45   46   50   55   60   65   68   70   72   73
   75   77   78   80   83   88   94  101  109
    47.5-180.0 180.0   5.0 450.0                            LAT/LON1/LON2/DLON/H
  116  124  131  134  135  133  129  123  114  105   97   92   90   91   93   95
   94   90   86   83   81   80   79   79   78   76   74   71   67   62   56   51
   47   46   46   48   50   53   55   57   59   61   62   63   62   60   57   56
   55   55   55   55   54   52   51   52   56   61   67   71   74   75   76   78
   80   82   84   85   88   92   99  107  116
    45.0-180.0 180.0   5.0 450.0                            LAT/LON1/LON2/DLON/H
  121  130  138  143  146  147  144  139  131  120  110  103   99   99  101  102
  100   97   93   90   89   88   88   87   85   82   79   75   70   65   60   56
   54   54   55   58   61   63   64   65   67   68   69   69   67   65   63   62
   62   63   64   64   62   60   58   58   62   67   73   77   79   79   80   82
   85   87   89   91   93   97  103  112  121
    42.5-180.0 180.0   5.0 450.0                            LAT/LON1/LON2/DLON/H
  124  132  140  146  150  152  152  149  142  133  122  114  110  109  110  111
  110  106  102  100   98   98   97   95   92   88   84   79   74   68   64   61
   60   61   64   67   69   70   70   71   71   72   72   72   71   69   68   68
   68   70   72   72   70   67   64   63   67   73   78   82   83   83   84   86
   90   93   96   97   99  103  108  116  124
    40.0-180.0 180.0   5.0 450.0                            LAT/LON1/LON2/DLON/H
  126  132  137  142  146  150  152  151  148  141  132  125  121  120  121  122
  120  117  113  110  109  108  106  103   99   93   87   82   76   72   68   66
   66   68   70   73   74   74   73   72   72   73   74   74   73   73   73   73
   75   77   78   78   76   72   68   67   71   77   83   87   88   87   88   91
   95   99  102  105  107  110  115  120  126
    37.5-180.0 180.0   5.0 450.0                            LAT/LON1/LON2/DLON/H
  130  132  134  137  139  142  145  147  147  143  138  132  130  130  132  133
  131  128  124  121  119  117  114  109  103   96   90   84   79   74   71   70
   70   72   74   75   75   74   72   72   72   74   75   76   76   77   77   78
   79   81   82   82   79   74   70   70   74   80   87   91   92   91   92   95
  100  104  109  112  116  120  124  127  130
    35.0-180.0 180.0   5.0 450.0                            LAT/LON1/LON2/DLON/H
  138  137  136  135  134  135  138  141  143  142  140  138  137  138  140  141
  140  138  134  131  128  124  119  112  105   97   91   85   80   75   73   72
   72   72   73   74   73   72   71   71   72   75   78   79   80   81   81   81
   81   82   82   82   79   74   70   70   75   82   90   95   96   95   96  100
  104  110  115  120  126  131  136  138  138
    32.5-180.0 180.0   5.0 450.0                            LAT/LON1/LON2/DLON/H
  152  149  145  142  139  137  137  139  142  143  143  142  142  144  146  147
  147  145  142  138  134  128  120  111  103   96   89   84   79   75   72   71
   70   70   71   71   70   69   69   70   74   78   81   83   84   84   84   82
   81   79   78   78   75   71   68   69   74   83   92   97   99  100  101  105
  109  114  120  127  136  144  150  153  152
    30.0-180.0 180.0   5.0 450.0                            LAT/LON1/LON2/DLON/H
  171  169  166  162  157  152  149  149  150  151  151  150  149  150  150  151
  151  149  147  142  136  128  118  108   99   91   86   81   77   73   71   69
   67   67   67   67   67   68   69   72   76   81   85   87   86   85   84   80
   76   73   71   70   69   66   64   65   72   82   92   99  102  104  106  110
  115  120  126  135  146  158  167  171  171
    27.5-180.0 180.0   5.0 450.0                            LAT/LON1/LON2/DLON/H
  195  197  197  195  191  184  178  175  173  172  170  166  162  159  157  155
  154  153  150  144  136  125  113  102   92   85   81   77   74   71   68   66
   64   63   63   64   67   69   71   75   80   85   87   87   86   84   80   75
   69   64   61   61   61   60   58   60   68   79   91  100  105  108  112  116
  121  126  133  143  156  171  184  192  195
    25.0-180.0 180.0   5.0 450.0                            LAT/LON1/LON2/DLON/H
  221  228  234  238  237  231  224  217  212  207  201  193  185  177  169  164
  160  157  153  146  135  122  108   96   86   79   75   72   70   68   66   63
   61   60   61   64   69   73   76   79   83   86   86   84   81   78   74   68
   60   54   51   52   53   53   52   55   63   76   89   99  107  113  118  124
  129  134  141  152  167  184  200  212  221
    22.5-180.0 180.0   5.0 450.0                            LAT/LON1/LON2/DLON/H
  243  258  272  283  287  285  278  270  263  255  245  233  220  206  192  181
  173  166  159  148  134  118  103   90   80   74   70   68   67   66   64   63
   61   60   62   67   73   78   81   83   84   84   81   77   73   69   66   60
   52   46   43   44   46   47   46   50   58   72   86   99  109  117  124  132
  138  145  152  162  177  195  213  229  243
    20.0-180.0 180.0   5.0 450.0                            LAT/LON1/LON2/DLON/H
  261  281  303  321  332  335  332  326  318  309  297  283  266  246  227  209
  195  183  170  154  135  116  100   87   77   70   67   66   66   66   66   64
   63   62   65   71   79   84   86   85   83   78   73   66   61   59   57   52
   45   40   38   40   42   42   42   45   54   68   84   98  110  120  130  140
  149  157  164  174  188  205  224  242  261
    17.5-180.0 180.0   5.0 450.0                            LAT/LON1/LON2/DLON/H
  271  296  323  347  364  373  375  373  368  360  349  335  318  296  272  248
  227  208  187  164  139  117  100   86   76   69   66   66   67   69   70   69
   68   67   70   76   84   90   90   86   79   71   62   54   50   49   49   47
   42   37   36   37   39   39   39   42   52   66   82   98  112  124  136  149
  160  171  179  188  200  215  232  250  271
    15.0-180.0 180.0   5.0 450.0                            LAT/LON1/LON2/DLON/H
  275  301  330  357  379  392  399  403  403  399  392  383  368  348  322  294
  266  240  210  178  147  121  102   89   78   71   68   69   72   74   76   75
   74   73   75   81   88   93   91   85   75   63   53   44   40   41   44   44
   41   37   36   37   38   38   37   41   51   66   82   99  114  128  142  157
  172  185  195  203  212  224  238  255  275
    12.5-180.0 180.0   5.0 450.0                            LAT/LON1/LON2/DLON/H
  276  300  328  355  376  391  403  411  417  419  419  416  409  393  369  339
  308  274  236  196  158  128  108   94   83   76   72   74   78   81   83   83
   80   78   79   83   90   93   90   82   70   58   46   37   34   37   41   43
   42   39   38   38   38   38   38   42   52   67   83  100  116  131  146  164
  181  197  209  217  224  233  244  258  276
    10.0-180.0 180.0   5.0 450.0                            LAT/LON1/LON2/DLON/H
  278  299  323  345  364  377  390  401  411  419  426  431  432  424  405  377
  344  306  262  214  170  137  115  101   91   83   80   81   85   88   90   88
   85   82   81   83   87   90   87   79   67   55   43   35   33   36   41   44
   43   40   39   39   38   38   39   44   55   69   85  102  118  134  150  169
  189  207  221  230  235  242  251  262  278
     7.5-180.0 180.0   5.0 450.0                            LAT/LON1/LON2/DLON/H
  283  301  321  339  351  360  369  380  392  403  414  426  435  435  423  400
  369  330  282  230  182  146  124  111  100   92   88   89   92   94   94   92
   88   83   80   80   83   85   82   75   65   55   45   37   35   37   42   44
   42   39   38   37   37   38   40   47   58   71   87  103  120  136  153  172
  193  213  229  238  244  251  259  269  283
     5.0-180.0 180.0   5.0 450.0                            LAT/LON1/LON2/DLON/H
  294  311  329  342  348  350  353  360  369  380  392  407  421  428  422  405
  378  342  295  242  192  156  135  122  111  101   96   96   98   98   96   92
   87   81   76   75   76   78   76   71   64   56   48   42   38   39   41   42
   40   37   35   35   36   37   42   50   60   72   87  103  120  137  153  172
  193  214  231  242  249  257  267  279  294
     2.5-180.0 180.0   5.0 450.0                            LAT/LON1/LON2/DLON/H
  308  329  348  359  360  354  349  350  354  361  370  383  397  406  405  393
  373  342  299  248  201  166  146  133  121  111  104  101  100   98   93   88
   83   77   72   69   69   70   70   67   63   58   52   46   42   40   40   39
   35   32   31   31   33   37   43   51   61   71   84  100  119  136  152  170
  190  210  227  239  250  261  274  290  308
