70_EGNOS_Project/core/files/DebugFiles/CODG1010.19I
     1.0            IONOSPHERE MAPS     GNSS                IONEX VERSION / TYPE
ADDNEQ2 V5.3        AIUB                15-APR-19 20:18     PGM / RUN BY / DATE 
CODE'S GLOBAL IONOSPHERE MAPS FOR DAY 101, 2019             COMMENT             
Global ionosphere maps (GIM) are generated on a daily basis DESCRIPTION         
at CODE using data from about 300 GNSS sites of the IGS and DESCRIPTION         
other institutions. The vertical total electron content     DESCRIPTION         
(VTEC) is modeled in a solar-geomagnetic reference frame    DESCRIPTION         
using a spherical harmonics expansion up to degree and      DESCRIPTION         
order 15. Piece-wise linear functions are used for          DESCRIPTION         
representation in the time domain. The time spacing of      DESCRIPTION         
their vertices is 1 hour, conforming with the epochs of the DESCRIPTION         
VTEC maps.                                                  DESCRIPTION         
To convert line-of-sight TEC into vertical TEC, a modified  DESCRIPTION         
single-layer model mapping function approximating the JPL   DESCRIPTION         
extended slab model mapping function is adopted. The        DESCRIPTION         
mapping function is evaluated at geodetic satellite         DESCRIPTION         
elevation angles. For the computation of the ionospheric    DESCRIPTION         
pierce points, a spherical layer with a radius of 6821 km   DESCRIPTION         
is assumed, implying geocentric, not geodetic IONEX         DESCRIPTION         
latitudes.                                                  DESCRIPTION         
Instrumental biases with respect to each involved GNSS code DESCRIPTION         
observable are estimated as constant values for each        DESCRIPTION         
day. They are modeled with one set of bias parameters for   DESCRIPTION         
each satellite and each station in case of GPS and for each DESCRIPTION         
satellite-station link in case of GLONASS. The code bias    DESCRIPTION         
datum is defined by zero-mean conditions imposed on the     DESCRIPTION         
satellite bias estimates. In this file, just GPS C1W-C2W    DESCRIPTION         
satellite and station bias values are included. The         DESCRIPTION         
complete set of GNSS code bias results is provided in an    DESCRIPTION         
additional Bias-SINEX file as pseudo-absolute values        DESCRIPTION         
specific to each observable.                                DESCRIPTION         
Note: These GIM results correspond to the results for the   DESCRIPTION         
middle day of a 3-day combination analysis solving for 73   DESCRIPTION         
times 256, or 18688 VTEC parameters and 3 daily sets of     DESCRIPTION         
GNSS code bias parameters.                                  DESCRIPTION         
Contact address: code(at)aiub.unibe.ch                      DESCRIPTION         
Data archive:    ftp.aiub.unibe.ch/CODE/                    DESCRIPTION         
                 www.aiub.unibe.ch/download/CODE/           DESCRIPTION         
  2019     4    11     0     0     0                        EPOCH OF FIRST MAP  
  2019     4    12     0     0     0                        EPOCH OF LAST MAP   
  3600                                                      INTERVAL            
[...]
coco cord cpvg cpxf cro1 daej darw dav1 dgar dhlg drao dubo COMMENT             
ebre faa1 fair flin flrs frdn ftna func ganp glps glsv gmsd COMMENT             
gode godz gol2 gope gras graz guat harb hers hert hlfx hnpt COMMENT             
hob2 hofn holb hrao hyde iddr iisc impz ineg iqal irkj isba COMMENT             
jog2 joz2 joze kerg khar kir0 kiru kit3 kokv kouc koug kour COMMENT             
krgg lama laut lhaz lmmf lpal lpgs m0se mac1 madr mag0 maju COMMENT             
mal2 mana mas1 mat1 mate maui maw1 mcil mcm4 mdo1 mdvj medi COMMENT             
mets mgue mizu mnls mobj mobk mobs monp morp mqzg mro1 mtka COMMENT             
nano naur nico nist nium nklg nnor not1 nrc1 nril nrmd ntus COMMENT             
nya1 nyal ohi2 ohi3 onsa opmt ous2 pado park pbri pdel penc COMMENT             
pert pfa2 pie1 pimo pohn pol2 polv pots pove prds ptag ptbb COMMENT             
ptvl quin ramo reun reyk rgdg rio2 riop roth salu samo sant COMMENT             
savo sch2 scor scrz sctb seyg sfer sofi spt0 stjo stk2 str2 COMMENT             
suth sutm suwn sydn syog tabl tabv tash thtg thti tid1 tidb COMMENT             
tixg tixi tlse tn22 tong tow2 tro1 tsea tskb twtf txes uclu COMMENT             
ufpr ulab unb3 unbj unbn unsa urum usn7 usud vaco vald vill COMMENT             
voim vtsp wab2 wark wes2 wgtn whit will wind wsrt wtza wtzl COMMENT             
wtzr wtzs xmis yar2 yar3 yarr ycba yell yssk zamb zeck zim2 COMMENT             
zim3 zimj zimm                                              COMMENT             
                                                            END OF HEADER       
[from data line 1287]
     4                                                      START OF TEC MAP    
  2019     4    11     3     0     0                        EPOCH OF CURRENT MAP
    87.5-180.0 180.0   5.0 450.0                            LAT/LON1/LON2/DLON/H
   67   67   68   69   70   70   71   72   72   73   73   73   73   73   73   73
   73   73   72   72   71   70   70   69   68   67   67   66   65   64   63   63
   62   61   61   60   60   59   59   59   58   58   58   58   58   57   57   57
   57   57   57   58   58   58   58   58   58   58   59   59   59   60   60   61
   61   62   62   63   64   64   65   66   67
    85.0-180.0 180.0   5.0 450.0                            LAT/LON1/LON2/DLON/H
   66   68   69   71   73   74   76   78   79   80   81   82   82   83   82   82
   81   80   79   78   76   75   73   71   69   67   65   63   62   60   59   57
   56   55   54   54   53   53   53   53   53   53   53   53   53   53   53   53
   53   54   54   54   54   54   54   54   54   55   55   55   55   56   56   57
   57   58   59   60   61   62   63   64   66
    82.5-180.0 180.0   5.0 450.0                            LAT/LON1/LON2/DLON/H
   64   66   68   71   74   76   79   81   84   86   87   88   89   89   89   88
   87   85   83   81   78   75   72   69   66   63   60   57   55   52   51   49
   48   47   47   46   46   47   47   48   48   49   49   50   51   51   52   52
   52   53   53   53   53   54   54   54   54   54   54   54   54   54   54   54
   55   55   56   56   57   58   60   62   64
    80.0-180.0 180.0   5.0 450.0                            LAT/LON1/LON2/DLON/H
   60   63   65   69   72   75   79   82   85   88   89   91   91   91   91   90
   88   85   83   80   76   72   68   64   60   56   52   48   45   43   41   39
   39   38   39   39   40   41   43   44   45   47   48   49   50   51   52   53
   54   54   55   55   56   56   56   56   56   56   56   56   56   56   55   55
   55   55   55   55   55   56   57   58   60
    77.5-180.0 180.0   5.0 450.0                            LAT/LON1/LON2/DLON/H
   58   59   62   65   69   73   77   80   83   86   88   89   89   88   87   85
   83   80   77   73   70   65   61   56   52   47   43   39   35   33   31   30
   30   31   32   33   35   37   39   42   44   46   48   49   51   53   54   55
   56   57   58   59   59   60   60   61   61   61   61   61   61   60   60   59
   59   58   57   56   56   56   56   56   58
    75.0-180.0 180.0   5.0 450.0                            LAT/LON1/LON2/DLON/H
   56   57   59   62   65   69   73   76   79   81   82   82   81   79   77   75
   72   70   67   64   60   57   53   48   43   39   34   30   27   25   24   23
   24   25   27   29   32   34   37   39   42   44   47   49   51   53   55   57
   59   60   61   62   63   64   65   65   66   66   66   66   66   66   66   65
   65   64   62   61   59   58   57   56   56
    72.5-180.0 180.0   5.0 450.0                            LAT/LON1/LON2/DLON/H
   57   57   57   59   62   65   69   72   74   75   75   73   70   67   64   61
   58   56   54   52   50   47   44   41   36   32   28   24   21   19   18   19
   20   22   24   26   29   31   34   36   39   42   44   47   50   53   55   58
   60   62   63   65   66   67   68   69   70   70   71   71   71   72   72   71
   71   70   69   68   66   63   61   59   57
    70.0-180.0 180.0   5.0 450.0                            LAT/LON1/LON2/DLON/H
   60   58   57   57   59   62   65   67   69   68   67   63   59   55   50   47
   44   43   42   41   41   40   38   35   31   27   24   20   18   16   16   16
   18   20   22   24   26   28   29   32   34   37   40   44   47   51   54   58
   60   63   64   66   67   69   70   71   72   72   73   73   74   74   75   75
   76   76   76   75   73   70   67   63   60
    67.5-180.0 180.0   5.0 450.0                            LAT/LON1/LON2/DLON/H
   65   61   58   57   58   59   62   64   64   63   60   55   50   44   39   35
   33   32   32   33   34   34   33   31   28   25   21   18   16   15   15   16
   17   18   19   20   21   22   23   25   27   30   34   39   44   48   53   57
   60   62   64   66   67   69   70   71   71   72   73   73   74   74   75   76
   78   80   81   81   80   78   74   70   65
    65.0-180.0 180.0   5.0 450.0                            LAT/LON1/LON2/DLON/H
   71   65   61   58   58   58   60   61   61   59   56   50   44   37   32   28
   26   26   27   28   30   30   30   28   26   23   20   18   16   15   15   15
   16   16   16   16   15   15   16   17   20   24   29   34   40   46   51   55
   59   61   63   65   66   67   68   69   70   71   71   71   72   72   73   75
   77   80   84   86   87   85   82   77   71
    62.5-180.0 180.0   5.0 450.0                            LAT/LON1/LON2/DLON/H
   78   71   65   61   60   59   60   61   60   58   53   48   42   36   31   27
   25   25   26   27   28   29   28   26   24   21   19   17   16   16   16   15
   15   14   13   11   10    9    9   11   14   19   25   31   38   45   50   55
   58   61   62   64   65   66   67   68   69   70   70   70   70   70   71   72
   76   80   84   89   91   92   89   84   78
    60.0-180.0 180.0   5.0 450.0                            LAT/LON1/LON2/DLON/H
   85   78   72   67   64   63   62   62   60   57   53   48   43   38   34   31
   29   28   28   28   28   28   26   24   22   20   18   17   17   17   16   16
   14   12   10    7    5    4    5    7   11   17   24   32   39   46   51   55
   58   60   62   63   65   66   68   69   70   71   71   71   71   70   70   72
   74   79   85   91   95   97   96   92   85
    57.5-180.0 180.0   5.0 450.0                            LAT/LON1/LON2/DLON/H
   93   86   80   75   71   69   67   65   62   59   55   50   46   42   39   37
   35   34   32   31   29   27   25   22   20   18   17   17   18   18   18   17
   14   12    9    6    4    3    5    8   13   20   27   35   42   48   53   57
   60   62   63   65   66   68   70   72   74   75   76   76   75   74   74   74
   76   81   87   93   98  101  101   98   93
    55.0-180.0 180.0   5.0 450.0                            LAT/LON1/LON2/DLON/H
   99   94   90   86   82   78   74   70   66   61   57   53   49   47   45   43
   41   39   36   33   30   27   24   21   19   18   18   19   20   21   21   19
   17   14   11    8    7    8   10   14   20   26   34   41   47   53   57   60
   63   65   67   69   71   74   76   78   81   82   84   84   84   83   82   82
   83   86   91   96  102  105  106  103   99
    52.5-180.0 180.0   5.0 450.0                            LAT/LON1/LON2/DLON/H
  105  102  100   98   95   90   85   78   72   66   60   55   52   50   48   47
   45   42   38   34   30   27   24   22   21   20   21   23   25   26   25   24
   22   19   17   15   15   17   20   25   30   36   42   48   53   58   62   65
   68   71   73   76   79   82   85   88   90   92   94   96   96   96   95   94
   93   95   98  102  106  109  109  107  105
    50.0-180.0 180.0   5.0 450.0                            LAT/LON1/LON2/DLON/H
  109  109  110  110  108  104   97   89   80   72   65   59   55   52   50   48
   45   42   38   34   31   29   28   26   25   26   27   29   31   32   32   31
   29   28   26   26   27   30   33   37   42   47   51   55   59   63   67   71
   75   79   83   87   91   94   97   99  101  103  106  108  110  110  110  109
  107  107  108  109  111  112  111  110  109
    47.5-180.0 180.0   5.0 450.0                            LAT/LON1/LON2/DLON/H
  110  113  117  121  121  117  109  100   90   80   72   64   58   53   50   47
   44   41   38   35   34   34   34   34   33   34   35   37   39   40   40   39
   38   38   38   39   41   43   47   50   53   56   59   61   64   68   73   78
   84   89   95  100  104  107  110  112  113  115  117  120  122  124  124  124
  122  120  119  118  117  116  113  111  110
    45.0-180.0 180.0   5.0 450.0                            LAT/LON1/LON2/DLON/H
  110  114  121  127  129  127  119  110  100   91   81   72   63   56   50   46
   43   40   39   39   40   42   43   44   43   43   44   46   47   48   48   48
   48   49   50   52   53   55   58   60   62   63   64   65   68   73   79   86
   94  101  108  113  118  121  123  124  125  126  128  130  133  136  137  137
  136  134  131  129  125  120  115  111  110
    42.5-180.0 180.0   5.0 450.0                            LAT/LON1/LON2/DLON/H
  109  113  121  129  133  131  126  118  109  101   92   82   71   61   54   48
   45   43   43   45   48   52   54   54   53   52   52   53   54   55   54   54
   56   58   60   61   62   63   65   66   66   66   66   67   71   77   86   95
  104  113  120  126  130  133  134  135  136  137  138  140  142  145  148  149
  149  147  144  140  134  126  118  111  109
    40.0-180.0 180.0   5.0 450.0                            LAT/LON1/LON2/DLON/H
  109  111  118  126  131  131  127  121  116  111  104   95   83   71   61   55
   52   50   51   54   58   63   65   64   61   59   59   59   59   59   58   59
   61   64   66   67   67   67   67   68   68   67   66   68   73   82   92  103
  114  123  130  135  139  142  144  146  147  148  149  150  152  155  158  161
  161  160  157  153  146  136  124  114  109
    37.5-180.0 180.0   5.0 450.0                            LAT/LON1/LON2/DLON/H
  112  110  115  122  126  127  124  122  121  120  116  108   96   83   73   66
   62   61   62   65   69   72   73   70   66   63   62   62   62   61   60   61
   63   67   69   69   67   66   66   66   66   66   66   69   76   86   98  110
  120  129  136  141  145  148  151  155  158  160  162  163  165  168  171  174
  175  175  173  168  160  149  135  121  112
    35.0-180.0 180.0   5.0 450.0                            LAT/LON1/LON2/DLON/H
  121  115  115  119  122  123  121  121  123  126  125  120  109   97   86   79
   75   73   72   74   76   78   76   72   67   63   62   62   62   61   60   61
   64   67   69   67   64   63   63   64   64   64   66   70   78   89  102  113
  123  131  137  142  147  152  157  163  169  175  179  182  184  186  189  192
  194  194  191  187  179  167  151  134  121
    32.5-180.0 180.0   5.0 450.0                            LAT/LON1/LON2/DLON/H
  137  126  121  121  123  123  122  123  126  131  133  129  120  109   99   91
   86   83   81   80   80   79   75   70   64   61   61   62   62   60   59   60
   63   66   67   65   61   59   60   61   63   63   65   70   79   91  103  114
  122  129  134  140  147  154  162  171  182  192  200  205  208  211  214  217
  218  217  214  209  201  189  172  154  137
    30.0-180.0 180.0   5.0 450.0                            LAT/LON1/LON2/DLON/H
  160  145  136  134  133  133  131  131  132  136  138  135  127  117  107   99
   93   88   84   80   78   75   71   65   61   58   59   61   62   60   59   60
   63   66   66   63   59   57   58   60   62   63   65   70   79   90  101  110
  118  124  130  137  146  156  167  180  196  211  223  232  237  241  244  247
  248  245  240  233  225  213  198  179  160
    27.5-180.0 180.0   5.0 450.0                            LAT/LON1/LON2/DLON/H
  189  172  161  156  156  155  152  148  145  144  143  138  130  120  111  102
   94   87   81   76   72   69   65   61   57   57   59   62   63   62   61   61
   64   67   66   63   60   58   59   61   62   62   63   68   76   86   96  105
  111  118  126  136  148  160  174  190  209  229  247  260  268  274  278  281
  281  276  269  259  249  238  225  208  189
    25.0-180.0 180.0   5.0 450.0                            LAT/LON1/LON2/DLON/H
  222  205  193  189  189  189  185  176  167  158  150  141  131  120  110  100
   90   81   74   68   64   62   60   58   57   58   60   64   65   65   64   65
   67   69   69   66   62   61   62   62   61   59   59   63   70   80   90   98
  106  114  125  138  153  168  183  201  223  246  267  284  296  305  311  314
  314  307  296  284  272  262  252  238  222
    22.5-180.0 180.0   5.0 450.0                            LAT/LON1/LON2/DLON/H
  254  240  231  229  232  233  228  214  196  178  161  146  132  118  106   95
   84   74   66   61   59   59   59   59   60   61   64   67   69   69   69   69
   71   73   72   69   66   65   64   62   58   53   52   55   62   72   82   92
  102  113  127  144  162  179  195  213  234  259  283  303  318  329  337  343
  342  334  321  305  292  283  276  267  254
    20.0-180.0 180.0   5.0 450.0                            LAT/LON1/LON2/DLON/H
  284  274  268  270  278  282  276  258  232  204  178  155  135  119  105   93
   81   71   63   59   59   61   63   65   66   66   68   70   72   73   73   74
   75   76   75   72   70   67   64   59   52   45   43   45   52   63   75   88
  101  116  134  154  174  192  208  224  244  268  292  313  330  344  355  362
  362  355  340  322  307  299  295  291  284
    17.5-180.0 180.0   5.0 450.0                            LAT/LON1/LON2/DLON/H
  309  304  303  309  321  328  322  301  269  233  198  169  144  125  110   97
   85   75   69   66   67   70   73   74   73   72   72   72   74   76   77   78
   78   78   76   73   70   67   62   53   44   36   33   35   43   55   70   87
  104  123  143  166  188  206  221  235  253  274  296  317  334  348  361  370
  373  366  352  334  319  312  311  312  309
    15.0-180.0 180.0   5.0 450.0                            LAT/LON1/LON2/DLON/H
  329  328  331  342  357  366  360  337  302  261  222  187  159  138  122  110
   99   91   85   83   84   86   87   85   82   78   75   74   75   77   79   80
   79   78   75   72   68   63   56   46   35   27   24   27   36   50   68   88
  109  130  153  177  200  219  233  245  260  278  297  315  330  345  359  370
  375  371  358  342  329  322  324  328  329
    12.5-180.0 180.0   5.0 450.0                            LAT/LON1/LON2/DLON/H
  344  347  353  366  382  392  386  362  327  286  245  208  178  156  142  132
  124  117  112  110  109  107  102   96   89   82   76   75   76   78   80   80
   79   75   71   67   63   57   48   37   26   19   18   22   32   47   67   90
  113  136  160  185  208  228  243  255  268  282  297  311  324  338  352  364
  371  370  361  349  337  333  335  340  344
    10.0-180.0 180.0   5.0 450.0                            LAT/LON1/LON2/DLON/H
  356  360  368  382  398  406  398  375  342  304  265  229  199  178  166  160
  155  150  145  141  136  128  118  106   94   85   78   76   77   79   81   80
   77   72   67   61   56   49   40   30   21   16   16   21   31   46   67   91
  116  139  162  187  212  233  249  263  275  288  299  309  319  331  345  357
  365  367  362  355  347  344  347  352  356
     7.5-180.0 180.0   5.0 450.0                            LAT/LON1/LON2/DLON/H
  365  369  379  393  406  410  399  376  346  314  280  247  219  200  191  188
  186  183  178  172  163  148  131  113   98   87   81   79   80   81   82   80
   76   70   63   56   49   42   34   25   19   17   18   23   32   46   67   91
  115  138  160  184  210  233  252  269  283  295  304  310  318  328  341  353
  361  364  364  361  358  357  358  361  365
     5.0-180.0 180.0   5.0 450.0                            LAT/LON1/LON2/DLON/H
  371  376  386  400  411  409  394  370  344  318  290  261  235  218  212  212
  212  210  205  197  184  164  140  118  101   91   87   85   85   85   84   81
   76   68   60   52   45   38   31   25   21   21   24   28   34   47   66   89
  111  132  153  177  204  229  252  272  290  303  311  315  321  331  343  353
  359  363  365  367  368  369  369  369  371
     2.5-180.0 180.0   5.0 450.0                            LAT/LON1/LON2/DLON/H
  373  379  391  406  414  407  387  361  338  318  296  270  246  230  225  225
  226  225  220  212  196  173  146  121  105   97   95   93   92   89   86   82
   77   69   60   51   43   36   31   27   27   29   31   33   37   46   63   84
  104  123  144  168  195  222  248  272  293  308  317  321  327  337  348  356
  360  362  366  371  376  377  376  373  373
