70_EGNOS_Project/core/files/DebugFiles/CODG1040.19I
     1.0            IONOSPHERE MAPS     GNSS                IONEX VERSION / TYPE
ADDNEQ2 V5.3        AIUB                18-APR-19 20:21     PGM / RUN BY / DATE 
CODE'S GLOBAL IONOSPHERE MAPS FOR DAY 104, 2019             COMMENT             
Global ionosphere maps (GIM) are generated on a daily basis DESCRIPTION         
at CODE using data from about 300 GNSS sites of the IGS and DESCRIPTION         
other institutions. The vertical total electron content     DESCRIPTION         
(VTEC) is modeled in a solar-geomagnetic reference frame    DESCRIPTION         
using a spherical harmonics expansion up to degree and      DESCRIPTION         
order 15. Piece-wise linear functions are used for          DESCRIPTION         
representation in the time domain. The time spacing of      DESCRIPTION         
their vertices is 1 hour, conforming with the epochs of the DESCRIPTION         
VTEC maps.                                                  DESCRIPTION         
To convert line-of-sight TEC into vertical TEC, a modified  DESCRIPTION         
single-layer model mapping function approximating the JPL   DESCRIPTION         
extended slab model mapping function is adopted. The        DESCRIPTION         
mapping function is evaluated at geodetic satellite         DESCRIPTION         
elevation angles. For the computation of the ionospheric    DESCRIPTION         
pierce points, a spherical layer with a radius of 6821 km   DESCRIPTION         
is assumed, implying geocentric, not geodetic IONEX         DESCRIPTION         
latitudes.                                                  DESCRIPTION         
Instrumental biases with respect to each involved GNSS code DESCRIPTION         
observable are estimated as constant values for each        DESCRIPTION         
day. They are modeled with one set of bias parameters for   DESCRIPTION         
each satellite and each station in case of GPS and for each DESCRIPTION         
satellite-station link in case of GLONASS. The code bias    DESCRIPTION         
datum is defined by zero-mean conditions imposed on the     DESCRIPTION         
satellite bias estimates. In this file, just GPS C1W-C2W    DESCRIPTION         
satellite and station bias values are included. The         DESCRIPTION         
complete set of GNSS code bias results is provided in an    DESCRIPTION         
additional Bias-SINEX file as pseudo-absolute values        DESCRIPTION         
specific to each observable.                                DESCRIPTION         
Note: These GIM results correspond to the results for the   DESCRIPTION         
middle day of a 3-day combination analysis solving for 73   DESCRIPTION         
times 256, or 18688 VTEC parameters and 3 daily sets of     DESCRIPTION         
GNSS code bias parameters.                                  DESCRIPTION         
Contact address: code(at)aiub.unibe.ch                      DESCRIPTION         
Data archive:    ftp.aiub.unibe.ch/CODE/                    DESCRIPTION         
                 www.aiub.unibe.ch/download/CODE/           DESCRIPTION         
  2019     4    14     0     0     0                        EPOCH OF FIRST MAP  
  2019     4    15     0     0     0                        EPOCH OF LAST MAP   
  3600                                                      INTERVAL            
[...]
coco cord cpvg cpxf cro1 daej darw dav1 dgar dhlg drao dubo COMMENT             
ebre faa1 fair flin flrs frdn ftna func ganp glps glsv gmsd COMMENT             
gode godz gol2 gope gras graz guat guug harb hers hert hlfx COMMENT             
hnpt hob2 hofn holb hrao hyde iddr ieng iisc ineg iqal irkj COMMENT             
isba jog2 joz2 joze kerg khar kir0 kiru kit3 kokv kouc koug COMMENT             
kour krgg lae1 lama laut lmmf lpal lpgs m0se mac1 madr mag0 COMMENT             
maju mal2 mana mas1 mat1 mate maui maw1 mcil mcm4 mdo1 mdvj COMMENT             
medi mets mgue mizu mnls mobj mobk mobs monp morp mqzg mro1 COMMENT             
mtka nano naur nico nist nium nklg nnor not1 nrc1 nril nrmd COMMENT             
ntus nya1 nyal ohi2 ohi3 onsa opmt ous2 pado park pdel penc COMMENT             
pert pfa2 pie1 pimo pohn pol2 polv pots pove prds ptag ptbb COMMENT             
ptvl quin ramo reun reyk rgdg rio2 riop roth salu samo sant COMMENT             
savo sch2 scor scrz sctb seyg sfer sofi spt0 stjo stk2 str2 COMMENT             
suth sutm suwn sydn syog tabl tabv tash thtg thti tid1 tidb COMMENT             
tixg tixi tlse tn22 tong tow2 tro1 tsea tskb twtf txes uclu COMMENT             
ufpr ulab unb3 unbj unbn unsa urum usn7 usud vaco vald vill COMMENT             
voim vtsp wab2 wark wes2 wgtn whit will wind wsrt wtza wtzl COMMENT             
wtzr wtzs wtzz xmis yakt yar2 yar3 yarr ycba yell yssk zamb COMMENT             
zeck zim2 zim3 zimj zimm                                    COMMENT             
                                                            END OF HEADER       
[from data line 6864]
    17                                                      START OF TEC MAP    
  2019     4    14    16     0     0                        EPOCH OF CURRENT MAP
    87.5-180.0 180.0   5.0 450.0                            LAT/LON1/LON2/DLON/H
   99   99  100  100  101  101  101  101  101  101  101  101  100  100  100   99
   99   98   97   96   96   95   94   93   92   91   90   90   89   88   87   87
   86   86   85   85   85   84   84   84   84   84   84   84   85   85   85   86
   86   87   87   88   88   89   89   90   90   91   92   92   93   93   94   94
   95   96   96   97   97   98   98   99   99
    85.0-180.0 180.0   5.0 450.0                            LAT/LON1/LON2/DLON/H
   97   98   99  100  101  102  103  104  104  105  105  105  104  104  103  102
  101  100   98   97   95   93   91   90   88   86   84   83   81   80   79   78
   77   76   75   75   74   74   74   74   74   74   74   75   75   76   76   77
   78   79   80   80   81   82   83   84   85   86   87   87   88   89   89   90
   91   91   92   93   94   94   95   96   97
    82.5-180.0 180.0   5.0 450.0                            LAT/LON1/LON2/DLON/H
   88   90   92   94   96   97   99  101  102  104  104  105  105  104  104  102
  101   99   97   94   92   89   87   84   82   80   78   76   74   73   71   70
   69   68   68   67   67   66   66   66   66   66   66   66   67   67   68   69
   70   71   72   74   75   76   77   78   79   79   80   80   81   81   81   81
   81   82   82   83   83   84   85   87   88
    80.0-180.0 180.0   5.0 450.0                            LAT/LON1/LON2/DLON/H
   73   75   78   81   84   87   90   93   96   98  100  101  102  102  101  100
   98   96   93   90   88   85   82   79   76   74   72   70   69   67   66   66
   65   65   64   64   63   63   62   62   62   61   61   61   61   62   62   63
   64   65   66   67   68   69   70   71   71   71   71   71   71   70   70   69
   68   68   68   68   68   69   70   71   73
    77.5-180.0 180.0   5.0 450.0                            LAT/LON1/LON2/DLON/H
   56   58   62   65   69   73   78   82   86   89   92   94   95   96   95   94
   93   90   88   85   82   79   77   74   72   70   68   67   66   65   65   65
   65   65   65   64   64   63   63   62   61   60   59   59   58   58   58   59
   59   60   61   62   63   63   64   64   64   63   62   61   60   58   57   55
   54   53   52   51   51   52   52   54   56
    75.0-180.0 180.0   5.0 450.0                            LAT/LON1/LON2/DLON/H
   40   43   46   50   54   59   64   69   74   78   82   84   86   87   87   87
   85   84   81   79   77   75   73   71   69   68   67   66   66   66   66   67
   67   68   68   68   67   67   66   64   63   61   60   58   57   56   56   56
   56   57   57   58   58   58   58   57   56   54   53   51   49   46   44   42
   41   39   38   37   36   36   37   38   40
    72.5-180.0 180.0   5.0 450.0                            LAT/LON1/LON2/DLON/H
   29   31   34   38   43   48   53   58   63   67   71   74   76   78   78   78
   77   76   75   74   72   71   70   69   68   68   68   68   68   69   69   70
   71   71   72   72   71   70   69   67   65   63   61   59   58   57   56   55
   55   55   55   55   54   53   52   50   48   46   43   41   38   36   34   32
   30   29   28   27   26   26   26   27   29
    70.0-180.0 180.0   5.0 450.0                            LAT/LON1/LON2/DLON/H
   24   26   28   32   36   40   45   50   54   58   62   65   67   69   69   70
   70   70   69   69   69   69   70   70   70   70   70   70   71   71   72   73
   73   74   74   74   73   72   71   69   67   65   63   61   59   58   57   56
   55   54   53   52   51   49   47   44   41   38   35   32   30   28   26   25
   25   24   23   23   22   22   22   22   24
    67.5-180.0 180.0   5.0 450.0                            LAT/LON1/LON2/DLON/H
   24   26   28   31   34   38   42   46   49   52   55   58   60   61   62   63
   64   65   65   67   68   69   70   71   72   72   73   73   73   73   74   74
   74   74   74   73   73   72   70   69   67   66   64   62   61   59   58   57
   56   54   53   51   48   46   42   39   35   31   28   26   24   23   22   22
   23   23   24   24   24   23   23   24   24
    65.0-180.0 180.0   5.0 450.0                            LAT/LON1/LON2/DLON/H
   29   30   32   34   37   40   43   45   47   50   52   54   55   57   58   59
   60   61   63   65   68   70   72   73   74   75   75   75   75   75   75   74
   74   73   73   72   71   70   69   68   67   66   65   64   63   62   60   59
   57   55   53   50   46   43   39   34   30   27   24   22   21   21   22   23
   25   26   28   28   28   28   28   28   29
    62.5-180.0 180.0   5.0 450.0                            LAT/LON1/LON2/DLON/H
   34   35   37   40   42   45   46   47   48   50   51   52   54   55   56   58
   59   61   63   65   68   70   72   74   75   76   76   76   76   76   76   75
   74   73   72   70   69   68   67   67   67   67   66   66   65   64   63   61
   58   56   53   49   45   41   36   32   28   24   22   21   21   22   24   26
   29   31   33   34   34   34   33   33   34
    60.0-180.0 180.0   5.0 450.0                            LAT/LON1/LON2/DLON/H
   38   40   42   45   48   50   51   51   51   51   52   53   55   56   58   59
   60   62   64   66   68   71   73   74   76   77   77   78   78   78   78   77
   76   74   73   71   70   69   68   68   68   69   69   69   69   68   66   63
   60   57   53   49   44   40   35   31   27   25   24   23   24   26   29   31
   34   36   38   38   38   37   37   37   38
    57.5-180.0 180.0   5.0 450.0                            LAT/LON1/LON2/DLON/H
   39   42   46   50   53   55   56   56   55   55   55   56   58   59   61   62
   63   64   66   67   69   70   72   73   75   77   78   80   81   82   82   82
   80   79   77   75   73   72   72   72   73   74   74   74   73   71   69   66
   62   58   54   49   45   40   36   33   30   28   28   29   30   32   35   37
   39   41   41   41   40   39   38   38   39
    55.0-180.0 180.0   5.0 450.0                            LAT/LON1/LON2/DLON/H
   39   43   47   52   57   60   61   60   59   58   59   60   62   64   65   67
   67   68   68   69   69   69   70   72   74   77   80   83   85   87   88   88
   87   85   83   81   80   80   79   80   80   81   81   80   79   76   73   69
   65   60   56   51   47   43   39   37   35   35   35   37   39   40   42   43
   44   44   44   43   41   39   38   38   39
    52.5-180.0 180.0   5.0 450.0                            LAT/LON1/LON2/DLON/H
   39   43   48   54   60   63   65   65   63   63   63   64   66   68   70   71
   72   72   71   70   69   69   70   72   75   79   83   87   91   93   95   96
   95   93   91   90   89   89   89   89   89   89   89   87   85   82   77   73
   68   63   59   54   51   47   45   43   42   43   44   46   48   49   49   49
   48   47   46   44   42   40   38   38   39
    50.0-180.0 180.0   5.0 450.0                            LAT/LON1/LON2/DLON/H
   42   45   50   56   62   67   69   69   69   68   68   69   71   73   75   76
   76   76   75   73   71   70   71   73   77   82   87   92   96   99  101  102
  101   99   98   98   98   98   98   98   98   98   97   95   92   88   83   78
   73   68   64   60   57   54   52   51   51   52   54   56   57   57   56   54
   52   50   48   46   44   42   40   40   42
    47.5-180.0 180.0   5.0 450.0                            LAT/LON1/LON2/DLON/H
   47   49   53   59   65   70   73   75   75   75   75   75   77   78   79   79
   80   79   78   77   74   73   74   78   83   88   93   97  100  103  105  106
  105  104  104  104  105  106  107  107  107  106  105  102   99   94   89   85
   80   75   71   68   65   63   61   60   60   61   63   65   65   64   61   58
   56   53   51   50   48   47   46   46   47
    45.0-180.0 180.0   5.0 450.0                            LAT/LON1/LON2/DLON/H
   54   55   58   62   67   73   78   81   82   82   82   82   82   82   82   83
   83   83   83   81   79   79   81   85   90   95   99  101  103  105  107  107
  107  107  108  110  113  115  115  115  114  113  112  109  106  101   97   92
   88   84   80   77   74   72   70   69   69   70   71   72   71   69   65   62
   59   57   56   55   54   54   54   54   54
    42.5-180.0 180.0   5.0 450.0                            LAT/LON1/LON2/DLON/H
   63   62   63   65   69   75   81   86   89   90   90   90   89   87   86   86
   86   87   87   87   86   86   89   94  100  104  105  105  106  107  108  109
  110  111  114  118  122  124  124  123  121  120  119  116  113  109  105  101
   97   93   89   86   84   82   80   78   77   76   77   76   75   71   68   64
   62   61   61   61   61   62   63   63   63
    40.0-180.0 180.0   5.0 450.0                            LAT/LON1/LON2/DLON/H
   70   68   66   66   70   76   83   90   96   98   99   97   95   92   90   89
   89   91   92   93   93   95   99  105  110  113  112  110  108  110  112  115
  117  121  126  132  137  139  137  133  130  128  126  124  121  117  113  110
  107  102   98   94   92   90   87   85   82   81   80   79   76   73   69   66
   65   65   65   65   66   68   70   71   70
    37.5-180.0 180.0   5.0 450.0                            LAT/LON1/LON2/DLON/H
   73   71   67   65   67   73   82   92  100  104  106  104  101   98   94   92
   92   94   96   98  100  103  108  115  120  121  118  115  114  117  122  127
  133  139  147  155  160  160  154  147  141  137  135  132  129  125  122  118
  114  109  104   99   97   95   92   89   86   83   82   80   77   73   69   67
   67   67   67   68   69   71   73   74   73
    35.0-180.0 180.0   5.0 450.0                            LAT/LON1/LON2/DLON/H
   73   69   65   62   62   68   78   91  101  108  111  110  107  103   99   96
   95   96   99  102  105  110  116  123  128  129  126  123  125  132  141  150
  159  168  179  188  193  189  179  166  156  150  146  143  138  134  130  125
  120  113  106  101   98   97   95   91   87   84   82   80   77   72   69   68
   68   68   68   68   68   69   72   73   73
    32.5-180.0 180.0   5.0 450.0                            LAT/LON1/LON2/DLON/H
   68   65   60   57   56   61   73   87  100  109  113  113  111  108  104  100
   98   98  101  105  109  114  121  129  135  136  135  136  143  155  170  183
  195  208  220  231  233  225  208  189  174  164  159  154  149  143  137  131
  123  114  105   99   96   95   94   91   87   84   82   81   77   73   70   69
   69   69   68   65   64   64   66   68   68
    30.0-180.0 180.0   5.0 450.0                            LAT/LON1/LON2/DLON/H
   60   59   55   51   50   55   66   82   97  108  114  115  114  112  108  104
  101  100  102  106  111  117  125  133  140  143  146  153  167  186  207  224
  239  252  266  276  276  263  240  214  194  181  174  167  160  152  144  135
  124  112  101   94   91   91   91   89   86   84   83   82   79   75   72   71
   71   70   67   63   59   57   58   60   60
    27.5-180.0 180.0   5.0 450.0                            LAT/LON1/LON2/DLON/H
   53   53   51   48   47   50   61   77   93  105  112  115  116  116  113  109
  104  102  103  107  112  119  127  137  145  152  161  175  196  222  247  267
  282  296  310  318  315  297  268  238  213  198  189  181  173  163  152  139
  124  109   95   87   85   86   87   86   85   84   85   85   83   79   76   75
   74   73   68   61   55   52   51   52   53
    25.0-180.0 180.0   5.0 450.0                            LAT/LON1/LON2/DLON/H
   48   50   50   48   47   49   59   74   91  104  111  115  117  119  118  114
  109  106  106  110  115  122  131  141  152  164  178  200  228  259  285  304
  318  330  343  349  343  321  289  256  230  213  204  196  186  174  160  144
  125  106   90   81   79   81   84   85   85   86   88   90   88   85   82   80
   79   76   70   63   55   50   47   47   48
    22.5-180.0 180.0   5.0 450.0                            LAT/LON1/LON2/DLON/H
   47   49   51   51   50   52   60   75   91  103  111  115  118  122  123  120
  115  111  111  115  120  128  137  148  162  177  198  225  258  290  315  330
  340  350  360  364  356  332  300  267  242  227  218  210  200  187  171  151
  128  106   88   78   76   79   82   85   86   89   92   95   95   92   89   87
   85   81   75   67   58   51   47   46   47
    20.0-180.0 180.0   5.0 450.0                            LAT/LON1/LON2/DLON/H
   49   52   55   57   56   57   65   78   93  106  112  116  120  124  128  127
  123  120  120  124  130  137  147  159  174  194  219  250  283  313  333  343
  347  353  360  362  352  330  300  272  251  238  231  224  215  201  182  159
  134  110   90   79   77   80   84   87   89   93   97  101  101   99   96   93
   91   87   81   73   64   57   51   48   49
    17.5-180.0 180.0   5.0 450.0                            LAT/LON1/LON2/DLON/H
   52   55   59   62   62   63   70   83   98  109  115  118  122  128  133  135
  133  132  133  137  144  151  161  174  191  212  239  270  301  325  338  341
  340  342  346  346  337  318  294  272  257  248  243  237  229  215  195  170
  142  116   96   85   81   83   87   91   94   98  103  106  106  105  102  100
   97   93   87   79   72   64   58   53   52
    15.0-180.0 180.0   5.0 450.0                            LAT/LON1/LON2/DLON/H
   55   57   61   64   65   67   74   87  102  114  120  122  125  131  138  143
  145  146  148  153  161  169  179  192  209  231  257  286  312  328  333  329
  325  324  326  325  317  302  286  273  264  259  254  249  241  227  206  180
  152  126  106   94   89   90   93   97  100  103  107  109  110  109  107  104
  101   97   91   85   78   71   64   58   55
    12.5-180.0 180.0   5.0 450.0                            LAT/LON1/LON2/DLON/H
   56   56   60   63   64   67   75   89  105  117  123  125  128  135  144  152
  157  160  165  171  179  187  198  211  229  250  273  297  316  325  323  315
  309  307  309  307  300  290  281  276  273  270  265  259  250  236  214  188
  160  135  116  104   98   97  100  103  106  108  110  111  111  111  109  107
  103   98   93   87   81   75   67   60   56
    10.0-180.0 180.0   5.0 450.0                            LAT/LON1/LON2/DLON/H
   55   53   55   57   59   63   72   87  104  118  126  128  132  139  150  160
  169  175  181  188  196  205  216  230  247  266  286  304  317  320  314  305
  300  300  302  300  294  288  285  286  286  282  274  265  254  239  217  191
  165  142  125  113  106  104  105  107  110  110  110  110  110  110  109  107
  103   97   91   86   80   74   67   60   55
     7.5-180.0 180.0   5.0 450.0                            LAT/LON1/LON2/DLON/H
   51   48   47   48   50   55   64   81  100  116  126  130  135  143  155  168
  179  187  195  203  212  221  233  247  263  280  296  310  317  317  311  304
  302  305  308  307  301  296  297  300  300  293  280  265  251  235  213  188
  164  144  130  119  111  107  107  109  111  110  108  106  106  106  106  104
   99   93   87   81   76   70   64   57   51
     5.0-180.0 180.0   5.0 450.0                            LAT/LON1/LON2/DLON/H
   46   42   39   39   40   45   55   72   93  112  124  131  137  147  160  175
  187  197  206  214  223  233  245  260  276  291  304  314  319  319  315  313
  316  323  327  325  318  313  313  316  313  300  280  259  241  223  202  179
  158  141  129  120  112  107  106  108  108  106  103  100   99  100  101   99
   94   88   81   75   69   64   58   52   46
     2.5-180.0 180.0   5.0 450.0                            LAT/LON1/LON2/DLON/H
   43   38   34   32   32   36   46   63   85  106  121  132  140  151  165  180
  194  205  214  222  231  241  254  269  284  298  309  317  323  325  326  330
  337  347  351  348  339  331  329  327  319  299  273  247  225  206  185  164
  146  133  123  115  107  102  100  102  102   99   94   91   91   93   94   92
   87   81   75   68   62   57   52   48   43
