70_EGNOS_Project/core/files/DebugFiles/CODG1030.19I
     1.0            IONOSPHERE MAPS     GNSS                IONEX VERSION / TYPE
ADDNEQ2 V5.3        AIUB                17-APR-19 20:21     PGM / RUN BY / DATE 
CODE'S GLOBAL IONOSPHERE MAPS FOR DAY 103, 2019             COMMENT             
Global ionosphere maps (GIM) are generated on a daily basis DESCRIPTION         
at CODE using data from about 300 GNSS sites of the IGS and DESCRIPTION         
other institutions. The vertical total electron content     DESCRIPTION         
(VTEC) is modeled in a solar-geomagnetic reference frame    DESCRIPTION         
using a spherical harmonics expansion up to degree and      DESCRIPTION         
order 15. Piece-wise linear functions are used for          DESCRIPTION         
representation in the time domain. The time spacing of      DESCRIPTION         
their vertices is 1 hour, conforming with the epochs of the DESCRIPTION         
VTEC maps.                                                  DESCRIPTION         
To convert line-of-sight TEC into vertical TEC, a modified  DESCRIPTION         
single-layer model mapping function approximating the JPL   DESCRIPTION         
extended slab model mapping function is adopted. The        DESCRIPTION         
mapping function is evaluated at geodetic satellite         DESCRIPTION         
elevation angles. For the computation of the ionospheric    DESCRIPTION         
pierce points, a spherical layer with a radius of 6821 km   DESCRIPTION         
is assumed, implying geocentric, not geodetic IONEX         DESCRIPTION         
latitudes.                                                  DESCRIPTION         
Instrumental biases with respect to each involved GNSS code DESCRIPTION         
observable are estimated as constant values for each        DESCRIPTION         
day. They are modeled with one set of bias parameters for   DESCRIPTION         
each satellite and each station in case of GPS and for each DESCRIPTION         
satellite-station link in case of GLONASS. The code bias    DESCRIPTION         
datum is defined by zero-mean conditions imposed on the     DESCRIPTION         
satellite bias estimates. In this file, just GPS C1W-C2W    DESCRIPTION         
satellite and station bias values are included. The         DESCRIPTION         
complete set of GNSS code bias results is provided in an    DESCRIPTION         
additional Bias-SINEX file as pseudo-absolute values        DESCRIPTION         
specific to each observable.                                DESCRIPTION         
Note: These GIM results correspond to the results for the   DESCRIPTION         
middle day of a 3-day combination analysis solving for 73   DESCRIPTION         
times 256, or 18688 VTEC parameters and 3 daily sets of     DESCRIPTION         
GNSS code bias parameters.                                  DESCRIPTION         
Contact address: code(at)aiub.unibe.ch                      DESCRIPTION         
Data archive:    ftp.aiub.unibe.ch/CODE/                    DESCRIPTION         
                 www.aiub.unibe.ch/download/CODE/           DESCRIPTION         
  2019     4    13     0     0     0                        EPOCH OF FIRST MAP  
  2019     4    14     0     0     0                        EPOCH OF LAST MAP   
  3600                                                      INTERVAL            
[...]
coco cord cpvg cpxf cro1 daej darw dav1 dgar dhlg drao dubo COMMENT             
ebre faa1 fair flin flrs frdn ftna func ganp glps glsv gmsd COMMENT             
gode godz gol2 gope gras graz guat guug harb hers hert hlfx COMMENT             
hnpt hob2 hofn holb hrao hyde iddr iisc ineg iqal irkj isba COMMENT             
jog2 joz2 joze kerg khar kir0 kiru kit3 kokv kouc koug kour COMMENT             
krgg lae1 lama laut lmmf lpal lpgs m0se mac1 madr mag0 maju COMMENT             
mana mas1 mat1 mate maui maw1 mcil mcm4 mdo1 mdvj medi mets COMMENT             
mgue mizu mnls mobj mobk mobs monp morp mqzg mro1 mtka nano COMMENT             
naur nico nist nium nklg nnor not1 nrc1 nril nrmd ntus nya1 COMMENT             
nyal ohi2 ohi3 onsa opmt ous2 pado park pdel penc pert pfa2 COMMENT             
pie1 pimo pohn pol2 polv pots pove prds ptag ptbb ptvl quin COMMENT             
ramo reun reyk rgdg rio2 riop roth salu samo sant savo sch2 COMMENT             
scor scrz sctb seyg sfer sofi spt0 stjo stk2 str2 suth sutm COMMENT             
suwn sydn syog tabl tabv tash thtg thti tid1 tidb tixg tixi COMMENT             
tlse tn22 tong tow2 tro1 tsea tskb twtf txes uclu ufpr ulab COMMENT             
unb3 unbj unbn unsa urum usn7 usud vaco vald vill voim vtsp COMMENT             
wab2 wark wes2 wgtn whit will wind wsrt wtza wtzl wtzr wtzs COMMENT             
wtzz xmis yakt yar2 yar3 yarr ycba yell yssk zamb zeck zim2 COMMENT             
zim3 zimj zimm                                              COMMENT             
                                                            END OF HEADER       
[from data line 7293]
    18                                                      START OF TEC MAP    
  2019     4    13    17     0     0                        EPOCH OF CURRENT MAP
    87.5-180.0 180.0   5.0 450.0                            LAT/LON1/LON2/DLON/H
   89   89   90   90   90   90   90   90   90   90   90   90   89   89   88   88
   87   86   85   84   84   83   82   81   80   79   78   77   76   75   74   74
   73   73   72   72   71   71   71   71   71   71   71   71   72   72   73   73
   74   74   75   76   76   77   78   78   79   80   81   81   82   83   83   84
   85   85   86   87   87   88   88   89   89
    85.0-180.0 180.0   5.0 450.0                            LAT/LON1/LON2/DLON/H
   90   90   91   92   93   94   94   95   95   95   95   95   94   93   93   91
   90   89   87   86   84   82   80   78   76   74   72   71   69   67   66   65
   63   62   62   61   60   60   60   60   60   60   60   61   61   62   63   64
   65   66   68   69   70   71   73   74   75   76   77   78   79   80   81   82
   82   83   84   85   86   87   88   89   90
    82.5-180.0 180.0   5.0 450.0                            LAT/LON1/LON2/DLON/H
   83   85   86   88   90   91   93   94   95   96   96   96   96   95   94   93
   91   89   87   85   83   80   78   75   73   70   68   65   63   61   59   58
   56   55   54   53   52   51   51   51   51   51   51   52   53   54   55   56
   58   59   61   62   64   65   67   68   69   70   71   72   72   73   74   74
   75   75   76   77   78   79   80   82   83
    80.0-180.0 180.0   5.0 450.0                            LAT/LON1/LON2/DLON/H
   71   74   76   79   81   84   86   88   90   92   93   93   94   93   93   91
   90   88   86   83   81   78   75   73   70   67   65   63   60   58   56   55
   53   52   51   50   49   48   47   47   46   46   46   46   47   48   49   50
   51   53   55   56   58   59   61   62   62   63   63   63   63   63   63   63
   63   63   63   64   65   66   68   69   71
    77.5-180.0 180.0   5.0 450.0                            LAT/LON1/LON2/DLON/H
   58   60   64   67   70   73   77   80   82   85   86   88   88   88   88   87
   86   84   82   80   78   76   73   71   69   67   65   62   61   59   57   56
   54   53   52   51   50   49   48   47   46   45   45   44   44   44   45   45
   46   48   49   51   52   53   54   54   54   54   54   53   52   51   50   49
   49   48   48   49   50   51   53   55   58
    75.0-180.0 180.0   5.0 450.0                            LAT/LON1/LON2/DLON/H
   45   48   52   55   59   63   66   70   73   76   78   79   81   81   81   81
   80   79   78   76   75   74   72   71   69   68   66   65   63   62   60   59
   58   58   57   56   55   54   53   51   50   48   46   45   44   43   43   43
   43   44   45   46   47   47   47   47   46   45   44   42   41   39   38   36
   35   35   35   35   36   38   40   42   45
    72.5-180.0 180.0   5.0 450.0                            LAT/LON1/LON2/DLON/H
   36   40   43   47   50   54   57   61   64   67   69   71   72   73   74   74
   73   73   73   72   72   72   72   71   71   70   69   68   66   65   64   63
   63   62   62   61   61   60   58   57   54   52   50   47   45   43   42   41
   41   41   42   42   42   41   41   40   38   36   35   32   31   29   27   26
   25   25   25   26   27   28   31   33   36
    70.0-180.0 180.0   5.0 450.0                            LAT/LON1/LON2/DLON/H
   33   36   39   43   46   49   51   54   57   59   62   64   65   66   67   67
   67   68   68   69   70   71   72   73   73   72   72   70   69   68   67   66
   65   65   65   65   64   64   63   61   59   56   53   50   48   45   43   42
   41   40   40   39   38   37   35   33   31   29   27   25   23   21   20   20
   19   19   20   21   23   24   27   30   33
    67.5-180.0 180.0   5.0 450.0                            LAT/LON1/LON2/DLON/H
   34   37   40   43   45   47   49   51   53   55   57   59   60   61   62   63
   63   64   65   67   69   70   72   73   74   74   73   72   70   69   67   66
   66   66   66   66   66   65   65   63   62   59   57   54   51   48   46   44
   42   40   39   37   35   33   31   28   26   23   21   19   18   17   17   17
   18   19   20   21   23   25   28   31   34
    65.0-180.0 180.0   5.0 450.0                            LAT/LON1/LON2/DLON/H
   37   41   44   46   48   49   50   51   52   53   55   56   58   59   60   60
   61   62   64   66   68   70   72   74   75   74   73   72   70   68   66   65
   65   64   64   64   64   65   65   64   63   62   60   57   54   52   49   47
   44   42   40   37   34   31   28   25   22   20   18   17   17   17   18   19
   20   22   23   24   26   28   31   34   37
    62.5-180.0 180.0   5.0 450.0                            LAT/LON1/LON2/DLON/H
   41   45   48   50   52   52   52   52   53   54   55   57   58   59   60   61
   61   62   63   65   68   70   72   74   74   74   73   71   69   68   66   65
   64   63   63   63   63   63   64   64   64   64   63   61   59   56   53   51
   48   45   42   38   34   30   26   23   21   19   18   18   19   20   22   24
   25   26   27   28   30   31   34   37   41
    60.0-180.0 180.0   5.0 450.0                            LAT/LON1/LON2/DLON/H
   43   48   51   54   56   56   56   56   56   56   58   59   61   62   62   62
   63   63   65   66   68   70   72   73   74   73   72   71   70   69   68   67
   66   65   64   63   63   63   64   65   67   67   67   66   64   61   58   56
   52   49   45   40   35   31   27   24   22   21   21   22   23   25   27   29
   30   31   32   32   32   33   36   39   43
    57.5-180.0 180.0   5.0 450.0                            LAT/LON1/LON2/DLON/H
   43   48   53   57   59   60   60   59   59   60   61   63   64   65   65   65
   65   65   66   67   69   70   72   73   73   73   73   73   73   73   73   73
   72   71   69   67   66   66   67   69   71   72   73   72   70   67   64   61
   57   53   48   43   38   32   29   26   25   25   26   27   28   30   33   34
   35   35   35   33   33   33   35   39   43
    55.0-180.0 180.0   5.0 450.0                            LAT/LON1/LON2/DLON/H
   42   48   54   58   62   63   64   64   64   65   66   67   68   69   68   68
   67   67   68   69   70   71   72   73   74   74   75   77   78   80   82   82
   82   80   77   74   72   71   73   75   78   80   80   79   77   74   70   67
   63   59   53   47   41   36   32   30   30   30   32   33   34   36   38   39
   39   38   36   34   32   32   34   37   42
    52.5-180.0 180.0   5.0 450.0                            LAT/LON1/LON2/DLON/H
   42   48   54   60   64   67   68   69   69   70   71   72   72   72   71   70
   69   69   70   71   72   72   73   74   76   78   80   82   86   89   92   93
   93   90   87   83   80   79   81   83   87   89   89   88   84   80   76   73
   69   65   59   53   47   41   37   36   36   37   38   39   40   41   42   42
   42   41   38   35   33   32   33   37   42
    50.0-180.0 180.0   5.0 450.0                            LAT/LON1/LON2/DLON/H
   43   49   55   62   67   71   74   75   75   76   77   77   77   75   73   72
   71   72   73   74   75   75   76   78   80   82   86   89   93   97  100  102
  101   99   95   92   89   89   90   93   96   99   98   96   92   87   83   79
   75   71   66   60   53   48   44   43   43   45   46   46   45   45   45   45
   45   43   40   37   35   34   35   38   43
    47.5-180.0 180.0   5.0 450.0                            LAT/LON1/LON2/DLON/H
   47   52   58   65   71   77   80   82   83   83   83   83   82   79   76   74
   74   75   77   78   79   79   81   82   85   88   92   96  100  103  106  107
  106  104  101   98   97   97   99  103  106  108  107  104   99   94   89   85
   82   79   75   68   62   56   52   51   51   52   53   52   50   49   48   48
   48   46   44   42   40   39   41   43   47
    45.0-180.0 180.0   5.0 450.0                            LAT/LON1/LON2/DLON/H
   53   56   61   68   76   82   87   89   90   91   91   90   87   84   80   78
   78   80   82   84   85   85   87   89   92   95   98  101  104  106  107  107
  106  105  104  104  104  106  108  112  115  116  115  111  106  100   95   92
   90   87   83   77   71   64   60   59   59   60   60   58   55   52   51   51
   51   50   49   48   47   47   49   51   53
    42.5-180.0 180.0   5.0 450.0                            LAT/LON1/LON2/DLON/H
   59   61   65   71   80   87   93   96   98   98   98   97   94   90   86   84
   84   87   89   91   92   93   94   96   99  101  103  105  106  107  106  105
  104  105  107  110  112  115  118  121  123  124  123  119  113  107  102   99
   97   95   92   86   79   73   68   66   67   67   66   63   59   56   54   54
   55   55   55   54   55   56   57   58   59
    40.0-180.0 180.0   5.0 450.0                            LAT/LON1/LON2/DLON/H
   64   64   67   73   82   91   98  102  104  105  105  104  102   98   94   92
   92   95   98  100  101  102  103  104  106  107  108  108  108  107  105  103
  104  108  114  121  125  127  129  130  132  132  130  126  120  114  109  106
  104  102   98   93   86   80   75   72   72   73   71   68   64   60   58   58
   59   59   59   60   61   62   64   64   64
    37.5-180.0 180.0   5.0 450.0                            LAT/LON1/LON2/DLON/H
   65   64   66   72   82   92  100  105  108  110  111  111  110  106  102  100
  101  103  106  108  110  111  112  113  113  113  113  113  113  112  109  109
  112  120  131  140  145  145  144  143  142  141  139  134  128  121  116  111
  108  105  102   97   90   84   79   76   76   76   75   72   68   64   62   62
   63   63   63   63   64   66   67   67   65
    35.0-180.0 180.0   5.0 450.0                            LAT/LON1/LON2/DLON/H
   62   61   63   70   80   91  100  106  110  113  115  117  116  114  110  108
  108  111  114  116  118  119  121  121  121  120  120  122  123  124  123  125
  132  145  160  171  174  170  163  158  155  152  149  143  136  128  121  114
  110  106  102   97   91   85   80   78   77   77   77   74   71   68   67   66
   66   66   64   63   63   64   65   64   62
    32.5-180.0 180.0   5.0 450.0                            LAT/LON1/LON2/DLON/H
   57   56   59   66   76   88   97  104  109  114  117  120  121  120  117  115
  114  116  119  122  125  128  130  131  130  129  130  135  141  145  148  153
  165  183  201  212  210  200  186  176  170  165  160  153  144  134  124  115
  108  102   97   93   88   83   79   76   75   76   76   75   73   71   70   70
   69   67   64   61   60   60   60   59   57
    30.0-180.0 180.0   5.0 450.0                            LAT/LON1/LON2/DLON/H
   50   51   55   63   74   85   95  102  108  114  119  123  125  124  122  119
  118  119  122  126  132  137  140  141  140  140  144  154  165  175  182  192
  209  231  251  259  251  232  210  195  185  179  172  163  151  138  124  112
  102   95   90   86   82   79   75   73   72   73   74   75   74   74   73   73
   72   68   63   58   55   53   52   52   50
    27.5-180.0 180.0   5.0 450.0                            LAT/LON1/LON2/DLON/H
   46   48   53   62   73   84   94  101  108  114  120  124  127  127  125  122
  120  120  124  130  138  146  152  154  153  154  162  177  194  210  222  237
  258  283  303  305  289  260  231  211  200  193  184  171  156  139  123  108
   95   86   81   78   76   74   71   69   68   69   70   72   73   74   75   75
   73   69   63   56   50   47   46   45   46
    25.0-180.0 180.0   5.0 450.0                            LAT/LON1/LON2/DLON/H
   44   47   54   64   75   86   95  102  109  116  122  126  129  130  128  124
  122  121  125  134  145  157  165  168  168  171  182  202  225  245  262  279
  303  329  347  343  317  280  246  224  212  204  193  177  159  139  119  102
   88   78   73   71   71   70   68   65   64   64   67   69   72   73   75   76
   74   70   63   55   48   44   42   42   44
    22.5-180.0 180.0   5.0 450.0                            LAT/LON1/LON2/DLON/H
   45   50   58   69   80   91   99  107  114  120  125  130  133  134  132  128
  125  125  130  140  155  169  179  184  184  189  203  227  253  276  294  313
  337  362  375  365  331  288  252  231  221  213  200  181  159  137  116   98
   83   73   68   67   68   68   67   64   62   62   64   67   69   72   74   75
   75   71   65   57   49   44   42   43   45
    20.0-180.0 180.0   5.0 450.0                            LAT/LON1/LON2/DLON/H
   49   55   64   75   87   98  106  114  121  127  132  136  139  140  138  135
  132  132  138  151  168  184  196  201  202  208  223  248  276  298  315  332
  355  377  385  369  330  284  250  232  225  218  204  183  159  136  114   96
   81   72   67   67   68   69   68   65   63   62   63   65   68   70   72   74
   75   72   67   60   53   48   46   47   49
    17.5-180.0 180.0   5.0 450.0                            LAT/LON1/LON2/DLON/H
   54   60   69   81   93  105  114  122  129  135  140  144  147  149  148  146
  143  144  151  165  184  202  214  219  220  226  241  265  290  309  322  336
  356  374  377  356  315  272  243  231  228  221  205  183  158  135  115   98
   84   75   71   70   71   72   71   69   66   65   65   66   67   69   70   72
   73   72   69   63   57   53   51   52   54
    15.0-180.0 180.0   5.0 450.0                            LAT/LON1/LON2/DLON/H
   58   62   71   83   97  111  122  131  138  144  149  153  157  160  162  161
  160  161  169  184  203  220  232  236  238  243  257  278  298  311  319  329
  344  357  356  333  295  258  236  231  231  224  206  182  158  137  119  103
   91   82   78   76   76   77   76   74   71   70   69   69   69   68   68   70
   71   72   70   66   62   58   57   56   58
    12.5-180.0 180.0   5.0 450.0                            LAT/LON1/LON2/DLON/H
   59   61   69   82   98  114  127  138  146  153  158  163  168  173  177  179
  179  182  190  205  222  238  248  253  254  259  270  286  301  308  311  316
  326  335  332  309  275  247  235  236  237  227  207  182  159  141  125  111
  100   91   85   82   81   80   80   79   77   76   75   73   71   69   67   68
   69   69   69   67   64   62   60   59   59
    10.0-180.0 180.0   5.0 450.0                            LAT/LON1/LON2/DLON/H
   56   57   63   76   94  113  129  142  151  159  166  172  179  187  193  197
  200  204  212  225  241  254  263  267  269  273  282  293  302  304  302  304
  311  317  312  292  265  247  243  247  246  232  208  183  162  146  132  119
  108   98   91   86   83   82   82   82   82   82   80   78   74   70   67   66
   66   66   66   65   64   63   61   59   56
     7.5-180.0 180.0   5.0 450.0                            LAT/LON1/LON2/DLON/H
   52   50   55   68   88  110  128  143  154  164  172  181  190  199  208  215
  219  224  232  243  256  267  274  278  281  286  293  300  304  303  299  299
  304  308  302  285  267  257  259  263  257  237  209  183  164  150  138  125
  113  102   93   86   82   81   82   83   85   85   84   81   76   71   67   64
   63   63   63   62   62   62   60   57   52
     5.0-180.0 180.0   5.0 450.0                            LAT/LON1/LON2/DLON/H
   48   44   46   59   81  105  126  142  155  166  177  188  199  210  221  229
  235  240  248  257  267  276  282  287  292  297  302  307  308  306  303  304
  307  309  304  291  280  276  281  281  269  242  210  183  165  152  140  127
  113  101   91   83   78   76   78   81   83   85   84   81   77   72   67   63
   61   59   59   59   60   60   58   54   48
     2.5-180.0 180.0   5.0 450.0                            LAT/LON1/LON2/DLON/H
   45   39   41   53   74   99  122  140  154  167  181  194  207  219  230  239
  246  251  258  266  274  281  288  294  300  305  310  313  314  313  313  315
  319  319  314  304  298  298  302  297  276  242  207  180  163  151  138  123
  109   96   85   76   71   70   72   75   78   80   80   78   74   70   66   62
   59   57   56   56   57   57   56   52   45
