70_EGNOS_Project/core/files/DebugFiles/y2018_d004_136.18I
     1.0            IONOSPHERE MAPS     GPS                 IONEX VERSION / TYPE
GINA 1.0            GINA Project        14-05-2019 09:29:01 PGM / RUN BY / DATE 
TEC values in 10e-1 [TEC] 9999, if no value available       COMMENT             
Infrastructure: Robert Bosch Kft., Budapest                 DESCRIPTION         
Creator: Balazs Lupsic                                      DESCRIPTION         
Contact adress: balazs.lupsic@hu.bosch.com                  DESCRIPTION         
Contact adress: balazs.lupsic@gmail.com                     DESCRIPTION         
  2018     1     4     8    47    30                        EPOCH OF FIRST MAP  
  2018     1     4    22    47    30                        EPOCH OF LAST MAP   
  3600                                                      INTERVAL            
    15                                                      # OF MAPS IN FILE   
   TBD                                                      MAPPING FUNCTION    
     0.0                                                    ELEVATION CUTOFF    
TEC is obtained from EGNOS                                  OBSERVABLES USED    
  6371.4                                                    BASE RADIUS         
     2                                                      MAP DIMENSION       
   350.0 350.0   0.0                                        HGT1 / HGT2 / DHGT  
    90.0  10.0  -5.0                                        LAT1 / LAT2 / DLAT  
   -60.0  60.0   5.0                                        LON1 / LON2 / DLON  
    -1                                                      EXPONENT            
                                                            END OF HEADER       
[from data line 1080]
    10                                                      START OF TEC MAP    
  2018     1     4    18    47    30                        EPOCH OF CURRENT MAP
    90.0 -60.0  60.0   5.0 350.0                            LAT/LON1/LON2/DLON/H
 9999 9999 9999 9999 9999 9999 9999 9999 9999 9999 9999 9999 9999 9999 9999 9999
 9999 9999 9999 9999 9999 9999 9999 9999 9999                                   
    85.0 -60.0  60.0   5.0 350.0                            LAT/LON1/LON2/DLON/H
   54 9999 9999 9999 9999 9999   31 9999 9999 9999 9999 9999   23 9999 9999 9999
 9999 9999   23 9999 9999 9999 9999 9999   23                                   
    80.0 -60.0  60.0   5.0 350.0                            LAT/LON1/LON2/DLON/H
 9999 9999 9999 9999 9999 9999 9999 9999 9999 9999 9999 9999 9999 9999 9999 9999
 9999 9999 9999 9999 9999 9999 9999 9999 9999                                   
    75.0 -60.0  60.0   5.0 350.0                            LAT/LON1/LON2/DLON/H
   23 9999   31 9999   31 9999   23 9999   23 9999   23 9999   23 9999   23 9999
   23 9999   23 9999   23 9999   23 9999   23                                   
    70.0 -60.0  60.0   5.0 350.0                            LAT/LON1/LON2/DLON/H
 9999 9999   46 9999   38 9999   31 9999   31 9999   23 9999   23 9999   23 9999
   23 9999   23 9999   31 9999   23 9999   23                                   
    65.0 -60.0  60.0   5.0 350.0                            LAT/LON1/LON2/DLON/H
 9999 9999   62 9999   46 9999   46 9999   38 9999   23 9999   23 9999   23 9999
   23 9999   23 9999   31 9999   31 9999   31                                   
    60.0 -60.0  60.0   5.0 350.0                            LAT/LON1/LON2/DLON/H
   31   38  108   92   46   54   46   38   38   31   23   23   23   23   23   23
   23   23   23   23   23   23   23   23   23                                   
    55.0 -60.0  60.0   5.0 350.0                            LAT/LON1/LON2/DLON/H
 9999  100  100  100   77   69   46   31   23   23   23   23   23   23   23   23
   23   31   31   54   77   23   23   23 9999                                   
    50.0 -60.0  60.0   5.0 350.0                            LAT/LON1/LON2/DLON/H
 9999 9999   85  100 9999   62   31   31   38   31   31   31   31   38   38   31
   46   54   69   85  100   38   38   54 9999                                   
    45.0 -60.0  60.0   5.0 350.0                            LAT/LON1/LON2/DLON/H
 9999 9999   92   85   62   54   31   38   46   38   31   31   31   38   38   46
   46   54   62   62   69   62   46 9999 9999                                   
    40.0 -60.0  60.0   5.0 350.0                            LAT/LON1/LON2/DLON/H
 9999 9999   77  100   92   85   62   38   38   31   31   46   46   54   54   54
   54   54   54   62   54   38   54 9999 9999                                   
    35.0 -60.0  60.0   5.0 350.0                            LAT/LON1/LON2/DLON/H
 9999 9999   92  100 9999  100   85   62   54   46   54   54   62   69   69   62
   62   62   62   62   54   23  100 9999 9999                                   
    30.0 -60.0  60.0   5.0 350.0                            LAT/LON1/LON2/DLON/H
 9999 9999 9999 9999 9999  208  115   92   85   85   77   69   62   62   69   69
   69   69   62   54   38   23   62 9999 9999                                   
    25.0 -60.0  60.0   5.0 350.0                            LAT/LON1/LON2/DLON/H
 9999 9999 9999 9999 9999  293  185  162  154  146  115  100   85   77   77   92
   92   69   69   69   62   46   54 9999 9999                                   
    20.0 -60.0  60.0   5.0 350.0                            LAT/LON1/LON2/DLON/H
 9999 9999 9999 9999 9999 9999  223  208  200  185  162  123  108  216  208  131
  123  100   92   92  146   69 9999 9999 9999                                   
    15.0 -60.0  60.0   5.0 350.0                            LAT/LON1/LON2/DLON/H
 9999 9999 9999 9999 9999 9999 9999  231  216  208  200  169 9999 9999 9999  200
  185  169  146  100   77 9999 9999 9999 9999                                   
    10.0 -60.0  60.0   5.0 350.0                            LAT/LON1/LON2/DLON/H
 9999 9999 9999 9999 9999 9999 9999  185  192  177  162 9999 9999 9999 9999 9999
 9999 9999 9999 9999 9999 9999 9999 9999 9999                                   
    10                                                      END OF TEC MAP      
    10                                                      START OF RMS MAP    
  2018     1     4    18    47    30                        EPOCH OF CURRENT MAP
    90.0 -60.0  60.0   5.0 350.0                            LAT/LON1/LON2/DLON/H
 9999 9999 9999 9999 9999 9999 9999 9999 9999 9999 9999 9999 9999 9999 9999 9999
 9999 9999 9999 9999 9999 9999 9999 9999 9999                                   
    85.0 -60.0  60.0   5.0 350.0                            LAT/LON1/LON2/DLON/H
  842 9999 9999 9999 9999 9999  842 9999 9999 9999 9999 9999  112 9999 9999 9999
 9999 9999  112 9999 9999 9999 9999 9999  281                                   
    80.0 -60.0  60.0   5.0 350.0                            LAT/LON1/LON2/DLON/H
 9999 9999 9999 9999 9999 9999 9999 9999 9999 9999 9999 9999 9999 9999 9999 9999
 9999 9999 9999 9999 9999 9999 9999 9999 9999                                   
    75.0 -60.0  60.0   5.0 350.0                            LAT/LON1/LON2/DLON/H
  842 9999  842 9999  281 9999  112 9999   51 9999   45 9999   51 9999   45 9999
   51 9999   51 9999   84 9999  112 9999  842                                   
    70.0 -60.0  60.0   5.0 350.0                            LAT/LON1/LON2/DLON/H
 9999 9999  842 9999   84 9999   51 9999   45 9999   45 9999   45 9999   45 9999
   51 9999   51 9999   84 9999  281 9999   84                                   
    65.0 -60.0  60.0   5.0 350.0                            LAT/LON1/LON2/DLON/H
 9999 9999  842 9999  281 9999   51 9999   45 9999   45 9999   51 9999   51 9999
   51 9999   51 9999   84 9999  842 9999  842                                   
    60.0 -60.0  60.0   5.0 350.0                            LAT/LON1/LON2/DLON/H
  842  842  842  842  281  112   51   45   45   45   45   45   45   45   45   51
   45   45   56   84  281  842  842  842  842                                   
    55.0 -60.0  60.0   5.0 350.0                            LAT/LON1/LON2/DLON/H
 9999  842  842  842  842  842  112   51   45   45   45   45   45   45   45   45
   45   45   51  112  281  842  842  842 9999                                   
    50.0 -60.0  60.0   5.0 350.0                            LAT/LON1/LON2/DLON/H
 9999 9999  842  842 9999  842  842   84   56   45   45   45   45   45   45   45
   45   51   67  112  842  842  842  842 9999                                   
    45.0 -60.0  60.0   5.0 350.0                            LAT/LON1/LON2/DLON/H
 9999 9999  842  842  842  281   84   84   45   45   45   45   45   45   45   45
   45   45   51   84  112  842  842 9999 9999                                   
    40.0 -60.0  60.0   5.0 350.0                            LAT/LON1/LON2/DLON/H
 9999 9999  842  842  842  112   84   51   45   39   45   39   45   45   39   45
   45   45   45   67   84  842  842 9999 9999                                   
    35.0 -60.0  60.0   5.0 350.0                            LAT/LON1/LON2/DLON/H
 9999 9999  842  842 9999  281   56   45   39   39   39   45   39   39   39   39
   45   45   45   51  112  842  842 9999 9999                                   
    30.0 -60.0  60.0   5.0 350.0                            LAT/LON1/LON2/DLON/H
 9999 9999 9999 9999 9999  842  112   45   39   39   45   51   51   84   45   45
   51   45   45   51   84  842  842 9999 9999                                   
    25.0 -60.0  60.0   5.0 350.0                            LAT/LON1/LON2/DLON/H
 9999 9999 9999 9999 9999  842  842   51   45   45   51  112  842  281  842  281
  112   56   45   56  281  842  842 9999 9999                                   
    20.0 -60.0  60.0   5.0 350.0                            LAT/LON1/LON2/DLON/H
 9999 9999 9999 9999 9999 9999  842  112   45   51   56  842  842  842  842  842
  842  281   67  112  842  842 9999 9999 9999                                   
    15.0 -60.0  60.0   5.0 350.0                            LAT/LON1/LON2/DLON/H
 9999 9999 9999 9999 9999 9999 9999  842   67   56  112  842 9999 9999 9999  842
  842  842  842  842  842 9999 9999 9999 9999                                   
    10.0 -60.0  60.0   5.0 350.0                            LAT/LON1/LON2/DLON/H
 9999 9999 9999 9999 9999 9999 9999  842  842  281  842 9999 9999 9999 9999 9999
 9999 9999 9999 9999 9999 9999 9999 9999 9999                                   
    10                                                      END OF RMS MAP      
    11                                                      START OF TEC MAP    
  2018     1     4    19    47    30                        EPOCH OF CURRENT MAP
    90.0 -60.0  60.0   5.0 350.0                            LAT/LON1/LON2/DLON/H
 9999 9999 9999 9999 9999 9999 9999 9999 9999 9999 9999 9999 9999 9999 9999 9999
 9999 9999 9999 9999 9999 9999 9999 9999 9999                                   
    85.0 -60.0  60.0   5.0 350.0                            LAT/LON1/LON2/DLON/H
   54 9999 9999 9999 9999 9999   23 9999 9999 9999 9999 9999   23 9999 9999 9999
 9999 9999   23 9999 9999 9999 9999 9999   38                                   
    80.0 -60.0  60.0   5.0 350.0                            LAT/LON1/LON2/DLON/H
 9999 9999 9999 9999 9999 9999 9999 9999 9999 9999 9999 9999 9999 9999 9999 9999
 9999 9999 9999 9999 9999 9999 9999 9999 9999                                   
    75.0 -60.0  60.0   5.0 350.0                            LAT/LON1/LON2/DLON/H
   23 9999   54 9999   46 9999   38 9999   23 9999   23 9999   23 9999   23 9999
   23 9999   23 9999   31 9999   31 9999   23                                   
    70.0 -60.0  60.0   5.0 350.0                            LAT/LON1/LON2/DLON/H
 9999 9999   54 9999   46 9999   38 9999   31 9999   31 9999   23 9999   23 9999
   23 9999   31 9999   38 9999   23 9999   23                                   
    65.0 -60.0  60.0   5.0 350.0                            LAT/LON1/LON2/DLON/H
 9999 9999   62 9999   46 9999   38 9999   38 9999   31 9999   23 9999   23 9999
   23 9999   23 9999   23 9999   31 9999   31                                   
    60.0 -60.0  60.0   5.0 350.0                            LAT/LON1/LON2/DLON/H
   31   38  108   46   54   46   38   38   23   23   23   23   23   23   23   23
   23   23   23   23   23   23   23   23   23                                   
    55.0 -60.0  60.0   5.0 350.0                            LAT/LON1/LON2/DLON/H
 9999  100   54   54   46   46   31   31   23   23   23   23   23   23   31   31
   31   31   38   38   31   23   23   23 9999                                   
    50.0 -60.0  60.0   5.0 350.0                            LAT/LON1/LON2/DLON/H
 9999 9999   62   46   38   38   31   38   31   31   31   31   31   38   38   38
   46   54   54   54   54   38   38   54 9999                                   
    45.0 -60.0  60.0   5.0 350.0                            LAT/LON1/LON2/DLON/H
 9999 9999   92   38   23   31   38   38   23   23   31   38   46   46   46   46
   46   46   54   54   54   54   46 9999 9999                                   
    40.0 -60.0  60.0   5.0 350.0                            LAT/LON1/LON2/DLON/H
 9999 9999   77  100   54   54   46   38   23   23   31   38   54   54   54   46
   46   46   54   54   54   54   54 9999 9999                                   
    35.0 -60.0  60.0   5.0 350.0                            LAT/LON1/LON2/DLON/H
 9999 9999   92  100 9999   69   62   54   38   38   46   62   69   69   62   62
   62   62   69   62   62   38  100 9999 9999                                   
    30.0 -60.0  60.0   5.0 350.0                            LAT/LON1/LON2/DLON/H
 9999 9999 9999 9999 9999  208  115   69   62   69   77   69   77   77   77   69
   62   62   62   54   23   23   62 9999 9999                                   
    25.0 -60.0  60.0   5.0 350.0                            LAT/LON1/LON2/DLON/H
 9999 9999 9999 9999 9999  293  115  100  108  100   85   69   77   77   77   46
   38   46   54   54   31   46   54 9999 9999                                   
    20.0 -60.0  60.0   5.0 350.0                            LAT/LON1/LON2/DLON/H
 9999 9999 9999 9999 9999 9999  154  146  139  131  100   77  108  216   85   92
   77   92  100   92  146   69 9999 9999 9999                                   
    15.0 -60.0  60.0   5.0 350.0                            LAT/LON1/LON2/DLON/H
 9999 9999 9999 9999 9999 9999 9999  177  177  162  108  169 9999 9999 9999  200
  185  100   92   77   77 9999 9999 9999 9999                                   
    10.0 -60.0  60.0   5.0 350.0                            LAT/LON1/LON2/DLON/H
 9999 9999 9999 9999 9999 9999 9999  185  192  177  162 9999 9999 9999 9999 9999
 9999 9999 9999 9999 9999 9999 9999 9999 9999                                   
    11                                                      END OF TEC MAP      
    11                                                      START OF RMS MAP    
  2018     1     4    19    47    30                        EPOCH OF CURRENT MAP
    90.0 -60.0  60.0   5.0 350.0                            LAT/LON1/LON2/DLON/H
 9999 9999 9999 9999 9999 9999 9999 9999 9999 9999 9999 9999 9999 9999 9999 9999
 9999 9999 9999 9999 9999 9999 9999 9999 9999                                   
    85.0 -60.0  60.0   5.0 350.0                            LAT/LON1/LON2/DLON/H
  842 9999 9999 9999 9999 9999  281 9999 9999 9999 9999 9999  281 9999 9999 9999
 9999 9999  281 9999 9999 9999 9999 9999  281                                   
    80.0 -60.0  60.0   5.0 350.0                            LAT/LON1/LON2/DLON/H
 9999 9999 9999 9999 9999 9999 9999 9999 9999 9999 9999 9999 9999 9999 9999 9999
 9999 9999 9999 9999 9999 9999 9999 9999 9999                                   
    75.0 -60.0  60.0   5.0 350.0                            LAT/LON1/LON2/DLON/H
  842 9999  842 9999  281 9999   56 9999   51 9999   45 9999   45 9999   45 9999
   51 9999   51 9999   56 9999   84 9999  281                                   
    70.0 -60.0  60.0   5.0 350.0                            LAT/LON1/LON2/DLON/H
 9999 9999  842 9999   84 9999   45 9999   45 9999   45 9999   45 9999   45 9999
   45 9999   51 9999   56 9999   84 9999  842                                   
    65.0 -60.0  60.0   5.0 350.0                            LAT/LON1/LON2/DLON/H
 9999 9999  842 9999  112 9999   45 9999   39 9999   45 9999   45 9999   45 9999
   45 9999   45 9999   56 9999  281 9999  842                                   
    60.0 -60.0  60.0   5.0 350.0                            LAT/LON1/LON2/DLON/H
  842  842  842  842   84   51   51   45   45   45   45   45   45   45   45   45
   45   45   51   56   84  281  842  842  842                                   
    55.0 -60.0  60.0   5.0 350.0                            LAT/LON1/LON2/DLON/H
 9999  842  842  842  842  842  281  281   51   56   45   45   45   45   45   45
   45   51   56   84  281  842  842  842 9999                                   
    50.0 -60.0  60.0   5.0 350.0                            LAT/LON1/LON2/DLON/H
 9999 9999  842  842  842  842  281  842  281   56   51   45   45   45   45   45
   51   51   67  281  842  842  842  842 9999                                   
    45.0 -60.0  60.0   5.0 350.0                            LAT/LON1/LON2/DLON/H
 9999 9999  842  842  842  112  112   56   84   56   45   45   45   45   45   45
   51   51   51   84  281  842  842 9999 9999                                   
    40.0 -60.0  60.0   5.0 350.0                            LAT/LON1/LON2/DLON/H
 9999 9999  842  842  842   84   56   51   45   45   45   45   45   45   45   45
   45   45   45   67  112  842  842 9999 9999                                   
