70_EGNOS_Project/core/files/DebugFiles/y2019_d101_136.ion
     1.0            IONOSPHERE MAPS     GPS                 IONEX VERSION / TYPE
GINA 1.0            GINA Project        16-04-2019 06:20:17 PGM / RUN BY / DATE 
TEC values in 10e-1 [TEC] 9999, if no value available       COMMENT             
Infrastructure: Robert Bosch Kft., Budapest                 DESCRIPTION         
Creator: Balazs Lupsic                                      DESCRIPTION         
Contact adress: balazs.lupsic@hu.bosch.com                  DESCRIPTION         
Contact adress: balazs.lupsic@gmail.com                     DESCRIPTION         
  2019     4    11     0     0     0                        EPOCH OF FIRST MAP  
  2019     4    11     9     0     0                        EPOCH OF LAST MAP   
  3600                                                      INTERVAL            
    10                                                      # OF MAPS IN FILE   
   TBD                                                      MAPPING FUNCTION    
     0.0                                                    ELEVATION CUTOFF    
TEC is obtained from EGNOS                                  OBSERVABLES USED    
  6371.4                                                    BASE RADIUS         
     2                                                      MAP DIMENSION       
   350.0 350.0   0.0                                        HGT1 / HGT2 / DHGT  
    90.0  10.0  -5.0                                        LAT1 / LAT2 / DLAT  
   -60.0  60.0   5.0                                        LON1 / LON2 / DLON  
    -1                                                      EXPONENT            
                                                            END OF HEADER       
[from data line 216]
     2                                                      START OF TEC MAP    
  2019     4    11     2     0     0                        EPOCH OF CURRENT MAP
    90.0 -60.0  60.0   5.0 350.0                            LAT/LON1/LON2/DLON/H
 9999 9999 9999 9999 9999 9999 9999 9999 9999 9999 9999 9999 9999 9999 9999 9999
 9999 9999 9999 9999 9999 9999 9999 9999 9999                                   
    85.0 -60.0  60.0   5.0 350.0                            LAT/LON1/LON2/DLON/H
   54 9999 9999 9999 9999 9999   46 9999 9999 9999 9999 9999   38 9999 9999 9999
 9999 9999   46 9999 9999 9999 9999 9999   54                                   
    80.0 -60.0  60.0   5.0 350.0                            LAT/LON1/LON2/DLON/H
 9999 9999 9999 9999 9999 9999 9999 9999 9999 9999 9999 9999 9999 9999 9999 9999
 9999 9999 9999 9999 9999 9999 9999 9999 9999                                   
    75.0 -60.0  60.0   5.0 350.0                            LAT/LON1/LON2/DLON/H
 9999 9999   46 9999   38 9999   38 9999   38 9999   31 9999   23 9999   23 9999
   23 9999   23 9999   31 9999   38 9999   46                                   
    70.0 -60.0  60.0   5.0 350.0                            LAT/LON1/LON2/DLON/H
 9999 9999   46 9999   54 9999   62 9999   54 9999   38 9999   31 9999   23 9999
   23 9999   31 9999   38 9999   46 9999   46                                   
    65.0 -60.0  60.0   5.0 350.0                            LAT/LON1/LON2/DLON/H
 9999 9999   92 9999   69 9999   62 9999   54 9999   38 9999   23 9999   23 9999
   23 9999   23 9999   31 9999   38 9999   31                                   
    60.0 -60.0  60.0   5.0 350.0                            LAT/LON1/LON2/DLON/H
 9999 9999   69   46   38   31   46   46   31   23   23   23   23   23   23   23
   23   23   23   23   23   23   38 9999 9999                                   
    55.0 -60.0  60.0   5.0 350.0                            LAT/LON1/LON2/DLON/H
 9999 9999 9999   77   38   31   23   31   23   23   23   23   23   23   23   23
   23   31   31   38   38   62 9999 9999 9999                                   
    50.0 -60.0  60.0   5.0 350.0                            LAT/LON1/LON2/DLON/H
 9999 9999   31   38   62 9999 9999   38   38   38   38   31   31   31   31   31
   31   38   31   46   62   77 9999 9999 9999                                   
    45.0 -60.0  60.0   5.0 350.0                            LAT/LON1/LON2/DLON/H
 9999 9999   54   62   46   69   46   46   38   46   46   46   46   46   46   46
   38   31   23   23   31   46   85 9999 9999                                   
    40.0 -60.0  60.0   5.0 350.0                            LAT/LON1/LON2/DLON/H
 9999 9999   77   77 9999   62   54   54   54   46   54   54   54   54   54   54
   46   46   46   54   46   31 9999 9999 9999                                   
    35.0 -60.0  60.0   5.0 350.0                            LAT/LON1/LON2/DLON/H
 9999 9999 9999 9999 9999   77   77   69   62   54   54   62   54   62   62   54
   54   54   62   62   62   54 9999 9999 9999                                   
    30.0 -60.0  60.0   5.0 350.0                            LAT/LON1/LON2/DLON/H
 9999 9999 9999 9999 9999   69   77   69   62   62   54   54   54   62   69   54
   46   62   62   69   62   46 9999 9999 9999                                   
    25.0 -60.0  60.0   5.0 350.0                            LAT/LON1/LON2/DLON/H
 9999 9999 9999 9999 9999 9999   54   77   77   69   62   54   54   54   54   46
   46   46   38   38   38   38 9999 9999 9999                                   
    20.0 -60.0  60.0   5.0 350.0                            LAT/LON1/LON2/DLON/H
 9999 9999 9999 9999 9999 9999 9999   69   85   77   69   62   54   85   54   46
   38   38   31   38   46 9999 9999 9999 9999                                   
    15.0 -60.0  60.0   5.0 350.0                            LAT/LON1/LON2/DLON/H
 9999 9999 9999 9999 9999 9999 9999 9999   85   85   69   92 9999 9999 9999 9999
   46   46   46   38 9999 9999 9999 9999 9999                                   
    10.0 -60.0  60.0   5.0 350.0                            LAT/LON1/LON2/DLON/H
 9999 9999 9999 9999 9999 9999 9999 9999 9999   92   85 9999 9999 9999 9999 9999
 9999 9999 9999 9999 9999 9999 9999 9999 9999                                   
     2                                                      END OF TEC MAP      
     2                                                      START OF RMS MAP    
  2019     4    11     2     0     0                        EPOCH OF CURRENT MAP
    90.0 -60.0  60.0   5.0 350.0                            LAT/LON1/LON2/DLON/H
 9999 9999 9999 9999 9999 9999 9999 9999 9999 9999 9999 9999 9999 9999 9999 9999
 9999 9999 9999 9999 9999 9999 9999 9999 9999                                   
    85.0 -60.0  60.0   5.0 350.0                            LAT/LON1/LON2/DLON/H
  281 9999 9999 9999 9999 9999  281 9999 9999 9999 9999 9999  281 9999 9999 9999
 9999 9999  281 9999 9999 9999 9999 9999  281                                   
    80.0 -60.0  60.0   5.0 350.0                            LAT/LON1/LON2/DLON/H
 9999 9999 9999 9999 9999 9999 9999 9999 9999 9999 9999 9999 9999 9999 9999 9999
 9999 9999 9999 9999 9999 9999 9999 9999 9999                                   
    75.0 -60.0  60.0   5.0 350.0                            LAT/LON1/LON2/DLON/H
 9999 9999  281 9999  112 9999   56 9999   45 9999   45 9999   45 9999   45 9999
   45 9999   45 9999   56 9999  281 9999  842                                   
    70.0 -60.0  60.0   5.0 350.0                            LAT/LON1/LON2/DLON/H
 9999 9999  842 9999   67 9999   51 9999   45 9999   45 9999   45 9999   45 9999
   45 9999   45 9999   51 9999   56 9999  842                                   
    65.0 -60.0  60.0   5.0 350.0                            LAT/LON1/LON2/DLON/H
 9999 9999  842 9999   84 9999   45 9999   45 9999   45 9999   45 9999   45 9999
   45 9999   45 9999   45 9999  112 9999  842                                   
    60.0 -60.0  60.0   5.0 350.0                            LAT/LON1/LON2/DLON/H
 9999 9999  842  842  281   67   51   45   45   45   45   45   45   45   45   45
   45   45   45   51   67  281  842 9999 9999                                   
    55.0 -60.0  60.0   5.0 350.0                            LAT/LON1/LON2/DLON/H
 9999 9999 9999  842  842  842  281   51   45   45   45   45   45   45   45   45
   45   45   45   56  281  842 9999 9999 9999                                   
    50.0 -60.0  60.0   5.0 350.0                            LAT/LON1/LON2/DLON/H
 9999 9999  842  842  842 9999 9999  281   51   45   45   45   45   45   45   45
   45   45   45  112  281  842 9999 9999 9999                                   
    45.0 -60.0  60.0   5.0 350.0                            LAT/LON1/LON2/DLON/H
 9999 9999  842  842  842  281  112   67   51   51   45   39   39   39   39   45
   45   45   45   45   84  842  842 9999 9999                                   
    40.0 -60.0  60.0   5.0 350.0                            LAT/LON1/LON2/DLON/H
 9999 9999  842  842 9999   67   67   39   39   45   45   39   39   39   39   39
   39   45   45   45   56  281 9999 9999 9999                                   
    35.0 -60.0  60.0   5.0 350.0                            LAT/LON1/LON2/DLON/H
 9999 9999 9999 9999 9999  112   51   39   45   45   45   45   39   39   39   39
   39   45   45   45   67  281 9999 9999 9999                                   
    30.0 -60.0  60.0   5.0 350.0                            LAT/LON1/LON2/DLON/H
 9999 9999 9999 9999 9999  842  281   45   45   45   39   45   45   45   45   39
   45   45   45   51  281  842 9999 9999 9999                                   
    25.0 -60.0  60.0   5.0 350.0                            LAT/LON1/LON2/DLON/H
 9999 9999 9999 9999 9999 9999  842   84   39   45   45   45   56   67   84   67
   56   45   45   51  281  842 9999 9999 9999                                   
    20.0 -60.0  60.0   5.0 350.0                            LAT/LON1/LON2/DLON/H
 9999 9999 9999 9999 9999 9999 9999  842   51   39   45   84  842  842  842  842
  281   67   56   67  842 9999 9999 9999 9999                                   
    15.0 -60.0  60.0   5.0 350.0                            LAT/LON1/LON2/DLON/H
 9999 9999 9999 9999 9999 9999 9999 9999   84   51   56  281 9999 9999 9999 9999
  842  842  281  842 9999 9999 9999 9999 9999                                   
    10.0 -60.0  60.0   5.0 350.0                            LAT/LON1/LON2/DLON/H
 9999 9999 9999 9999 9999 9999 9999 9999 9999  842  281 9999 9999 9999 9999 9999
 9999 9999 9999 9999 9999 9999 9999 9999 9999                                   
     2                                                      END OF RMS MAP      
     3                                                      START OF TEC MAP    
  2019     4    11     3     0     0                        EPOCH OF CURRENT MAP
    90.0 -60.0  60.0   5.0 350.0                            LAT/LON1/LON2/DLON/H
 9999 9999 9999 9999 9999 9999 9999 9999 9999 9999 9999 9999 9999 9999 9999 9999
 9999 9999 9999 9999 9999 9999 9999 9999 9999                                   
    85.0 -60.0  60.0   5.0 350.0                            LAT/LON1/LON2/DLON/H
   54 9999 9999 9999 9999 9999   46 9999 9999 9999 9999 9999   46 9999 9999 9999
 9999 9999   46 9999 9999 9999 9999 9999   54                                   
    80.0 -60.0  60.0   5.0 350.0                            LAT/LON1/LON2/DLON/H
 9999 9999 9999 9999 9999 9999 9999 9999 9999 9999 9999 9999 9999 9999 9999 9999
 9999 9999 9999 9999 9999 9999 9999 9999 9999                                   
    75.0 -60.0  60.0   5.0 350.0                            LAT/LON1/LON2/DLON/H
   38 9999   38 9999   46 9999   46 9999   46 9999   46 9999   38 9999   31 9999
   31 9999   31 9999   31 9999   46 9999   77                                   
    70.0 -60.0  60.0   5.0 350.0                            LAT/LON1/LON2/DLON/H
   54 9999   46 9999   62 9999   62 9999   62 9999   54 9999   38 9999   23 9999
   23 9999   31 9999   31 9999   62 9999  100                                   
    65.0 -60.0  60.0   5.0 350.0                            LAT/LON1/LON2/DLON/H
 9999 9999   62 9999   69 9999   62 9999   54 9999   38 9999   23 9999   23 9999
   23 9999   23 9999   38 9999   77 9999  108                                   
    60.0 -60.0  60.0   5.0 350.0                            LAT/LON1/LON2/DLON/H
 9999   54   54   46   62   62   46   38   31   23   23   23   23   23   23   23
   23   23   31   38   46   85  115   62 9999                                   
    55.0 -60.0  60.0   5.0 350.0                            LAT/LON1/LON2/DLON/H
 9999   31   46   46   38   54   38   23   23   23   23   23   23   23   23   23
   23   23   38   46   69  123  208 9999 9999                                   
    50.0 -60.0  60.0   5.0 350.0                            LAT/LON1/LON2/DLON/H
 9999 9999   31   38   62 9999 9999   54   38   31   31   31   31   31   31   31
   31   38   46   62   54   69 9999 9999 9999                                   
    45.0 -60.0  60.0   5.0 350.0                            LAT/LON1/LON2/DLON/H
 9999 9999   46   62   46   31   54   54   46   38   38   38   38   46   46   46
   46   46   46   46   38   23   23 9999 9999                                   
    40.0 -60.0  60.0   5.0 350.0                            LAT/LON1/LON2/DLON/H
 9999 9999   69   77 9999   46   54   54   54   46   46   46   46   54   54   54
   46   46   38   46   62   85   85 9999 9999                                   
    35.0 -60.0  60.0   5.0 350.0                            LAT/LON1/LON2/DLON/H
 9999 9999 9999 9999 9999   69   62   54   54   54   46   46   54   54   62   54
   46   54   54   62   77  108 9999 9999 9999                                   
    30.0 -60.0  60.0   5.0 350.0                            LAT/LON1/LON2/DLON/H
 9999 9999 9999 9999 9999   69   62   62   62   54   54   46   54   62   62   54
   46   54   62   69   69   77 9999 9999 9999                                   
    25.0 -60.0  60.0   5.0 350.0                            LAT/LON1/LON2/DLON/H
 9999 9999 9999 9999 9999 9999   69   69   62   62   54   54   54   54   54   46
   38   38   46   54   38   31 9999 9999 9999                                   
    20.0 -60.0  60.0   5.0 350.0                            LAT/LON1/LON2/DLON/H
 9999 9999 9999 9999 9999 9999 9999   77   77   69   62   54   54   54   46   38
   38   31   31   31   38 9999 9999 9999 9999                                   
    15.0 -60.0  60.0   5.0 350.0                            LAT/LON1/LON2/DLON/H
 9999 9999 9999 9999 9999 9999 9999 9999   85   77   69   69   62 9999 9999   54
   46   23   23   23 9999 9999 9999 9999 9999                                   
    10.0 -60.0  60.0   5.0 350.0                            LAT/LON1/LON2/DLON/H
 9999 9999 9999 9999 9999 9999 9999 9999   77   54   54 9999 9999 9999 9999 9999
 9999 9999 9999 9999 9999 9999 9999 9999 9999                                   
     3                                                      END OF TEC MAP      
     3                                                      START OF RMS MAP    
  2019     4    11     3     0     0                        EPOCH OF CURRENT MAP
    90.0 -60.0  60.0   5.0 350.0                            LAT/LON1/LON2/DLON/H
 9999 9999 9999 9999 9999 9999 9999 9999 9999 9999 9999 9999 9999 9999 9999 9999
 9999 9999 9999 9999 9999 9999 9999 9999 9999                                   
    85.0 -60.0  60.0   5.0 350.0                            LAT/LON1/LON2/DLON/H
  842 9999 9999 9999 9999 9999  842 9999 9999 9999 9999 9999  842 9999 9999 9999
 9999 9999  281 9999 9999 9999 9999 9999  842                                   
    80.0 -60.0  60.0   5.0 350.0                            LAT/LON1/LON2/DLON/H
 9999 9999 9999 9999 9999 9999 9999 9999 9999 9999 9999 9999 9999 9999 9999 9999
 9999 9999 9999 9999 9999 9999 9999 9999 9999                                   
    75.0 -60.0  60.0   5.0 350.0                            LAT/LON1/LON2/DLON/H
  842 9999  842 9999  842 9999  281 9999  112 9999   51 9999   45 9999   45 9999
   45 9999   45 9999   51 9999   56 9999  281                                   
    70.0 -60.0  60.0   5.0 350.0                            LAT/LON1/LON2/DLON/H
  842 9999  842 9999  281 9999   56 9999   51 9999   45 9999   45 9999   45 9999
   45 9999   45 9999   45 9999   67 9999  281                                   
    65.0 -60.0  60.0   5.0 350.0                            LAT/LON1/LON2/DLON/H
 9999 9999  842 9999  842 9999   56 9999   67 9999   51 9999   45 9999   45 9999
   45 9999   45 9999   45 9999   67 9999  842                                   
    60.0 -60.0  60.0   5.0 350.0                            LAT/LON1/LON2/DLON/H
 9999  842  842  842  842  842  112   56   51   67   56   51   51   51   45   45
   45   45   45   45   45   56  281  842 9999                                   
    55.0 -60.0  60.0   5.0 350.0                            LAT/LON1/LON2/DLON/H
 9999  842  842  842  842  842  842  842   67   56   67   51   45   45   45   45
   45   45   45   45   67  281  842 9999 9999                                   
    50.0 -60.0  60.0   5.0 350.0                            LAT/LON1/LON2/DLON/H
 9999 9999  842  842  842 9999 9999  281   84   56   51   51   45   45   45   45
   45   45   45   51   56  842 9999 9999 9999                                   
    45.0 -60.0  60.0   5.0 350.0                            LAT/LON1/LON2/DLON/H
 9999 9999  842  842  842  842  112   84   56   51   45   45   45   45   45   45
   45   45   45   45   56  281  842 9999 9999                                   
    40.0 -60.0  60.0   5.0 350.0                            LAT/LON1/LON2/DLON/H
 9999 9999  842  842 9999   84   67   56   45   45   45   45   45   39   39   45
   39   39   39   45   67  842  842 9999 9999                                   
