70_EGNOS_Project/core/files/DebugFiles/y2018_d004_136.18I
     1.0            IONOSPHERE MAPS     GPS                 IONEX VERSION / TYPE
GINA 1.0            GINA Project        14-05-2019 09:29:01 PGM / RUN BY / DATE 
TEC values in 10e-1 [TEC] 9999, if no value available       COMMENT             
Infrastructure: Robert Bosch Kft., Budapest                 DESCRIPTION         
Creator: Balazs Lupsic                                      DESCRIPTION         
Contact adress: balazs.lupsic@hu.bosch.com                  DESCRIPTION         
Contact adress: balazs.lupsic@gmail.com                     DESCRIPTION         
  2018     1     4     8    47    30                        EPOCH OF FIRST MAP  
  2018     1     4    22    47    30                        EPOCH OF LAST MAP   
  3600                                                      INTERVAL            
    15                                                      # OF MAPS IN FILE   
   TBD                                                      MAPPING FUNCTION    
     0.0                                                    ELEVATION CUTOFF    
TEC is obtained from EGNOS                                  OBSERVABLES USED    
  6371.4                                                    BASE RADIUS         
     2                                                      MAP DIMENSION       
   350.0 350.0   0.0                                        HGT1 / HGT2 / DHGT  
    90.0  10.0  -5.0                                        LAT1 / LAT2 / DLAT  
   -60.0  60.0   5.0                                        LON1 / LON2 / DLON  
    -1                                                      EXPONENT            
                                                            END OF HEADER       
[from data line 432]
     4                                                      START OF TEC MAP    
  2018     1     4    12    47    30                        EPOCH OF CURRENT MAP
    90.0 -60.0  60.0   5.0 350.0                            LAT/LON1/LON2/DLON/H
 9999 9999 9999 9999 9999 9999 9999 9999 9999 9999 9999 9999 9999 9999 9999 9999
 9999 9999 9999 9999 9999 9999 9999 9999 9999                                   
    85.0 -60.0  60.0   5.0 350.0                            LAT/LON1/LON2/DLON/H
   38 9999 9999 9999 9999 9999   31 9999 9999 9999 9999 9999   23 9999 9999 9999
 9999 9999   38 9999 9999 9999 9999 9999   23                                   
    80.0 -60.0  60.0   5.0 350.0                            LAT/LON1/LON2/DLON/H
 9999 9999 9999 9999 9999 9999 9999 9999 9999 9999 9999 9999 9999 9999 9999 9999
 9999 9999 9999 9999 9999 9999 9999 9999 9999                                   
    75.0 -60.0  60.0   5.0 350.0                            LAT/LON1/LON2/DLON/H
   23 9999   54 9999   46 9999   31 9999   31 9999   23 9999   23 9999   23 9999
   23 9999   23 9999   23 9999   23 9999   23                                   
    70.0 -60.0  60.0   5.0 350.0                            LAT/LON1/LON2/DLON/H
 9999 9999   77 9999   46 9999   38 9999   38 9999   38 9999   23 9999   23 9999
   23 9999   23 9999   23 9999   23 9999   23                                   
    65.0 -60.0  60.0   5.0 350.0                            LAT/LON1/LON2/DLON/H
 9999 9999   62 9999   46 9999   62 9999   62 9999   54 9999   38 9999   31 9999
   31 9999   31 9999   31 9999   38 9999   46                                   
    60.0 -60.0  60.0   5.0 350.0                            LAT/LON1/LON2/DLON/H
   31   31   38   54   54   62   62   69   69   62   54   54   54   54   54   46
   38   38   46   46   46   46   54   54 9999                                   
    55.0 -60.0  60.0   5.0 350.0                            LAT/LON1/LON2/DLON/H
 9999 9999   46   54   23   23   31   69   69   69   62   54   62   62   62   62
   54   54   54   62   62   62   62 9999 9999                                   
    50.0 -60.0  60.0   5.0 350.0                            LAT/LON1/LON2/DLON/H
 9999 9999   54   85 9999 9999   77   77   85   85   77   62   62   62   69   69
   62   62   69   77   62   54  108 9999 9999                                   
    45.0 -60.0  60.0   5.0 350.0                            LAT/LON1/LON2/DLON/H
 9999 9999   85   77   69   77   85   85   92   85   77   62   62   69   69   69
   69   69   69   69   54   54 9999 9999 9999                                   
    40.0 -60.0  60.0   5.0 350.0                            LAT/LON1/LON2/DLON/H
 9999 9999   77   77   77   85   92   92   92   85   77   85   85   69   77   85
   85   92   85   77   77  154 9999 9999 9999                                   
    35.0 -60.0  60.0   5.0 350.0                            LAT/LON1/LON2/DLON/H
 9999 9999   85  100 9999  100  100   92   92  100  100  115  108   92   85   92
  100  100  100  100   92   92 9999 9999 9999                                   
    30.0 -60.0  60.0   5.0 350.0                            LAT/LON1/LON2/DLON/H
 9999 9999 9999 9999 9999  100   92  100  108  131  146  154  154  139  123  115
  100  100  100   92  115  115 9999 9999 9999                                   
    25.0 -60.0  60.0   5.0 350.0                            LAT/LON1/LON2/DLON/H
 9999 9999 9999 9999 9999 9999  115  154  162  177  208  339  370  231  216  185
  146  146  115  100  131  123 9999 9999 9999                                   
    20.0 -60.0  60.0   5.0 350.0                            LAT/LON1/LON2/DLON/H
 9999 9999 9999 9999 9999 9999  139  208  208  269  339  639  778  177  208  346
  285  239  208  200  185 9999 9999 9999 9999                                   
    15.0 -60.0  60.0   5.0 350.0                            LAT/LON1/LON2/DLON/H
 9999 9999 9999 9999 9999 9999 9999  277  239  246  254  223 9999 9999 9999 9999
 9999  346  231  192  162 9999 9999 9999 9999                                   
    10.0 -60.0  60.0   5.0 350.0                            LAT/LON1/LON2/DLON/H
 9999 9999 9999 9999 9999 9999 9999  185  185  185  162 9999 9999 9999 9999 9999
 9999 9999 9999 9999 9999 9999 9999 9999 9999                                   
     4                                                      END OF TEC MAP      
     4                                                      START OF RMS MAP    
  2018     1     4    12    47    30                        EPOCH OF CURRENT MAP
    90.0 -60.0  60.0   5.0 350.0                            LAT/LON1/LON2/DLON/H
 9999 9999 9999 9999 9999 9999 9999 9999 9999 9999 9999 9999 9999 9999 9999 9999
 9999 9999 9999 9999 9999 9999 9999 9999 9999                                   
    85.0 -60.0  60.0   5.0 350.0                            LAT/LON1/LON2/DLON/H
  842 9999 9999 9999 9999 9999  281 9999 9999 9999 9999 9999  281 9999 9999 9999
 9999 9999  842 9999 9999 9999 9999 9999  842                                   
    80.0 -60.0  60.0   5.0 350.0                            LAT/LON1/LON2/DLON/H
 9999 9999 9999 9999 9999 9999 9999 9999 9999 9999 9999 9999 9999 9999 9999 9999
 9999 9999 9999 9999 9999 9999 9999 9999 9999                                   
    75.0 -60.0  60.0   5.0 350.0                            LAT/LON1/LON2/DLON/H
  842 9999  842 9999  281 9999   84 9999   67 9999   56 9999   45 9999   45 9999
   45 9999   45 9999   51 9999   67 9999  281                                   
    70.0 -60.0  60.0   5.0 350.0                            LAT/LON1/LON2/DLON/H
 9999 9999  842 9999  281 9999   67 9999   51 9999   45 9999   45 9999   45 9999
   45 9999   45 9999   45 9999   56 9999  112                                   
    65.0 -60.0  60.0   5.0 350.0                            LAT/LON1/LON2/DLON/H
 9999 9999  842 9999  281 9999   56 9999   45 9999   45 9999   45 9999   45 9999
   39 9999   39 9999   45 9999   67 9999  281                                   
    60.0 -60.0  60.0   5.0 350.0                            LAT/LON1/LON2/DLON/H
  842  842  842  842  281   67   56   45   45   45   45   45   45   45   39   39
   39   39   39   39   45   56   84  842 9999                                   
    55.0 -60.0  60.0   5.0 350.0                            LAT/LON1/LON2/DLON/H
 9999 9999  842  842  842  842  281   84   56   51   51   51   51   45   45   45
   39   39   45   39   45   56  842 9999 9999                                   
    50.0 -60.0  60.0   5.0 350.0                            LAT/LON1/LON2/DLON/H
 9999 9999  842  842 9999 9999  842  281  112   67   56   51   51   45   51   45
   45   51   51   56   84  281  842 9999 9999                                   
    45.0 -60.0  60.0   5.0 350.0                            LAT/LON1/LON2/DLON/H
 9999 9999  842  842  842  842  281  281   84   51   51   51   45   45   45   45
   45   45   51   51   67  281 9999 9999 9999                                   
    40.0 -60.0  60.0   5.0 350.0                            LAT/LON1/LON2/DLON/H
 9999 9999  842  842  842  112   84   84   56   51   45   45   45   45   39   45
   45   45   45   45   84  842 9999 9999 9999                                   
    35.0 -60.0  60.0   5.0 350.0                            LAT/LON1/LON2/DLON/H
 9999 9999  842  842 9999   84   84   67   45   45   45   45   45   45   45   45
   45   45   45   45   67  842 9999 9999 9999                                   
    30.0 -60.0  60.0   5.0 350.0                            LAT/LON1/LON2/DLON/H
 9999 9999 9999 9999 9999  842  842   56   67   51   56   56   67   67   51   51
   56   56   67   84  281  842 9999 9999 9999                                   
    25.0 -60.0  60.0   5.0 350.0                            LAT/LON1/LON2/DLON/H
 9999 9999 9999 9999 9999 9999  842  281   67   56   84  281  842  842  842  281
  281   84   67  281  842  842 9999 9999 9999                                   
    20.0 -60.0  60.0   5.0 350.0                            LAT/LON1/LON2/DLON/H
 9999 9999 9999 9999 9999 9999  842  842  281  281  281  842  842  842  842  842
  842  842  281  842  842 9999 9999 9999 9999                                   
    15.0 -60.0  60.0   5.0 350.0                            LAT/LON1/LON2/DLON/H
 9999 9999 9999 9999 9999 9999 9999  842  281  112  842  281 9999 9999 9999 9999
 9999  842  842  842  842 9999 9999 9999 9999                                   
    10.0 -60.0  60.0   5.0 350.0                            LAT/LON1/LON2/DLON/H
 9999 9999 9999 9999 9999 9999 9999  842  842  842  281 9999 9999 9999 9999 9999
 9999 9999 9999 9999 9999 9999 9999 9999 9999                                   
     4                                                      END OF RMS MAP      
     5                                                      START OF TEC MAP    
  2018     1     4    13    47    30                        EPOCH OF CURRENT MAP
    90.0 -60.0  60.0   5.0 350.0                            LAT/LON1/LON2/DLON/H
 9999 9999 9999 9999 9999 9999 9999 9999 9999 9999 9999 9999 9999 9999 9999 9999
 9999 9999 9999 9999 9999 9999 9999 9999 9999                                   
    85.0 -60.0  60.0   5.0 350.0                            LAT/LON1/LON2/DLON/H
   23 9999 9999 9999 9999 9999   31 9999 9999 9999 9999 9999   23 9999 9999 9999
 9999 9999   23 9999 9999 9999 9999 9999   23                                   
    80.0 -60.0  60.0   5.0 350.0                            LAT/LON1/LON2/DLON/H
 9999 9999 9999 9999 9999 9999 9999 9999 9999 9999 9999 9999 9999 9999 9999 9999
 9999 9999 9999 9999 9999 9999 9999 9999 9999                                   
    75.0 -60.0  60.0   5.0 350.0                            LAT/LON1/LON2/DLON/H
   23 9999   23 9999   38 9999   54 9999   31 9999   23 9999   23 9999   23 9999
   23 9999   23 9999   23 9999   23 9999   31                                   
    70.0 -60.0  60.0   5.0 350.0                            LAT/LON1/LON2/DLON/H
 9999 9999   77 9999   62 9999   54 9999   46 9999   38 9999   23 9999   23 9999
   23 9999   23 9999   23 9999   23 9999   54                                   
    65.0 -60.0  60.0   5.0 350.0                            LAT/LON1/LON2/DLON/H
 9999 9999   38 9999   62 9999   62 9999   62 9999   54 9999   38 9999   31 9999
   31 9999   31 9999   31 9999   31 9999   54                                   
    60.0 -60.0  60.0   5.0 350.0                            LAT/LON1/LON2/DLON/H
   31   38   46   54   62   69   69   69   69   69   69   62   54   46   46   38
   38   38   46   46   54   46   46   46 9999                                   
    55.0 -60.0  60.0   5.0 350.0                            LAT/LON1/LON2/DLON/H
 9999   46   38   46   23   23   77   69   62   54   54   54   54   62   62   54
   54   54   62   69   54   38   31 9999 9999                                   
    50.0 -60.0  60.0   5.0 350.0                            LAT/LON1/LON2/DLON/H
 9999 9999   38   85 9999 9999   77   69   69   62   62   54   62   69   69   77
   69   77   85   85   62   46   92   54 9999                                   
    45.0 -60.0  60.0   5.0 350.0                            LAT/LON1/LON2/DLON/H
 9999 9999   85   77   69   69   85   77   69   69   62   62   62   69   77   77
   92   77   77   69   54   46 9999 9999 9999                                   
    40.0 -60.0  60.0   5.0 350.0                            LAT/LON1/LON2/DLON/H
 9999 9999   69   77   77  100   92   85   77   77   77   77   77   85   85   92
  100   92   85   77   77   54  100 9999 9999                                   
    35.0 -60.0  60.0   5.0 350.0                            LAT/LON1/LON2/DLON/H
 9999 9999   92  100 9999  108  108  100   92   92   92  100   92   92  100  100
  108  108  108  100   92   77  100 9999 9999                                   
    30.0 -60.0  60.0   5.0 350.0                            LAT/LON1/LON2/DLON/H
 9999 9999 9999 9999 9999  115  123  139  146  162  169  177  169   92  115  115
  115  108  108   85   85   92   77 9999 9999                                   
    25.0 -60.0  60.0   5.0 350.0                            LAT/LON1/LON2/DLON/H
 9999 9999 9999 9999 9999 9999  169  216  262  293  308  323  223   54  115  169
  154  139  115  108  100  115 9999 9999 9999                                   
    20.0 -60.0  60.0   5.0 350.0                            LAT/LON1/LON2/DLON/H
 9999 9999 9999 9999 9999 9999  216  246  269  262  277  300  778  177  208  554
  223  185  192  200  146  146 9999 9999 9999                                   
    15.0 -60.0  60.0   5.0 350.0                            LAT/LON1/LON2/DLON/H
 9999 9999 9999 9999 9999 9999 9999  277  239  223  269  223 9999 9999 9999 9999
 9999  246  231  192  162 9999 9999 9999 9999                                   
    10.0 -60.0  60.0   5.0 350.0                            LAT/LON1/LON2/DLON/H
 9999 9999 9999 9999 9999 9999 9999  185  185  185  162 9999 9999 9999 9999 9999
 9999 9999 9999 9999 9999 9999 9999 9999 9999                                   
     5                                                      END OF TEC MAP      
     5                                                      START OF RMS MAP    
  2018     1     4    13    47    30                        EPOCH OF CURRENT MAP
    90.0 -60.0  60.0   5.0 350.0                            LAT/LON1/LON2/DLON/H
 9999 9999 9999 9999 9999 9999 9999 9999 9999 9999 9999 9999 9999 9999 9999 9999
 9999 9999 9999 9999 9999 9999 9999 9999 9999                                   
    85.0 -60.0  60.0   5.0 350.0                            LAT/LON1/LON2/DLON/H
  842 9999 9999 9999 9999 9999  281 9999 9999 9999 9999 9999   67 9999 9999 9999
 9999 9999   67 9999 9999 9999 9999 9999  112                                   
    80.0 -60.0  60.0   5.0 350.0                            LAT/LON1/LON2/DLON/H
 9999 9999 9999 9999 9999 9999 9999 9999 9999 9999 9999 9999 9999 9999 9999 9999
 9999 9999 9999 9999 9999 9999 9999 9999 9999                                   
    75.0 -60.0  60.0   5.0 350.0                            LAT/LON1/LON2/DLON/H
  842 9999  842 9999  112 9999   51 9999   45 9999   45 9999   45 9999   45 9999
   45 9999   45 9999   51 9999   67 9999  281                                   
    70.0 -60.0  60.0   5.0 350.0                            LAT/LON1/LON2/DLON/H
 9999 9999  842 9999   84 9999   45 9999   39 9999   39 9999   45 9999   45 9999
   45 9999   45 9999   51 9999   67 9999  842                                   
    65.0 -60.0  60.0   5.0 350.0                            LAT/LON1/LON2/DLON/H
 9999 9999  281 9999   51 9999   45 9999   39 9999   45 9999   45 9999   45 9999
   45 9999   45 9999   51 9999   84 9999  842                                   
    60.0 -60.0  60.0   5.0 350.0                            LAT/LON1/LON2/DLON/H
  842  842  842  842  281   84   51   45   39   51   45   45   45   51   51   51
   51   51   51   56   67   67  281  842 9999                                   
    55.0 -60.0  60.0   5.0 350.0                            LAT/LON1/LON2/DLON/H
 9999  842  842  842  842  842  281   67   51   45   51   51   45   45   51   51
   51   51   56   67   56  281  842 9999 9999                                   
    50.0 -60.0  60.0   5.0 350.0                            LAT/LON1/LON2/DLON/H
 9999 9999  842  842 9999 9999  842  281   67   51   51   51   45   45   45   51
   51   51   67   67  281  842  842  842 9999                                   
    45.0 -60.0  60.0   5.0 350.0                            LAT/LON1/LON2/DLON/H
 9999 9999  842  842  842  842  281   84   67   51   51   45   51   45   45   45
   51   51   56   51   84  842 9999 9999 9999                                   
    40.0 -60.0  60.0   5.0 350.0                            LAT/LON1/LON2/DLON/H
 9999 9999  842  842  842   84   84   67   56   51   51   45   45   45   45   45
   45   51   51   67   67  281  842 9999 9999                                   
