70_EGNOS_Project/core/files/DebugFiles/y2019_d101_136.ion
     1.0            IONOSPHERE MAPS     GPS                 IONEX VERSION / TYPE
GINA 1.0            GINA Project        16-04-2019 06:20:17 PGM / RUN BY / DATE 
TEC values in 10e-1 [TEC] 9999, if no value available       COMMENT             
Infrastructure: Robert Bosch Kft., Budapest                 DESCRIPTION         
Creator: Balazs Lupsic                                      DESCRIPTION         
Contact adress: balazs.lupsic@hu.bosch.com                  DESCRIPTION         
Contact adress: balazs.lupsic@gmail.com                     DESCRIPTION         
  2019     4    11     0     0     0                        EPOCH OF FIRST MAP  
  2019     4    11     9     0     0                        EPOCH OF LAST MAP   
  3600                                                      INTERVAL            
    10                                                      # OF MAPS IN FILE   
   TBD                                                      MAPPING FUNCTION    
     0.0                                                    ELEVATION CUTOFF    
TEC is obtained from EGNOS                                  OBSERVABLES USED    
  6371.4                                                    BASE RADIUS         
     2                                                      MAP DIMENSION       
   350.0 350.0   0.0                                        HGT1 / HGT2 / DHGT  
    90.0  10.0  -5.0                                        LAT1 / LAT2 / DLAT  
   -60.0  60.0   5.0                                        LON1 / LON2 / DLON  
    -1                                                      EXPONENT            
                                                            END OF HEADER       
[from data line 864]
     8                                                      START OF TEC MAP    
  2019     4    11     8     0     0                        EPOCH OF CURRENT MAP
    90.0 -60.0  60.0   5.0 350.0                            LAT/LON1/LON2/DLON/H
 9999 9999 9999 9999 9999 9999 9999 9999 9999 9999 9999 9999 9999 9999 9999 9999
 9999 9999 9999 9999 9999 9999 9999 9999 9999                                   
    85.0 -60.0  60.0   5.0 350.0                            LAT/LON1/LON2/DLON/H
   77 9999 9999 9999 9999 9999   92 9999 9999 9999 9999 9999   77 9999 9999 9999
 9999 9999   62 9999 9999 9999 9999 9999   62                                   
    80.0 -60.0  60.0   5.0 350.0                            LAT/LON1/LON2/DLON/H
 9999 9999 9999 9999 9999 9999 9999 9999 9999 9999 9999 9999 9999 9999 9999 9999
 9999 9999 9999 9999 9999 9999 9999 9999 9999                                   
    75.0 -60.0  60.0   5.0 350.0                            LAT/LON1/LON2/DLON/H
   38 9999   54 9999   62 9999   54 9999   62 9999   69 9999   69 9999   62 9999
   62 9999   62 9999   62 9999   77 9999   92                                   
    70.0 -60.0  60.0   5.0 350.0                            LAT/LON1/LON2/DLON/H
   38 9999   85 9999   69 9999   69 9999   77 9999   85 9999   69 9999   62 9999
   62 9999   69 9999   77 9999   92 9999  100                                   
    65.0 -60.0  60.0   5.0 350.0                            LAT/LON1/LON2/DLON/H
 9999 9999   85 9999   69 9999   69 9999   69 9999   69 9999   69 9999   62 9999
   54 9999   62 9999   77 9999   85 9999  100                                   
    60.0 -60.0  60.0   5.0 350.0                            LAT/LON1/LON2/DLON/H
   23   23   31   62   69   69   62   62   54   54   54   54   54   54   54   54
   54   62   69   69   77   85   92  108  115                                   
    55.0 -60.0  60.0   5.0 350.0                            LAT/LON1/LON2/DLON/H
 9999   23   23   23   23   62   54   54   54   54   54   54   54   54   54   62
   62   69   77   85   92  100  108   85 9999                                   
    50.0 -60.0  60.0   5.0 350.0                            LAT/LON1/LON2/DLON/H
 9999 9999   31   23   23 9999   69   69   62   54   54   62   69   69   69   69
   69   77   92  108  108  100  131   92 9999                                   
    45.0 -60.0  60.0   5.0 350.0                            LAT/LON1/LON2/DLON/H
 9999 9999   62   46   38   62   77   69   62   54   54   62   69   69   77   77
   77   85  100  108  108  100   54 9999 9999                                   
    40.0 -60.0  60.0   5.0 350.0                            LAT/LON1/LON2/DLON/H
 9999 9999   31   38   38   54   62   62   62   62   62   69   77   77   85   92
   85   85  100  123  123  139  108 9999 9999                                   
    35.0 -60.0  60.0   5.0 350.0                            LAT/LON1/LON2/DLON/H
 9999 9999   46   62   38   54   62   62   62   62   69   85   92  100  100  108
  115  123  131  146  146  177  231 9999 9999                                   
    30.0 -60.0  60.0   5.0 350.0                            LAT/LON1/LON2/DLON/H
 9999 9999 9999 9999 9999   69   77   69   77   77   85  100  108  115  123  131
  154  169  177  177  169  192  200 9999 9999                                   
    25.0 -60.0  60.0   5.0 350.0                            LAT/LON1/LON2/DLON/H
 9999 9999 9999 9999 9999   62   31   69   85   92  100  108  100  131  139  162
  177  192  216  223  239  308  185 9999 9999                                   
    20.0 -60.0  60.0   5.0 350.0                            LAT/LON1/LON2/DLON/H
 9999 9999 9999 9999 9999 9999   38   69   85   92   92   85   92   54   46   77
  200  216  262  316  354  439 9999 9999 9999                                   
    15.0 -60.0  60.0   5.0 350.0                            LAT/LON1/LON2/DLON/H
 9999 9999 9999 9999 9999 9999 9999   69   85   92   85   23   62 9999 9999   77
   92  239  269  254  208 9999 9999 9999 9999                                   
    10.0 -60.0  60.0   5.0 350.0                            LAT/LON1/LON2/DLON/H
 9999 9999 9999 9999 9999 9999 9999   62   62   69   54 9999 9999 9999 9999 9999
 9999 9999 9999 9999 9999 9999 9999 9999 9999                                   
     8                                                      END OF TEC MAP      
     8                                                      START OF RMS MAP    
  2019     4    11     8     0     0                        EPOCH OF CURRENT MAP
    90.0 -60.0  60.0   5.0 350.0                            LAT/LON1/LON2/DLON/H
 9999 9999 9999 9999 9999 9999 9999 9999 9999 9999 9999 9999 9999 9999 9999 9999
 9999 9999 9999 9999 9999 9999 9999 9999 9999                                   
    85.0 -60.0  60.0   5.0 350.0                            LAT/LON1/LON2/DLON/H
  842 9999 9999 9999 9999 9999  281 9999 9999 9999 9999 9999  112 9999 9999 9999
 9999 9999  281 9999 9999 9999 9999 9999  842                                   
    80.0 -60.0  60.0   5.0 350.0                            LAT/LON1/LON2/DLON/H
 9999 9999 9999 9999 9999 9999 9999 9999 9999 9999 9999 9999 9999 9999 9999 9999
 9999 9999 9999 9999 9999 9999 9999 9999 9999                                   
    75.0 -60.0  60.0   5.0 350.0                            LAT/LON1/LON2/DLON/H
  842 9999  281 9999  112 9999   67 9999   51 9999   45 9999   45 9999   45 9999
   45 9999   45 9999   51 9999   84 9999  842                                   
    70.0 -60.0  60.0   5.0 350.0                            LAT/LON1/LON2/DLON/H
  842 9999  281 9999   84 9999   51 9999   45 9999   45 9999   45 9999   45 9999
   45 9999   45 9999   51 9999   84 9999  842                                   
    65.0 -60.0  60.0   5.0 350.0                            LAT/LON1/LON2/DLON/H
 9999 9999  842 9999   84 9999   51 9999   45 9999   45 9999   45 9999   45 9999
   45 9999   45 9999   45 9999  112 9999  842                                   
    60.0 -60.0  60.0   5.0 350.0                            LAT/LON1/LON2/DLON/H
  842  842  842  842  842  112   56   51   45   51   45   45   45   45   45   45
   45   45   45   45   45   84  281  842  842                                   
    55.0 -60.0  60.0   5.0 350.0                            LAT/LON1/LON2/DLON/H
 9999  842  842  842  842  842  842   84   56   51   51   45   45   45   45   39
   39   39   39   51   67  112  842  842 9999                                   
    50.0 -60.0  60.0   5.0 350.0                            LAT/LON1/LON2/DLON/H
 9999 9999  842  842  842 9999  842  281   67   51   51   45   45   45   39   39
   45   56   84  842  842  842  842  842 9999                                   
    45.0 -60.0  60.0   5.0 350.0                            LAT/LON1/LON2/DLON/H
 9999 9999  842  842  842  842   84   84   56   51   45   45   45   45   39   45
   45   56   84  112  112  281  842 9999 9999                                   
    40.0 -60.0  60.0   5.0 350.0                            LAT/LON1/LON2/DLON/H
 9999 9999  842  842  281  281   67   56   51   45   45   45   45   39   45   45
   51   51   56   56  112  112  842 9999 9999                                   
    35.0 -60.0  60.0   5.0 350.0                            LAT/LON1/LON2/DLON/H
 9999 9999  842  842  842   84   84   51   45   45   39   45   45   45   39   45
   45   51   51   56   67  842  842 9999 9999                                   
    30.0 -60.0  60.0   5.0 350.0                            LAT/LON1/LON2/DLON/H
 9999 9999 9999 9999 9999  842  281   56   51   39   45   45   56   84   45   39
   45   51   56   56  112  842  842 9999 9999                                   
    25.0 -60.0  60.0   5.0 350.0                            LAT/LON1/LON2/DLON/H
 9999 9999 9999 9999 9999  842  842   84   45   39   45  281  842  842  842  842
  112   84   56   67  281  842  842 9999 9999                                   
    20.0 -60.0  60.0   5.0 350.0                            LAT/LON1/LON2/DLON/H
 9999 9999 9999 9999 9999 9999  842  842   67   67  281  842  842  842  842  842
  842  281  842  281  281  842 9999 9999 9999                                   
    15.0 -60.0  60.0   5.0 350.0                            LAT/LON1/LON2/DLON/H
 9999 9999 9999 9999 9999 9999 9999  842  281  281  281  842  842 9999 9999  842
  842  842  842  842  842 9999 9999 9999 9999                                   
    10.0 -60.0  60.0   5.0 350.0                            LAT/LON1/LON2/DLON/H
 9999 9999 9999 9999 9999 9999 9999  842  842  842  842 9999 9999 9999 9999 9999
 9999 9999 9999 9999 9999 9999 9999 9999 9999                                   
     8                                                      END OF RMS MAP      
     9                                                      START OF TEC MAP    
  2019     4    11     9     0     0                        EPOCH OF CURRENT MAP
    90.0 -60.0  60.0   5.0 350.0                            LAT/LON1/LON2/DLON/H
 9999 9999 9999 9999 9999 9999 9999 9999 9999 9999 9999 9999 9999 9999 9999 9999
 9999 9999 9999 9999 9999 9999 9999 9999 9999                                   
    85.0 -60.0  60.0   5.0 350.0                            LAT/LON1/LON2/DLON/H
   92 9999 9999 9999 9999 9999   62 9999 9999 9999 9999 9999   69 9999 9999 9999
 9999 9999   69 9999 9999 9999 9999 9999   62                                   
    80.0 -60.0  60.0   5.0 350.0                            LAT/LON1/LON2/DLON/H
 9999 9999 9999 9999 9999 9999 9999 9999 9999 9999 9999 9999 9999 9999 9999 9999
 9999 9999 9999 9999 9999 9999 9999 9999 9999                                   
    75.0 -60.0  60.0   5.0 350.0                            LAT/LON1/LON2/DLON/H
   38 9999   77 9999   38 9999   54 9999   69 9999   85 9999   77 9999   69 9999
   62 9999   62 9999   69 9999   77 9999   85                                   
    70.0 -60.0  60.0   5.0 350.0                            LAT/LON1/LON2/DLON/H
   38 9999   85 9999   69 9999   69 9999   85 9999   77 9999   69 9999   62 9999
   62 9999   62 9999   69 9999   77 9999   85                                   
    65.0 -60.0  60.0   5.0 350.0                            LAT/LON1/LON2/DLON/H
 9999 9999   77 9999   77 9999   77 9999   77 9999   69 9999   62 9999   62 9999
   69 9999   77 9999   85 9999   77 9999   85                                   
    60.0 -60.0  60.0   5.0 350.0                            LAT/LON1/LON2/DLON/H
   23   69   62   62   62   69   69   69   69   69   69   62   62   62   62   62
   69   77   85   92   92   85   85   77   85                                   
    55.0 -60.0  60.0   5.0 350.0                            LAT/LON1/LON2/DLON/H
 9999   23   46   46   54   54   54   54   54   54   54   54   62   77   77   69
   69   85   92  100  100  100  100   85 9999                                   
    50.0 -60.0  60.0   5.0 350.0                            LAT/LON1/LON2/DLON/H
 9999 9999   54   38   46   54   46   62   62   54   62   69   77   85   92   92
   92  100  108  115  108  108  131   92 9999                                   
    45.0 -60.0  60.0   5.0 350.0                            LAT/LON1/LON2/DLON/H
 9999 9999   38   31   38   54   69   62   62   62   69   77   85   92  100  100
  100  100  100  108  115   85   54 9999 9999                                   
    40.0 -60.0  60.0   5.0 350.0                            LAT/LON1/LON2/DLON/H
 9999 9999   31   38   38   54   62   69   69   77   77   85   92  100  108  108
  100  108  108  123  139  131  177 9999 9999                                   
    35.0 -60.0  60.0   5.0 350.0                            LAT/LON1/LON2/DLON/H
 9999 9999   46   62   38   69   69   77   85   85   92   92  100  115  123  131
  131  146  154  162  162  169  231 9999 9999                                   
    30.0 -60.0  60.0   5.0 350.0                            LAT/LON1/LON2/DLON/H
 9999 9999 9999 9999 9999   92   85   85   92  100  108  115  123  131  139  154
  169  192  216  231  231  216  200 9999 9999                                   
    25.0 -60.0  60.0   5.0 350.0                            LAT/LON1/LON2/DLON/H
 9999 9999 9999 9999 9999   92  100   85  100  108  123  139  154  162  162  177
  216  254  285  316  323  308  185 9999 9999                                   
    20.0 -60.0  60.0   5.0 350.0                            LAT/LON1/LON2/DLON/H
 9999 9999 9999 9999 9999 9999   85  108  115  123  146  169  177  192   46   77
  246  277  354  331  354  439 9999 9999 9999                                   
    15.0 -60.0  60.0   5.0 350.0                            LAT/LON1/LON2/DLON/H
 9999 9999 9999 9999 9999 9999 9999   77  100  146  169   23   62 9999 9999   77
   92  146  269  254  208 9999 9999 9999 9999                                   
    10.0 -60.0  60.0   5.0 350.0                            LAT/LON1/LON2/DLON/H
 9999 9999 9999 9999 9999 9999 9999   62   62   69   54 9999 9999 9999 9999 9999
 9999 9999 9999 9999 9999 9999 9999 9999 9999                                   
     9                                                      END OF TEC MAP      
     9                                                      START OF RMS MAP    
  2019     4    11     9     0     0                        EPOCH OF CURRENT MAP
    90.0 -60.0  60.0   5.0 350.0                            LAT/LON1/LON2/DLON/H
 9999 9999 9999 9999 9999 9999 9999 9999 9999 9999 9999 9999 9999 9999 9999 9999
 9999 9999 9999 9999 9999 9999 9999 9999 9999                                   
    85.0 -60.0  60.0   5.0 350.0                            LAT/LON1/LON2/DLON/H
  842 9999 9999 9999 9999 9999  842 9999 9999 9999 9999 9999  281 9999 9999 9999
 9999 9999  281 9999 9999 9999 9999 9999  281                                   
    80.0 -60.0  60.0   5.0 350.0                            LAT/LON1/LON2/DLON/H
 9999 9999 9999 9999 9999 9999 9999 9999 9999 9999 9999 9999 9999 9999 9999 9999
 9999 9999 9999 9999 9999 9999 9999 9999 9999                                   
    75.0 -60.0  60.0   5.0 350.0                            LAT/LON1/LON2/DLON/H
  842 9999  842 9999  842 9999  281 9999   84 9999   67 9999   56 9999   45 9999
   45 9999   45 9999   45 9999   45 9999   84                                   
    70.0 -60.0  60.0   5.0 350.0                            LAT/LON1/LON2/DLON/H
  842 9999  842 9999  842 9999   84 9999   56 9999   51 9999   45 9999   45 9999
   45 9999   45 9999   39 9999   51 9999  112                                   
    65.0 -60.0  60.0   5.0 350.0                            LAT/LON1/LON2/DLON/H
 9999 9999  842 9999  281 9999   67 9999   56 9999   45 9999   45 9999   45 9999
   45 9999   45 9999   45 9999   51 9999  281                                   
    60.0 -60.0  60.0   5.0 350.0                            LAT/LON1/LON2/DLON/H
  842  842  842  842  842  281   56   51   45   45   45   45   45   45   45   45
   45   45   45   45   51   67  281  842  842                                   
    55.0 -60.0  60.0   5.0 350.0                            LAT/LON1/LON2/DLON/H
 9999  842  842  842  842  842  842   56   45   45   45   45   45   45   45   45
   45   45   45   51   84  112  842  842 9999                                   
    50.0 -60.0  60.0   5.0 350.0                            LAT/LON1/LON2/DLON/H
 9999 9999  842  842  842  842  842  281   67   45   45   45   45   45   45   45
   45   45   51   84  842  842  842  842 9999                                   
    45.0 -60.0  60.0   5.0 350.0                            LAT/LON1/LON2/DLON/H
 9999 9999  842  842  842  842  112   84   56   45   45   45   45   45   45   45
   45   45   45   51  281  842  842 9999 9999                                   
    40.0 -60.0  60.0   5.0 350.0                            LAT/LON1/LON2/DLON/H
 9999 9999  842  842  281  281   67   51   45   45   45   45   45   45   45   45
   45   45   45   45   56  281  842 9999 9999                                   
