70_EGNOS_Project/core/files/DebugFiles/y2019_d101_136.ion
     1.0            IONOSPHERE MAPS     GPS                 IONEX VERSION / TYPE
GINA 1.0            GINA Project        16-04-2019 06:20:17 PGM / RUN BY / DATE 
TEC values in 10e-1 [TEC] 9999, if no value available       COMMENT             
Infrastructure: Robert Bosch Kft., Budapest                 DESCRIPTION         
Creator: Balazs Lupsic                                      DESCRIPTION         
Contact adress: balazs.lupsic@hu.bosch.com                  DESCRIPTION         
Contact adress: balazs.lupsic@gmail.com                     DESCRIPTION         
  2019     4    11     0     0     0                        EPOCH OF FIRST MAP  
  2019     4    11     9     0     0                        EPOCH OF LAST MAP   
  3600                                                      INTERVAL            
    10                                                      # OF MAPS IN FILE   
   TBD                                                      MAPPING FUNCTION    
     0.0                                                    ELEVATION CUTOFF    
TEC is obtained from EGNOS                                  OBSERVABLES USED    
  6371.4                                                    BASE RADIUS         
     2                                                      MAP DIMENSION       
   350.0 350.0   0.0                                        HGT1 / HGT2 / DHGT  
    90.0  10.0  -5.0                                        LAT1 / LAT2 / DLAT  
   -60.0  60.0   5.0                                        LON1 / LON2 / DLON  
    -1                                                      EXPONENT            
                                                            END OF HEADER       
[from data line 648]
     6                                                      START OF TEC MAP    
  2019     4    11     6     0     0                        EPOCH OF CURRENT MAP
    90.0 -60.0  60.0   5.0 350.0                            LAT/LON1/LON2/DLON/H
 9999 9999 9999 9999 9999 9999 9999 9999 9999 9999 9999 9999 9999 9999 9999 9999
 9999 9999 9999 9999 9999 9999 9999 9999 9999                                   
    85.0 -60.0  60.0   5.0 350.0                            LAT/LON1/LON2/DLON/H
   62 9999 9999 9999 9999 9999   77 9999 9999 9999 9999 9999   77 9999 9999 9999
 9999 9999   69 9999 9999 9999 9999 9999   85                                   
    80.0 -60.0  60.0   5.0 350.0                            LAT/LON1/LON2/DLON/H
 9999 9999 9999 9999 9999 9999 9999 9999 9999 9999 9999 9999 9999 9999 9999 9999
 9999 9999 9999 9999 9999 9999 9999 9999 9999                                   
    75.0 -60.0  60.0   5.0 350.0                            LAT/LON1/LON2/DLON/H
   38 9999   23 9999   69 9999   62 9999   62 9999   46 9999   46 9999   46 9999
   46 9999   54 9999   54 9999   62 9999   92                                   
    70.0 -60.0  60.0   5.0 350.0                            LAT/LON1/LON2/DLON/H
   38 9999   23 9999   69 9999   62 9999   54 9999   54 9999   54 9999   54 9999
   54 9999   54 9999   62 9999   77 9999   92                                   
    65.0 -60.0  60.0   5.0 350.0                            LAT/LON1/LON2/DLON/H
 9999 9999   23 9999   62 9999   62 9999   54 9999   46 9999   38 9999   38 9999
   46 9999   54 9999   69 9999   85 9999   77                                   
    60.0 -60.0  60.0   5.0 350.0                            LAT/LON1/LON2/DLON/H
   23   23   31   38   46   46   46   38   31   23   23   23   23   31   38   38
   46   54   62   69   77   85   77   85 9999                                   
    55.0 -60.0  60.0   5.0 350.0                            LAT/LON1/LON2/DLON/H
 9999   23   23   23   23   23   46   31   23   23   23   23   23   31   38   46
   54   54   69   85   92  131   77   85 9999                                   
    50.0 -60.0  60.0   5.0 350.0                            LAT/LON1/LON2/DLON/H
 9999 9999   31   38   23 9999   46   46   38   31   31   23   31   38   46   54
   62   69   69   85   85   77   85   92 9999                                   
    45.0 -60.0  60.0   5.0 350.0                            LAT/LON1/LON2/DLON/H
 9999 9999   46   23   38   31   38   38   38   38   38   31   38   54   62   62
   69   77   85   85   92   92   54 9999 9999                                   
    40.0 -60.0  60.0   5.0 350.0                            LAT/LON1/LON2/DLON/H
 9999 9999   31   54   38   46   38   38   31   31   38   38   54   62   62   69
   77   85   92   92  100  108  108 9999 9999                                   
    35.0 -60.0  60.0   5.0 350.0                            LAT/LON1/LON2/DLON/H
 9999 9999   54   62   62   54   54   46   46   38   38   46   54   69   77   85
  100  100  108  108  108  123  146 9999 9999                                   
    30.0 -60.0  60.0   5.0 350.0                            LAT/LON1/LON2/DLON/H
 9999 9999 9999 9999 9999   54   38   46   46   46   46   46   54   69   85   92
  108  108  115  123  123  131  200 9999 9999                                   
    25.0 -60.0  60.0   5.0 350.0                            LAT/LON1/LON2/DLON/H
 9999 9999 9999 9999 9999   62   38   54   38   31   38   46   62   62   77   85
   92   92  108  131  139  139 9999 9999 9999                                   
    20.0 -60.0  60.0   5.0 350.0                            LAT/LON1/LON2/DLON/H
 9999 9999 9999 9999 9999 9999   38   38   38   31   38   54   92   54   46   77
   92   92  100   92  154 9999 9999 9999 9999                                   
    15.0 -60.0  60.0   5.0 350.0                            LAT/LON1/LON2/DLON/H
 9999 9999 9999 9999 9999 9999 9999   54   46   46   46   69   62 9999 9999   77
   92  100   77   92   69 9999 9999 9999 9999                                   
    10.0 -60.0  60.0   5.0 350.0                            LAT/LON1/LON2/DLON/H
 9999 9999 9999 9999 9999 9999 9999   62   38   46   54 9999 9999 9999 9999 9999
 9999 9999 9999 9999 9999 9999 9999 9999 9999                                   
     6                                                      END OF TEC MAP      
     6                                                      START OF RMS MAP    
  2019     4    11     6     0     0                        EPOCH OF CURRENT MAP
    90.0 -60.0  60.0   5.0 350.0                            LAT/LON1/LON2/DLON/H
 9999 9999 9999 9999 9999 9999 9999 9999 9999 9999 9999 9999 9999 9999 9999 9999
 9999 9999 9999 9999 9999 9999 9999 9999 9999                                   
    85.0 -60.0  60.0   5.0 350.0                            LAT/LON1/LON2/DLON/H
  842 9999 9999 9999 9999 9999  842 9999 9999 9999 9999 9999  112 9999 9999 9999
 9999 9999  281 9999 9999 9999 9999 9999  842                                   
    80.0 -60.0  60.0   5.0 350.0                            LAT/LON1/LON2/DLON/H
 9999 9999 9999 9999 9999 9999 9999 9999 9999 9999 9999 9999 9999 9999 9999 9999
 9999 9999 9999 9999 9999 9999 9999 9999 9999                                   
    75.0 -60.0  60.0   5.0 350.0                            LAT/LON1/LON2/DLON/H
  842 9999  842 9999  842 9999   67 9999   56 9999   51 9999   45 9999   45 9999
   45 9999   45 9999   45 9999   51 9999  112                                   
    70.0 -60.0  60.0   5.0 350.0                            LAT/LON1/LON2/DLON/H
  842 9999  842 9999  281 9999   51 9999   39 9999   45 9999   45 9999   45 9999
   45 9999   45 9999   45 9999   45 9999  281                                   
    65.0 -60.0  60.0   5.0 350.0                            LAT/LON1/LON2/DLON/H
 9999 9999  842 9999  112 9999   51 9999   45 9999   45 9999   45 9999   45 9999
   45 9999   39 9999   39 9999   51 9999  842                                   
    60.0 -60.0  60.0   5.0 350.0                            LAT/LON1/LON2/DLON/H
  842  842  842  842  842  281   51   51   45   45   45   45   45   45   45   45
   45   39   39   39   45   67  842  842 9999                                   
    55.0 -60.0  60.0   5.0 350.0                            LAT/LON1/LON2/DLON/H
 9999  842  842  842  842  842  281  281   67   45   51   45   45   45   45   45
   45   45   45   51   67  842  842  842 9999                                   
    50.0 -60.0  60.0   5.0 350.0                            LAT/LON1/LON2/DLON/H
 9999 9999  842  842  842 9999  842  842   84   51   45   45   45   45   45   45
   45   45   45  112  842  842  842  842 9999                                   
    45.0 -60.0  60.0   5.0 350.0                            LAT/LON1/LON2/DLON/H
 9999 9999  842  842  842  842  281  112   51   45   45   45   45   45   45   39
   45   45   51   67  842  281  842 9999 9999                                   
    40.0 -60.0  60.0   5.0 350.0                            LAT/LON1/LON2/DLON/H
 9999 9999  842  842  842  281   67   51   45   45   45   45   45   39   39   39
   45   39   45   56   84  281  842 9999 9999                                   
    35.0 -60.0  60.0   5.0 350.0                            LAT/LON1/LON2/DLON/H
 9999 9999  842  842  842   67   45   45   39   39   45   45   45   39   39   39
   45   45   51   56   67  281  842 9999 9999                                   
    30.0 -60.0  60.0   5.0 350.0                            LAT/LON1/LON2/DLON/H
 9999 9999 9999 9999 9999  842  281   39   45   45   45   45   51   51   45   51
   56   56   67   67   84  842  842 9999 9999                                   
    25.0 -60.0  60.0   5.0 350.0                            LAT/LON1/LON2/DLON/H
 9999 9999 9999 9999 9999  842  842   51   45   45   45  112  842  842  281  842
  842  281  281  112  281  842 9999 9999 9999                                   
    20.0 -60.0  60.0   5.0 350.0                            LAT/LON1/LON2/DLON/H
 9999 9999 9999 9999 9999 9999  842  281   51   56   67  281  842  842  842  842
  842  842  112  281  842 9999 9999 9999 9999                                   
    15.0 -60.0  60.0   5.0 350.0                            LAT/LON1/LON2/DLON/H
 9999 9999 9999 9999 9999 9999 9999  842   56  112  281  281  842 9999 9999  842
  842  842  281  842  842 9999 9999 9999 9999                                   
    10.0 -60.0  60.0   5.0 350.0                            LAT/LON1/LON2/DLON/H
 9999 9999 9999 9999 9999 9999 9999  842  842  842  842 9999 9999 9999 9999 9999
 9999 9999 9999 9999 9999 9999 9999 9999 9999                                   
     6                                                      END OF RMS MAP      
     7                                                      START OF TEC MAP    
  2019     4    11     7     0     0                        EPOCH OF CURRENT MAP
    90.0 -60.0  60.0   5.0 350.0                            LAT/LON1/LON2/DLON/H
 9999 9999 9999 9999 9999 9999 9999 9999 9999 9999 9999 9999 9999 9999 9999 9999
 9999 9999 9999 9999 9999 9999 9999 9999 9999                                   
    85.0 -60.0  60.0   5.0 350.0                            LAT/LON1/LON2/DLON/H
   54 9999 9999 9999 9999 9999   92 9999 9999 9999 9999 9999   85 9999 9999 9999
 9999 9999   77 9999 9999 9999 9999 9999   92                                   
    80.0 -60.0  60.0   5.0 350.0                            LAT/LON1/LON2/DLON/H
 9999 9999 9999 9999 9999 9999 9999 9999 9999 9999 9999 9999 9999 9999 9999 9999
 9999 9999 9999 9999 9999 9999 9999 9999 9999                                   
    75.0 -60.0  60.0   5.0 350.0                            LAT/LON1/LON2/DLON/H
   38 9999   23 9999   62 9999   54 9999   54 9999   54 9999   62 9999   62 9999
   62 9999   62 9999   69 9999   77 9999   85                                   
    70.0 -60.0  60.0   5.0 350.0                            LAT/LON1/LON2/DLON/H
   38 9999   23 9999   69 9999   69 9999   69 9999   69 9999   62 9999   54 9999
   54 9999   62 9999   69 9999   77 9999   92                                   
    65.0 -60.0  60.0   5.0 350.0                            LAT/LON1/LON2/DLON/H
 9999 9999   23 9999   69 9999   62 9999   62 9999   69 9999   62 9999   54 9999
   54 9999   62 9999   69 9999   69 9999   77                                   
    60.0 -60.0  60.0   5.0 350.0                            LAT/LON1/LON2/DLON/H
   23   23   31   38   46   46   46   46   46   46   46   46   46   54   54   54
   54   62   69   69   77   77   85   92 9999                                   
    55.0 -60.0  60.0   5.0 350.0                            LAT/LON1/LON2/DLON/H
 9999   23   23   23   23   23   23   23   31   38   38   46   46   46   54   54
   62   69   77   77  100   92   92   85 9999                                   
    50.0 -60.0  60.0   5.0 350.0                            LAT/LON1/LON2/DLON/H
 9999 9999   31   23   23 9999   54   31   38   46   46   38   54   54   54   62
   69   69   77   77   92  100   85   92 9999                                   
    45.0 -60.0  60.0   5.0 350.0                            LAT/LON1/LON2/DLON/H
 9999 9999   46   23   38   46   38   38   38   38   38   38   54   62   69   77
   77   77   77   92   92   54   54 9999 9999                                   
    40.0 -60.0  60.0   5.0 350.0                            LAT/LON1/LON2/DLON/H
 9999 9999   31   54   38   38   38   38   31   38   38   54   69   77   77   85
   85   92   92  108  115  139  108 9999 9999                                   
    35.0 -60.0  60.0   5.0 350.0                            LAT/LON1/LON2/DLON/H
 9999 9999   46   62   62   46   46   46   46   54   62   77   85   92   92  100
  108  108  115  115  123  169  146 9999 9999                                   
    30.0 -60.0  60.0   5.0 350.0                            LAT/LON1/LON2/DLON/H
 9999 9999 9999 9999 9999   54   38   38   46   62   69   85  100  108  115  123
  123  139  146  154  139  192  200 9999 9999                                   
    25.0 -60.0  60.0   5.0 350.0                            LAT/LON1/LON2/DLON/H
 9999 9999 9999 9999 9999   62   31   54   38   54   69   85   77   69   85   92
  131  139  146  154  146  139  185 9999 9999                                   
    20.0 -60.0  60.0   5.0 350.0                            LAT/LON1/LON2/DLON/H
 9999 9999 9999 9999 9999 9999   38   31   38   62   69   69   92   54   46   77
   92   92  177  216  192  208 9999 9999 9999                                   
    15.0 -60.0  60.0   5.0 350.0                            LAT/LON1/LON2/DLON/H
 9999 9999 9999 9999 9999 9999 9999   38   46   62   62   23   62 9999 9999   77
   92  100  208  262  269 9999 9999 9999 9999                                   
    10.0 -60.0  60.0   5.0 350.0                            LAT/LON1/LON2/DLON/H
 9999 9999 9999 9999 9999 9999 9999   62   23   23   54 9999 9999 9999 9999 9999
 9999 9999 9999 9999 9999 9999 9999 9999 9999                                   
     7                                                      END OF TEC MAP      
     7                                                      START OF RMS MAP    
  2019     4    11     7     0     0                        EPOCH OF CURRENT MAP
    90.0 -60.0  60.0   5.0 350.0                            LAT/LON1/LON2/DLON/H
 9999 9999 9999 9999 9999 9999 9999 9999 9999 9999 9999 9999 9999 9999 9999 9999
 9999 9999 9999 9999 9999 9999 9999 9999 9999                                   
    85.0 -60.0  60.0   5.0 350.0                            LAT/LON1/LON2/DLON/H
  842 9999 9999 9999 9999 9999  842 9999 9999 9999 9999 9999  281 9999 9999 9999
 9999 9999  281 9999 9999 9999 9999 9999  842                                   
    80.0 -60.0  60.0   5.0 350.0                            LAT/LON1/LON2/DLON/H
 9999 9999 9999 9999 9999 9999 9999 9999 9999 9999 9999 9999 9999 9999 9999 9999
 9999 9999 9999 9999 9999 9999 9999 9999 9999                                   
    75.0 -60.0  60.0   5.0 350.0                            LAT/LON1/LON2/DLON/H
  842 9999  842 9999  281 9999   51 9999   51 9999   45 9999   45 9999   45 9999
   45 9999   45 9999   45 9999   67 9999  281                                   
    70.0 -60.0  60.0   5.0 350.0                            LAT/LON1/LON2/DLON/H
  842 9999  842 9999  281 9999   39 9999   39 9999   45 9999   45 9999   45 9999
   45 9999   45 9999   45 9999   67 9999  842                                   
    65.0 -60.0  60.0   5.0 350.0                            LAT/LON1/LON2/DLON/H
 9999 9999  842 9999   67 9999   45 9999   45 9999   51 9999   45 9999   45 9999
   45 9999   45 9999   45 9999   84 9999  842                                   
    60.0 -60.0  60.0   5.0 350.0                            LAT/LON1/LON2/DLON/H
  842  842  842  842  842  281   56   56   51   51   51   45   45   45   45   45
   45   45   45   45   51  281  281  842 9999                                   
    55.0 -60.0  60.0   5.0 350.0                            LAT/LON1/LON2/DLON/H
 9999  842  842  842  842  842  842   84   67   51   51   51   45   45   45   39
   39   45   45   51  281  842  842  842 9999                                   
    50.0 -60.0  60.0   5.0 350.0                            LAT/LON1/LON2/DLON/H
 9999 9999  842  842  842 9999  842  842   67   51   45   45   45   45   45   45
   39   45   45  281  842  842  842  842 9999                                   
    45.0 -60.0  60.0   5.0 350.0                            LAT/LON1/LON2/DLON/H
 9999 9999  842  842  842  842  281   84  281   51   45   45   45   45   45   39
   39   45   45   67   84  842  842 9999 9999                                   
    40.0 -60.0  60.0   5.0 350.0                            LAT/LON1/LON2/DLON/H
 9999 9999  842  842  842  281  112   84   51   45   45   45   39   39   39   39
   39   39   39   45   51  842  842 9999 9999                                   
