70_EGNOS_Project/core/files/DebugFiles/y2019_d101_136.ion
     1.0            IONOSPHERE MAPS     GPS                 IONEX VERSION / TYPE
GINA 1.0            GINA Project        16-04-2019 06:20:17 PGM / RUN BY / DATE 
TEC values in 10e-1 [TEC] 9999, if no value available       COMMENT             
Infrastructure: Robert Bosch Kft., Budapest                 DESCRIPTION         
Creator: Balazs Lupsic                                      DESCRIPTION         
Contact adress: balazs.lupsic@hu.bosch.com                  DESCRIPTION         
Contact adress: balazs.lupsic@gmail.com                     DESCRIPTION         
  2019     4    11     0     0     0                        EPOCH OF FIRST MAP  
  2019     4    11     9     0     0                        EPOCH OF LAST MAP   
  3600                                                      INTERVAL            
    10                                                      # OF MAPS IN FILE   
   TBD                                                      MAPPING FUNCTION    
     0.0                                                    ELEVATION CUTOFF    
TEC is obtained from EGNOS                                  OBSERVABLES USED    
  6371.4                                                    BASE RADIUS         
     2                                                      MAP DIMENSION       
   350.0 350.0   0.0                                        HGT1 / HGT2 / DHGT  
    90.0  10.0  -5.0                                        LAT1 / LAT2 / DLAT  
   -60.0  60.0   5.0                                        LON1 / LON2 / DLON  
    -1                                                      EXPONENT            
                                                            END OF HEADER       
[from data line 432]
     4                                                      START OF TEC MAP    
  2019     4    11     4     0     0                        EPOCH OF CURRENT MAP
    90.0 -60.0  60.0   5.0 350.0                            LAT/LON1/LON2/DLON/H
 9999 9999 9999 9999 9999 9999 9999 9999 9999 9999 9999 9999 9999 9999 9999 9999
 9999 9999 9999 9999 9999 9999 9999 9999 9999                                   
    85.0 -60.0  60.0   5.0 350.0                            LAT/LON1/LON2/DLON/H
   54 9999 9999 9999 9999 9999   46 9999 9999 9999 9999 9999   38 9999 9999 9999
 9999 9999   38 9999 9999 9999 9999 9999   38                                   
    80.0 -60.0  60.0   5.0 350.0                            LAT/LON1/LON2/DLON/H
 9999 9999 9999 9999 9999 9999 9999 9999 9999 9999 9999 9999 9999 9999 9999 9999
 9999 9999 9999 9999 9999 9999 9999 9999 9999                                   
    75.0 -60.0  60.0   5.0 350.0                            LAT/LON1/LON2/DLON/H
   38 9999   38 9999   23 9999   23 9999   31 9999   38 9999   31 9999   31 9999
   31 9999   31 9999   38 9999   46 9999   54                                   
    70.0 -60.0  60.0   5.0 350.0                            LAT/LON1/LON2/DLON/H
   54 9999   54 9999   46 9999   54 9999   54 9999   46 9999   31 9999   31 9999
   31 9999   31 9999   38 9999   46 9999   62                                   
    65.0 -60.0  60.0   5.0 350.0                            LAT/LON1/LON2/DLON/H
 9999 9999   62 9999   62 9999   54 9999   46 9999   38 9999   23 9999   23 9999
   23 9999   31 9999   46 9999   62 9999  100                                   
    60.0 -60.0  60.0   5.0 350.0                            LAT/LON1/LON2/DLON/H
 9999   54   54   62   62   38   38   31   31   23   23   23   23   23   23   23
   23   31   31   38   46   62   85  108 9999                                   
    55.0 -60.0  60.0   5.0 350.0                            LAT/LON1/LON2/DLON/H
 9999   31   46   46   38   54   23   23   23   23   23   23   23   23   23   23
   31   38   46   54   62   69   92 9999 9999                                   
    50.0 -60.0  60.0   5.0 350.0                            LAT/LON1/LON2/DLON/H
 9999 9999   31   38   62 9999 9999   23   23   23   23   23   31   31   31   38
   46   54   62   54   62   62   69 9999 9999                                   
    45.0 -60.0  60.0   5.0 350.0                            LAT/LON1/LON2/DLON/H
 9999 9999   46   62   38   54   54   23   31   31   38   38   38   46   46   46
   54   54   54   54   46   46   54 9999 9999                                   
    40.0 -60.0  60.0   5.0 350.0                            LAT/LON1/LON2/DLON/H
 9999 9999   69   77   46   46   46   46   46   46   46   46   46   46   46   54
   46   54   54   62   69   85   85 9999 9999                                   
    35.0 -60.0  60.0   5.0 350.0                            LAT/LON1/LON2/DLON/H
 9999 9999 9999 9999 9999   62   54   54   54   54   54   62   62   62   62   62
   62   62   69   77   92  100 9999 9999 9999                                   
    30.0 -60.0  60.0   5.0 350.0                            LAT/LON1/LON2/DLON/H
 9999 9999 9999 9999 9999   46   54   62   62   54   54   62   69   69   62   46
   54   62   69   69   77  154 9999 9999 9999                                   
    25.0 -60.0  60.0   5.0 350.0                            LAT/LON1/LON2/DLON/H
 9999 9999 9999 9999 9999   62   54   62   62   54   38   62   62   54   54   38
   38   54   62   69   85  108 9999 9999 9999                                   
    20.0 -60.0  60.0   5.0 350.0                            LAT/LON1/LON2/DLON/H
 9999 9999 9999 9999 9999 9999 9999   62   62   69   54   46   54   54   46   38
   31   38   54   62   92 9999 9999 9999 9999                                   
    15.0 -60.0  60.0   5.0 350.0                            LAT/LON1/LON2/DLON/H
 9999 9999 9999 9999 9999 9999 9999   69   54   62   62   69   62 9999 9999   54
   46   31   31   62   69 9999 9999 9999 9999                                   
    10.0 -60.0  60.0   5.0 350.0                            LAT/LON1/LON2/DLON/H
 9999 9999 9999 9999 9999 9999 9999   62   46   38   54 9999 9999 9999 9999 9999
 9999 9999 9999 9999 9999 9999 9999 9999 9999                                   
     4                                                      END OF TEC MAP      
     4                                                      START OF RMS MAP    
  2019     4    11     4     0     0                        EPOCH OF CURRENT MAP
    90.0 -60.0  60.0   5.0 350.0                            LAT/LON1/LON2/DLON/H
 9999 9999 9999 9999 9999 9999 9999 9999 9999 9999 9999 9999 9999 9999 9999 9999
 9999 9999 9999 9999 9999 9999 9999 9999 9999                                   
    85.0 -60.0  60.0   5.0 350.0                            LAT/LON1/LON2/DLON/H
  842 9999 9999 9999 9999 9999  842 9999 9999 9999 9999 9999  112 9999 9999 9999
 9999 9999  281 9999 9999 9999 9999 9999  842                                   
    80.0 -60.0  60.0   5.0 350.0                            LAT/LON1/LON2/DLON/H
 9999 9999 9999 9999 9999 9999 9999 9999 9999 9999 9999 9999 9999 9999 9999 9999
 9999 9999 9999 9999 9999 9999 9999 9999 9999                                   
    75.0 -60.0  60.0   5.0 350.0                            LAT/LON1/LON2/DLON/H
  842 9999  842 9999  842 9999  281 9999   84 9999   56 9999   51 9999   45 9999
   45 9999   45 9999   45 9999   67 9999  281                                   
    70.0 -60.0  60.0   5.0 350.0                            LAT/LON1/LON2/DLON/H
  842 9999  842 9999  842 9999  112 9999   67 9999   56 9999   51 9999   45 9999
   45 9999   39 9999   45 9999   84 9999  842                                   
    65.0 -60.0  60.0   5.0 350.0                            LAT/LON1/LON2/DLON/H
 9999 9999  842 9999  281 9999   67 9999   51 9999   45 9999   45 9999   45 9999
   39 9999   39 9999   45 9999  281 9999  842                                   
    60.0 -60.0  60.0   5.0 350.0                            LAT/LON1/LON2/DLON/H
 9999  842  842  842  842  281   84   67   56   56   45   45   45   45   45   45
   45   45   39   39   51  281  842  842 9999                                   
    55.0 -60.0  60.0   5.0 350.0                            LAT/LON1/LON2/DLON/H
 9999  842  842  842  842  842  842  281   67   67   51   45   45   45   45   45
   45   45   45   51   67  842  842 9999 9999                                   
    50.0 -60.0  60.0   5.0 350.0                            LAT/LON1/LON2/DLON/H
 9999 9999  842  842  842 9999 9999  842  842   67   51   45   45   45   45   45
   45   45   51   51  281  842  842 9999 9999                                   
    45.0 -60.0  60.0   5.0 350.0                            LAT/LON1/LON2/DLON/H
 9999 9999  842  842  842  842   84   84  112   56   45   45   45   45   45   45
   45   45   45   51   67  842  842 9999 9999                                   
    40.0 -60.0  60.0   5.0 350.0                            LAT/LON1/LON2/DLON/H
 9999 9999  842  842  842  112   67   84   51   45   45   45   45   45   39   45
   45   39   39   45   56  281  842 9999 9999                                   
    35.0 -60.0  60.0   5.0 350.0                            LAT/LON1/LON2/DLON/H
 9999 9999 9999 9999 9999   84   56   45   39   45   45   45   45   45   45   45
   39   45   45   45   51  842 9999 9999 9999                                   
    30.0 -60.0  60.0   5.0 350.0                            LAT/LON1/LON2/DLON/H
 9999 9999 9999 9999 9999  842   67   45   39   45   45   56   56  281   67   51
   51   45   45   51   84  842 9999 9999 9999                                   
    25.0 -60.0  60.0   5.0 350.0                            LAT/LON1/LON2/DLON/H
 9999 9999 9999 9999 9999  842  281   45   45   45   51  281  842  842  842  842
  281   67   51   56  281  842 9999 9999 9999                                   
    20.0 -60.0  60.0   5.0 350.0                            LAT/LON1/LON2/DLON/H
 9999 9999 9999 9999 9999 9999 9999  281   45   45   67  842  281  842  842  842
  842  281   84   67  281 9999 9999 9999 9999                                   
    15.0 -60.0  60.0   5.0 350.0                            LAT/LON1/LON2/DLON/H
 9999 9999 9999 9999 9999 9999 9999  842   67   56  281  281  842 9999 9999  842
  842  842  281  281  842 9999 9999 9999 9999                                   
    10.0 -60.0  60.0   5.0 350.0                            LAT/LON1/LON2/DLON/H
 9999 9999 9999 9999 9999 9999 9999  842  842  281  842 9999 9999 9999 9999 9999
 9999 9999 9999 9999 9999 9999 9999 9999 9999                                   
     4                                                      END OF RMS MAP      
     5                                                      START OF TEC MAP    
  2019     4    11     5     0     0                        EPOCH OF CURRENT MAP
    90.0 -60.0  60.0   5.0 350.0                            LAT/LON1/LON2/DLON/H
 9999 9999 9999 9999 9999 9999 9999 9999 9999 9999 9999 9999 9999 9999 9999 9999
 9999 9999 9999 9999 9999 9999 9999 9999 9999                                   
    85.0 -60.0  60.0   5.0 350.0                            LAT/LON1/LON2/DLON/H
   54 9999 9999 9999 9999 9999   69 9999 9999 9999 9999 9999   77 9999 9999 9999
 9999 9999   85 9999 9999 9999 9999 9999   38                                   
    80.0 -60.0  60.0   5.0 350.0                            LAT/LON1/LON2/DLON/H
 9999 9999 9999 9999 9999 9999 9999 9999 9999 9999 9999 9999 9999 9999 9999 9999
 9999 9999 9999 9999 9999 9999 9999 9999 9999                                   
    75.0 -60.0  60.0   5.0 350.0                            LAT/LON1/LON2/DLON/H
   38 9999   38 9999   46 9999   46 9999   46 9999   46 9999   46 9999   46 9999
   46 9999   46 9999   46 9999   62 9999   77                                   
    70.0 -60.0  60.0   5.0 350.0                            LAT/LON1/LON2/DLON/H
   54 9999   38 9999   38 9999   38 9999   46 9999   46 9999   46 9999   46 9999
   46 9999   54 9999   54 9999   69 9999   92                                   
    65.0 -60.0  60.0   5.0 350.0                            LAT/LON1/LON2/DLON/H
 9999 9999   62 9999   54 9999   46 9999   46 9999   38 9999   31 9999   23 9999
   31 9999   54 9999   62 9999   77 9999   77                                   
    60.0 -60.0  60.0   5.0 350.0                            LAT/LON1/LON2/DLON/H
 9999   54   54   46   85   69   54   46   38   31   23   23   23   23   23   31
   31   46   46   46   54   62   69   85 9999                                   
    55.0 -60.0  60.0   5.0 350.0                            LAT/LON1/LON2/DLON/H
 9999   31   46   54   38   23   23   23   31   31   23   23   23   23   31   38
   38   46   46   46   46   46   92 9999 9999                                   
    50.0 -60.0  60.0   5.0 350.0                            LAT/LON1/LON2/DLON/H
 9999 9999   31   38   23 9999   23   23   38   38   31   23   23   31   38   38
   38   46   46   54   46   62   69 9999 9999                                   
    45.0 -60.0  60.0   5.0 350.0                            LAT/LON1/LON2/DLON/H
 9999 9999   46   31   38   23   23   31   38   46   38   31   31   38   46   46
   54   54   62   62   62   69   54 9999 9999                                   
    40.0 -60.0  60.0   5.0 350.0                            LAT/LON1/LON2/DLON/H
 9999 9999   69   54   46   46   54   46   38   46   46   38   46   46   54   62
   69   69   77   77   77   62   85 9999 9999                                   
    35.0 -60.0  60.0   5.0 350.0                            LAT/LON1/LON2/DLON/H
 9999 9999   54   62   69   62   62   46   46   46   46   54   54   62   62   69
   77   85   85   85   92   92 9999 9999 9999                                   
    30.0 -60.0  60.0   5.0 350.0                            LAT/LON1/LON2/DLON/H
 9999 9999 9999 9999 9999   46   54   54   54   54   46   54   62   62   62   69
   77   85   92  100  139   85 9999 9999 9999                                   
    25.0 -60.0  60.0   5.0 350.0                            LAT/LON1/LON2/DLON/H
 9999 9999 9999 9999 9999   62   54   62   54   38   38   46   62   62   62   69
   77   85   85  100  131  100 9999 9999 9999                                   
    20.0 -60.0  60.0   5.0 350.0                            LAT/LON1/LON2/DLON/H
 9999 9999 9999 9999 9999 9999 9999   62   62   46   38   62   54   54   46   62
   69   69   77   92  123 9999 9999 9999 9999                                   
    15.0 -60.0  60.0   5.0 350.0                            LAT/LON1/LON2/DLON/H
 9999 9999 9999 9999 9999 9999 9999   54   54   69   69   69   62 9999 9999   54
   46   62   77   92   69 9999 9999 9999 9999                                   
    10.0 -60.0  60.0   5.0 350.0                            LAT/LON1/LON2/DLON/H
 9999 9999 9999 9999 9999 9999 9999   62   38   46   54 9999 9999 9999 9999 9999
 9999 9999 9999 9999 9999 9999 9999 9999 9999                                   
     5                                                      END OF TEC MAP      
     5                                                      START OF RMS MAP    
  2019     4    11     5     0     0                        EPOCH OF CURRENT MAP
    90.0 -60.0  60.0   5.0 350.0                            LAT/LON1/LON2/DLON/H
 9999 9999 9999 9999 9999 9999 9999 9999 9999 9999 9999 9999 9999 9999 9999 9999
 9999 9999 9999 9999 9999 9999 9999 9999 9999                                   
    85.0 -60.0  60.0   5.0 350.0                            LAT/LON1/LON2/DLON/H
  842 9999 9999 9999 9999 9999  842 9999 9999 9999 9999 9999  842 9999 9999 9999
 9999 9999  842 9999 9999 9999 9999 9999  842                                   
    80.0 -60.0  60.0   5.0 350.0                            LAT/LON1/LON2/DLON/H
 9999 9999 9999 9999 9999 9999 9999 9999 9999 9999 9999 9999 9999 9999 9999 9999
 9999 9999 9999 9999 9999 9999 9999 9999 9999                                   
    75.0 -60.0  60.0   5.0 350.0                            LAT/LON1/LON2/DLON/H
  842 9999  842 9999  842 9999  112 9999   67 9999   67 9999   51 9999   45 9999
   45 9999   45 9999   45 9999   56 9999  112                                   
    70.0 -60.0  60.0   5.0 350.0                            LAT/LON1/LON2/DLON/H
  842 9999  842 9999  281 9999   67 9999   51 9999   45 9999   45 9999   45 9999
   45 9999   45 9999   45 9999   56 9999  112                                   
    65.0 -60.0  60.0   5.0 350.0                            LAT/LON1/LON2/DLON/H
 9999 9999  842 9999  281 9999   67 9999   51 9999   45 9999   39 9999   39 9999
   39 9999   39 9999   45 9999   84 9999  842                                   
    60.0 -60.0  60.0   5.0 350.0                            LAT/LON1/LON2/DLON/H
 9999  842  842  842  842  112   84   56   51   45   45   45   45   39   39   39
   39   39   39   45   51   67  842  842 9999                                   
    55.0 -60.0  60.0   5.0 350.0                            LAT/LON1/LON2/DLON/H
 9999  842  842  842  842  842  842  112   67   67   56   51   45   45   39   39
   39   39   39   45   51  842  842 9999 9999                                   
    50.0 -60.0  60.0   5.0 350.0                            LAT/LON1/LON2/DLON/H
 9999 9999  842  842  842 9999  842  281   67   67   56   51   45   45   45   45
   45   45   45   56  842  842  842 9999 9999                                   
    45.0 -60.0  60.0   5.0 350.0                            LAT/LON1/LON2/DLON/H
 9999 9999  842  842  842  842  281   67   67   51   51   51   45   45   39   45
   45   45   45   45  112  842  842 9999 9999                                   
    40.0 -60.0  60.0   5.0 350.0                            LAT/LON1/LON2/DLON/H
 9999 9999  842  842  281  281   84   51   45   45   45   45   45   45   39   39
   45   45   45   45   67  842  842 9999 9999                                   
